NAME : ./data/ESPPRC - Test Instances/E-n76-k8_a.simplified-vrp
SIZE : 77
DIRECTED : 1
CYCLIC : 1
ORIGIN : 0
DESTINATION : 76
RESOURCES : 1
RES_NAMES : 0
RES_TYPE
0 CAP
END
RES_BOUND
0 0 180
END
EDGE_COST
0 1 15586
0 2 7096
0 3 13087
0 4 365
0 5 14686
0 6 2676
0 7 9738
0 8 8332
0 9 12962
0 10 15367
0 11 12548
0 12 6927
0 13 15247
0 14 15668
0 15 18018
0 16 11048
0 17 1763
0 18 25241
0 19 14041
0 20 24769
0 21 12703
0 22 20060
0 23 21860
0 24 14006
0 25 22041
0 26 717
0 27 10579
0 28 12112
0 29 14344
0 30 8347
0 31 8957
0 32 12200
0 33 9924
0 34 4975
0 35 12747
0 36 23627
0 37 23119
0 38 14123
0 39 13946
0 40 2332
0 41 30021
0 42 29228
0 43 22193
0 44 11366
0 45 8590
0 46 5118
0 47 18721
0 48 12506
0 49 18601
0 50 19618
0 51 8674
0 52 7722
0 53 13409
0 54 10391
0 55 23857
0 56 19901
0 57 18095
0 58 13058
0 59 11855
0 60 34338
0 61 17573
0 62 14415
0 63 13648
0 64 17651
0 65 23987
0 66 19378
0 67 -171
0 68 5455
0 69 24716
0 70 32302
0 71 33939
0 72 16352
0 73 16255
0 74 15038
0 75 -939
1 2 7096
1 3 16462
1 4 19714
1 5 22747
1 6 9735
1 7 35194
1 8 32745
1 9 26577
1 10 36906
1 11 37596
1 12 26624
1 13 34745
1 14 41016
1 15 30865
1 16 5668
1 17 18298
1 18 26756
1 19 38339
1 20 32720
1 21 9178
1 22 -505
1 23 3005
1 24 6677
1 25 31096
1 26 25244
1 27 29538
1 28 1915
1 29 26170
1 30 15407
1 31 26594
1 32 20996
1 33 182
1 34 28262
1 35 37997
1 36 24697
1 37 29742
1 38 37803
1 39 30418
1 40 17310
1 41 4966
1 42 3789
1 43 -2989
1 44 16769
1 45 23568
1 46 29166
1 47 20657
1 48 17909
1 49 9398
1 50 24649
1 51 16014
1 52 29357
1 53 38841
1 54 32219
1 55 30908
1 56 -982
1 57 33207
1 58 35106
1 59 37217
1 60 36766
1 61 4599
1 62 300
1 63 -467
1 64 -6976
1 65 47934
1 66 44176
1 67 24924
1 68 17591
1 69 20640
1 70 37245
1 71 34833
1 72 35898
1 73 1024
1 74 13149
1 75 19492
1 76 23383
2 1 4690
2 3 17647
2 4 6022
2 5 9611
2 6 2000
2 7 23381
2 8 19391
2 9 23843
2 10 29567
2 11 26775
2 12 19864
2 13 20200
2 14 28325
2 15 16892
2 16 9660
2 17 11949
2 18 30716
2 19 24691
2 20 20310
2 21 672
2 22 6047
2 23 15555
2 24 14485
2 25 31284
2 26 15250
2 27 15040
2 28 -2353
2 29 11905
2 30 1029
2 31 22098
2 32 20410
2 33 2560
2 34 14774
2 35 25329
2 36 14604
2 37 17504
2 38 28682
2 39 26110
2 40 12929
2 41 19418
2 42 17346
2 43 11493
2 44 17377
2 45 9008
2 46 15870
2 47 9599
2 48 4890
2 49 17363
2 50 26556
2 51 12394
2 52 15213
2 53 27096
2 54 17810
2 55 32539
2 56 12756
2 57 18934
2 58 27292
2 59 24426
2 60 26680
2 61 3339
2 62 539
2 63 7779
2 64 4337
2 65 38538
2 66 33710
2 67 12802
2 68 5455
2 69 13430
2 70 26057
2 71 25259
2 72 29751
2 73 4859
2 74 2249
2 75 7766
2 76 12487
3 1 13152
3 2 16743
3 4 19294
3 5 31888
3 6 9735
3 7 25024
3 8 26521
3 9 4227
3 10 17687
3 11 22839
3 12 10076
3 13 34888
3 14 30585
3 15 36880
3 16 632
3 17 5743
3 18 6634
3 19 31742
3 20 42643
3 21 24816
3 22 22034
3 23 10198
3 24 -4988
3 25 8215
3 26 14659
3 27 30159
3 28 19799
3 29 32264
3 30 23098
3 31 4422
3 32 -1942
3 33 8883
3 34 24403
3 35 29085
3 36 38625
3 37 40307
3 38 20619
3 39 9078
3 40 -1514
3 41 23197
3 42 24734
3 43 16779
3 44 -6250
3 45 27098
3 46 24088
3 47 33520
3 48 28015
3 49 1932
3 50 2466
3 51 7629
3 52 27314
3 53 26793
3 54 29546
3 55 8744
3 56 7739
3 57 37456
3 58 17265
3 59 25991
3 60 50485
3 61 25124
3 62 18625
3 63 6320
3 64 15086
3 65 30652
3 66 28143
3 67 18631
3 68 18984
3 69 37573
3 70 49329
3 71 49286
3 72 16254
3 73 17479
3 74 26439
3 75 16677
3 76 17574
4 1 16550
4 2 5264
4 3 19440
4 5 7714
4 6 5498
4 7 11407
4 8 6663
4 9 19971
4 10 20768
4 11 15016
4 12 13712
4 13 9686
4 14 15668
4 15 11063
4 16 15653
4 17 8701
4 18 32032
4 19 12033
4 20 17697
4 21 7431
4 22 18715
4 23 25188
4 24 19703
4 25 29110
4 26 6339
4 27 4474
4 28 9068
4 29 7307
4 30 3249
4 31 15173
4 32 19202
4 33 12045
4 34 2046
4 35 12747
4 36 17092
4 37 16103
4 38 18261
4 39 20740
4 40 9403
4 41 31376
4 42 29779
4 43 23424
4 44 18045
4 45 1519
4 46 3158
4 47 12411
4 48 6208
4 49 23666
4 50 26556
4 51 14121
4 52 3067
4 53 14903
4 54 6176
4 55 30928
4 56 23001
4 57 11458
4 58 18553
4 59 11724
4 60 27430
4 61 13703
4 62 13267
4 63 16782
4 64 17065
4 65 27719
4 66 22040
4 67 1444
4 68 5455
4 69 18754
4 70 25276
4 71 27220
4 72 22662
4 73 16734
4 74 10849
4 75 1446
4 76 4998
5 1 23191
5 2 12461
5 3 35642
5 4 11322
5 6 19533
5 7 26010
5 8 17521
5 9 37961
5 10 37751
5 11 28393
5 12 31736
5 13 9239
5 14 25521
5 15 -1123
5 16 29209
5 17 26259
5 18 48767
5 19 19494
5 20 529
5 21 -1554
5 22 19479
5 23 35196
5 24 34096
5 25 46937
5 26 24164
5 27 8424
5 28 7993
5 29 2613
5 30 7445
5 31 32775
5 32 36665
5 33 22484
5 34 15591
5 35 24719
5 36 571
5 37 -1826
5 38 33887
5 39 38755
5 40 27241
5 41 36891
5 42 33606
5 43 29316
5 44 34795
5 45 5628
5 46 16299
5 47 -1134
5 48 -1039
5 49 37145
5 50 43750
5 51 29831
5 52 11608
5 53 27737
5 54 7559
5 55 48699
5 56 31993
5 57 2124
5 58 35778
5 59 19923
5 60 9429
5 61 6940
5 62 17054
5 63 27688
5 64 17359
5 65 42613
5 66 35181
5 67 18610
5 68 19576
5 69 4116
5 70 7350
5 71 9638
5 72 40457
5 73 23923
5 74 10038
5 75 18733
5 76 22927
6 1 6409
6 2 1080
6 3 9719
6 4 5336
6 5 15763
6 7 18941
6 8 17118
6 9 15323
6 10 22124
6 11 21406
6 12 11961
6 13 21703
6 14 24879
6 15 21491
6 16 3798
6 17 3701
6 18 22913
6 19 22834
6 20 26587
6 21 9115
6 22 11782
6 23 13279
6 24 8384
6 25 22799
6 26 9056
6 27 16424
6 28 5708
6 29 16521
6 30 6835
6 31 13897
6 32 11950
6 33 722
6 34 13003
6 35 21922
6 36 22411
6 37 24118
6 38 22125
6 39 17758
6 40 4469
6 41 20805
6 42 20066
6 43 12975
6 44 9189
6 45 11912
6 46 13636
6 47 17290
6 48 11739
6 49 11908
6 50 18361
6 51 4032
6 52 14958
6 53 22565
6 54 18085
6 55 24151
6 56 11199
6 57 22674
6 58 19984
6 59 21070
6 60 34210
6 61 11499
6 62 6372
6 63 4888
6 64 8771
6 65 32176
6 66 28087
6 67 8866
6 68 3274
6 69 21835
6 70 33083
6 71 33063
6 72 21813
6 73 7301
6 74 10690
6 75 3677
6 76 7147
7 1 29728
7 2 20321
7 3 22868
7 4 9105
7 5 20100
7 6 16801
7 8 -408
7 9 14993
7 10 8235
7 11 -796
7 12 9877
7 13 11895
7 14 1757
7 15 19451
7 16 23834
7 17 11729
7 18 31792
7 19 2798
7 20 27394
7 21 22891
7 22 33748
7 23 35252
7 24 24436
7 25 24646
7 26 4483
7 27 11187
7 28 24759
7 29 19988
7 30 19029
7 31 4051
7 32 18156
7 33 24010
7 34 4975
7 35 -281
7 36 30721
7 37 27504
7 38 3476
7 39 13946
7 40 8190
7 41 44115
7 42 43369
7 43 36314
7 44 19819
7 45 14448
7 46 2000
7 47 26795
7 48 20959
7 49 30380
7 50 25447
7 51 21336
7 52 6229
7 53 -661
7 54 2607
7 55 26152
7 56 33345
7 57 17376
7 58 7200
7 59 -2151
7 60 39154
7 61 29513
7 62 28110
7 63 27343
7 64 31648
7 65 12364
7 66 6230
7 67 3878
7 68 18984
7 69 33353
7 70 36015
7 71 40005
7 72 13764
7 73 30352
7 74 26661
7 75 12462
7 76 12069
8 1 30354
8 2 19406
8 3 27440
8 4 7436
8 5 14686
8 6 18053
8 7 2667
8 9 21563
8 10 15174
8 11 3393
8 12 15725
8 13 4893
8 14 1757
8 15 12951
8 16 26803
8 17 15724
8 18 37652
8 19 -1752
8 20 20893
8 21 19246
8 22 32832
8 23 37645
8 24 28912
8 25 31284
8 26 8670
8 27 5424
8 28 22825
8 29 15140
8 30 16501
8 31 11054
8 32 23952
8 33 25241
8 34 2046
8 35 -281
8 36 25535
8 37 21517
8 38 9669
8 39 20740
8 40 13685
8 41 45099
8 42 43765
8 43 37175
8 44 24882
8 45 10259
8 46 -1062
8 47 22209
8 48 16890
8 49 34096
8 50 31421
8 51 24312
8 52 651
8 53 2737
8 54 -3979
8 55 32909
8 56 35663
8 57 10508
8 58 14271
8 59 -2357
8 60 33047
8 61 26721
8 62 27409
8 63 29366
8 64 31208
8 65 17859
8 66 10217
8 67 4884
8 68 18984
8 69 28657
8 70 29672
8 71 34314
8 72 20736
8 73 30639
8 74 24193
8 75 13061
8 76 13738
9 1 27346
9 2 27018
9 3 8306
9 4 23904
9 5 38286
9 6 19418
9 7 21228
9 8 24723
9 10 5019
9 11 13007
9 12 6886
9 13 35953
9 14 23921
9 15 41025
9 16 15169
9 17 10254
9 18 7618
9 19 28275
9 20 48207
9 21 34804
9 22 35646
9 23 24913
9 24 5709
9 25 -905
9 26 14483
9 27 32712
9 28 31529
9 29 37917
9 30 31150
9 31 -10431
9 32 -2793
9 33 22120
9 34 25585
9 35 25083
9 36 46957
9 37 46709
9 38 9333
9 39 -4292
9 40 -1961
9 41 38058
9 42 39484
9 43 31534
9 44 2833
9 45 32091
9 46 24170
9 47 41915
9 48 35799
9 49 15769
9 50 1338
9 51 17853
9 52 28580
9 53 19806
9 54 28149
9 55 847
9 56 22185
9 57 40365
9 58 7094
9 59 17719
9 60 57922
9 61 37274
9 62 31259
9 63 20901
9 64 29748
9 65 18765
9 66 16758
9 67 19939
9 68 26811
9 69 47361
9 70 55886
9 71 57399
9 72 4791
9 73 30653
9 74 36475
9 75 22138
9 76 21528
10 1 37669
10 2 32736
10 3 21760
10 4 24695
10 5 38070
10 6 26213
10 7 14464
10 8 18328
10 9 5013
10 11 -1574
10 12 10655
10 13 30699
10 14 11635
10 15 38228
10 16 27143
10 17 16788
10 18 22928
10 19 19057
10 20 46137
10 21 38559
10 22 44464
10 23 38277
10 24 21094
10 25 11886
10 26 14659
10 27 29765
10 28 37846
10 29 37666
10 30 34141
10 31 -14697
10 32 12200
10 33 31680
10 34 22832
10 35 16651
10 36 48244
10 37 45884
10 38 -5803
10 39 3247
10 40 7058
10 41 50222
10 42 50856
10 43 43076
10 44 16923
10 45 31811
10 46 20339
10 47 43766
10 48 37596
10 49 30128
10 50 16862
10 51 26784
10 52 24885
10 53 8230
10 54 20169
10 55 11696
10 56 36002
10 57 36242
10 58 -942
10 59 3503
10 60 57554
10 61 43472
10 62 39128
10 63 32470
10 64 40563
10 65 3134
10 66 1171
10 67 18959
10 68 31236
10 69 50154
10 70 54632
10 71 58005
10 72 3546
10 73 39605
10 74 41038
10 75 25061
10 76 23927
11 1 44333
11 2 35918
11 3 32886
11 4 24917
11 5 34686
11 6 31469
11 7 11407
11 8 12521
11 9 18975
11 10 4400
11 12 19257
11 13 23492
11 14 -1505
11 15 32408
11 16 36320
11 17 24115
11 18 37227
11 19 9017
11 20 40172
11 21 38559
11 22 49186
11 23 47964
11 24 33672
11 25 26812
11 26 18235
11 27 25424
11 28 40521
11 29 35020
11 30 34833
11 31 -1750
11 32 25110
11 33 38348
11 34 20470
11 35 9719
11 36 45530
11 37 41352
11 38 -4741
11 39 17080
11 40 17345
11 41 58230
11 42 57974
11 43 50611
11 44 28763
11 45 29803
11 46 17283
11 47 42044
11 48 36443
11 49 41304
11 50 30936
11 51 34399
11 52 20599
11 53 -1263
11 54 10205
11 55 26708
11 56 45992
11 57 29211
11 58 8869
11 59 -11531
11 60 52731
11 61 45323
11 62 43532
11 63 40784
11 64 46750
11 65 -565
11 66 -9577
11 67 19524
11 68 34410
11 69 48558
11 70 49123
11 71 54247
11 72 16352
11 73 45288
11 74 42472
11 75 27826
11 76 27082
12 1 21910
12 2 17556
12 3 8672
12 4 12162
12 5 26578
12 6 10573
12 7 10629
12 8 13402
12 9 1403
12 10 5178
12 11 7806
12 13 24071
12 14 15524
12 15 28999
12 16 12150
12 17 981
12 18 16831
12 19 17798
12 20 36269
12 21 24459
12 22 28697
12 23 23717
12 24 9990
12 25 11003
12 26 2444
12 27 20673
12 28 22597
12 29 26137
12 30 20278
12 31 -2833
12 32 3149
12 33 15890
12 34 13576
12 35 14744
12 36 35709
12 37 34932
12 38 6406
12 39 1881
12 40 -6711
12 41 34835
12 42 35218
12 43 27519
12 44 5068
12 45 20255
12 46 12296
12 47 30795
12 48 24586
12 49 16950
12 50 10552
12 51 11045
12 52 16602
12 53 11618
12 54 16898
12 55 12832
12 56 21688
12 57 28336
12 58 3354
12 59 10772
12 60 46298
12 61 28350
12 62 23455
12 63 17094
12 64 24799
12 65 16571
12 66 13557
12 67 7898
12 68 16423
12 69 36689
12 70 44080
12 71 45998
12 72 4736
12 73 23799
12 74 26439
12 75 10927
12 76 10010
13 1 32189
13 2 20050
13 3 35642
13 4 10294
13 5 6239
13 6 22473
13 7 14805
13 8 4728
13 9 32628
13 10 27380
13 11 14199
13 12 26229
13 14 9865
13 15 1815
13 16 32644
13 17 24065
13 18 47364
13 19 3632
13 20 9377
13 21 13833
13 22 31836
13 23 41953
13 24 36449
13 25 42334
13 26 18341
13 27 1495
13 28 20612
13 29 9359
13 30 15053
13 31 23249
13 32 33859
13 33 28617
13 34 7975
13 35 11272
13 36 16770
13 37 11203
13 38 21635
13 39 32193
13 40 23531
13 41 46927
13 42 44637
13 43 39006
13 44 33762
13 45 7448
13 46 6976
13 47 15119
13 48 11689
13 49 40620
13 50 41414
13 51 30871
13 52 2124
13 53 13824
13 54 -8818
13 55 44113
13 56 39625
13 57 -1539
13 58 26360
13 59 3519
13 60 22135
13 61 22288
13 62 27395
13 63 33584
13 64 30397
13 65 29364
13 66 20479
13 67 12829
13 68 22258
13 69 20595
13 70 18366
13 71 24264
13 72 32533
13 73 32327
13 74 21665
13 75 18152
13 76 20488
14 1 43281
14 2 32996
14 3 36160
14 4 21097
14 5 27342
14 6 30470
14 7 9488
14 8 6413
14 9 25417
14 10 13137
14 11 -5977
14 12 22503
14 13 14686
14 15 23815
14 16 37697
14 17 25481
14 18 43364
14 19 -368
14 20 31185
14 21 32947
14 22 46497
14 23 49144
14 24 37624
14 25 34340
14 26 18341
14 27 18466
14 28 36689
14 29 28478
14 30 30388
14 31 8208
14 32 30196
14 33 37727
14 34 15784
14 35 4618
14 36 38197
14 37 33151
14 38 4690
14 39 23725
14 40 20947
14 41 57817
14 42 56861
14 43 49969
14 44 32726
14 45 23995
14 46 12539
14 47 35476
14 48 30516
14 49 44018
14 50 36947
14 51 35219
14 52 14196
14 53 -2263
14 54 135
14 55 35031
14 56 47237
14 57 20067
14 58 15262
14 59 -15934
14 60 44109
14 61 40584
14 62 40972
14 63 41217
14 64 44732
14 65 10056
14 66 -1046
14 67 17116
14 68 32116
14 69 41695
14 70 40234
14 71 46200
14 72 22902
14 73 43743
14 74 38084
14 75 25793
14 76 25730
15 1 30180
15 2 18613
15 3 39505
15 4 13542
15 5 -2252
15 6 24132
15 7 24232
15 8 14657
15 9 39571
15 10 36780
15 11 24986
15 12 33028
15 13 3686
15 14 20865
15 16 34352
15 17 28929
15 18 52266
15 19 14632
15 20 -1231
15 21 6503
15 22 27289
15 23 41632
15 24 39059
15 25 49007
15 26 25048
15 27 6631
15 28 15757
15 29 6103
15 30 13134
15 31 32388
15 32 39402
15 33 28466
15 34 14975
15 35 21645
15 36 6646
15 37 323
15 38 31795
15 39 39751
15 40 29421
15 41 44274
15 42 41211
15 43 36574
15 44 38258
15 45 7864
15 46 15033
15 47 6795
15 48 6208
15 49 42453
15 50 46795
15 51 33878
15 52 9705
15 53 24471
15 54 1092
15 55 50857
15 56 38748
15 57 -5840
15 58 35248
15 59 14228
15 60 11171
15 61 14962
15 62 24303
15 63 33713
15 64 25334
15 65 39903
15 66 31403
15 67 19203
15 68 23807
15 69 10677
15 70 7563
15 71 13349
15 72 40736
15 73 30639
15 74 17399
15 75 21615
15 76 25130
16 1 4166
16 2 10564
16 3 2440
16 4 17315
16 5 27263
16 6 5622
16 7 27798
16 8 27692
16 9 12898
16 10 24878
16 11 28081
16 12 15362
16 13 33698
16 14 33930
16 15 33535
16 17 8123
16 18 13679
16 19 33352
16 20 38089
16 21 17935
16 22 13183
16 23 3281
16 24 -3478
16 25 17083
16 26 16995
16 27 28483
16 28 12010
16 29 28478
16 30 18195
16 31 13080
16 32 7025
16 33 722
16 34 24250
16 35 31489
16 36 32533
16 37 35397
16 38 26896
16 39 17217
16 40 4833
16 41 14810
16 42 15963
16 43 8023
16 44 2750
16 45 24062
16 46 24532
16 47 27600
16 48 22777
16 49 -250
16 50 10817
16 51 6173
16 52 26641
16 53 30699
16 54 29643
16 55 17166
16 56 1340
16 57 34828
16 58 23668
16 59 29872
16 60 44671
16 61 16880
16 62 10412
16 63 -2630
16 64 6214
16 65 37052
16 66 34055
16 67 19183
16 68 15438
16 69 30539
16 70 44071
16 71 43155
16 72 23521
16 73 9055
16 74 19877
16 75 15087
16 76 17343
17 1 14727
17 2 10784
17 3 5482
17 4 8294
17 5 22244
17 6 3456
17 7 13624
17 8 14544
17 9 5914
17 10 12454
17 11 13807
17 12 2124
17 13 23050
17 14 19645
17 15 26043
17 16 6054
17 18 17188
17 19 19907
17 20 32597
17 21 18302
17 22 21426
17 23 17678
17 24 6889
17 25 14411
17 26 2880
17 27 18590
17 28 15668
17 29 22078
17 30 14620
17 31 3911
17 32 4209
17 33 8673
17 34 12439
17 35 17523
17 36 30483
17 37 30726
17 38 13274
17 39 7864
17 40 -5102
17 41 27991
17 42 28145
17 43 20535
17 44 3399
17 45 16471
17 46 12049
17 47 25410
17 48 19349
17 49 12370
17 50 11569
17 51 4032
17 52 15420
17 53 16291
17 54 17504
17 55 16144
17 56 15754
17 57 26152
17 58 10522
17 59 15495
17 60 41677
17 61 21457
17 62 16241
17 63 10392
17 64 17592
17 65 23428
17 66 20021
17 67 6610
17 68 10258
17 69 30816
17 70 39907
17 71 40986
17 72 11861
17 73 16520
17 74 20038
17 75 5960
17 76 5989
18 1 26531
18 2 32897
18 3 9719
18 4 34971
18 5 48098
18 6 26014
18 7 37033
18 8 39818
18 9 6624
18 10 21940
18 11 30265
18 12 21320
18 13 49695
18 14 40874
18 15 52726
18 16 14956
18 17 20534
18 19 44232
18 20 58802
18 21 40852
18 22 35885
18 23 18546
18 24 -5977
18 25 113
18 26 28160
18 27 45414
18 28 35304
18 29 48336
18 30 39372
18 31 1581
18 32 3338
18 33 24026
18 34 38986
18 35 41109
18 36 54872
18 37 56540
18 38 26491
18 39 12963
18 40 10030
18 41 32901
18 42 35585
18 43 27959
18 44 5172
18 45 42997
18 46 38210
18 47 49778
18 48 44292
18 49 8778
18 50 -4064
18 51 23878
18 52 42046
18 53 36748
18 54 43280
18 55 -4533
18 56 13884
18 57 52980
18 58 24315
18 59 34958
18 60 66761
18 61 40163
18 62 33731
18 63 19518
18 64 25991
18 65 35688
18 66 33739
18 67 33070
18 68 35189
18 69 53572
18 70 65589
18 71 65535
18 72 22042
18 73 32354
18 74 42546
18 75 32420
18 76 32813
19 1 37837
19 2 26595
19 3 34550
19 4 14695
19 5 18548
19 6 25658
19 7 7762
19 8 137
19 9 27004
19 10 17792
19 11 1778
19 12 22010
19 13 5686
19 14 -3135
19 15 14815
19 16 34352
19 17 22976
19 18 43955
19 20 22233
19 21 24765
19 22 39856
19 23 45256
19 24 36097
19 25 36559
19 26 15729
19 27 10076
19 28 29466
19 29 20071
19 30 23098
19 31 13622
19 32 30307
19 33 32826
19 34 9397
19 35 1999
19 36 29354
19 37 24164
19 38 10628
19 39 25761
19 40 20252
19 41 52616
19 42 51168
19 43 44681
19 44 31750
19 45 16081
19 46 6468
19 47 26909
19 48 22304
19 49 41520
19 50 37612
19 51 31834
19 52 6386
19 53 2139
19 54 -8026
19 55 37893
19 56 43278
19 57 11130
19 58 18118
19 59 -8675
19 60 35116
19 61 32735
19 62 34575
19 63 36982
19 64 38341
19 65 17424
19 66 7658
19 67 12472
19 68 26477
19 69 32960
19 70 31271
19 71 37219
19 72 25283
19 73 38077
19 74 30647
19 75 20658
19 76 21336
20 1 34851
20 2 24847
20 3 48084
20 4 22992
20 5 2216
20 6 32044
20 7 34991
20 8 25415
20 9 49569
20 10 47505
20 11 35566
20 12 43114
20 13 14064
20 14 31051
20 15 1585
20 16 41722
20 17 38299
20 18 61158
20 19 24866
20 21 7431
20 22 29658
20 23 47229
20 24 46612
20 25 58806
20 26 35242
20 27 17249
20 28 18661
20 29 14344
20 30 19971
20 31 43046
20 32 48792
20 33 34840
20 34 25504
20 35 32362
20 36 3170
20 37 -2814
20 38 42559
20 39 49997
20 40 39102
20 41 47869
20 42 44159
20 43 40552
20 44 47150
20 45 17075
20 46 25703
20 47 7826
20 48 11203
20 49 49623
20 50 56004
20 51 42283
20 52 20413
20 53 35122
20 54 10391
20 55 60627
20 56 43739
20 57 2955
20 58 45897
20 59 23596
20 60 1269
20 61 14387
20 62 28551
20 63 39990
20 64 26427
20 65 50605
20 66 41837
20 67 29444
20 68 32013
20 69 6221
20 70 -2929
20 71 5516
20 72 51207
20 73 35901
20 74 21721
20 75 30774
20 76 34697
21 1 13900
21 2 7800
21 3 32848
21 4 15317
21 5 2724
21 6 17163
21 7 33079
21 8 26359
21 9 38757
21 10 42518
21 11 36544
21 12 33895
21 13 21111
21 14 35404
21 15 11910
21 16 24159
21 17 26595
21 18 45799
21 19 29989
21 20 10022
21 22 7646
21 23 26724
21 24 28504
21 25 46505
21 26 27770
21 27 18131
21 28 -2916
21 29 11169
21 30 7067
21 31 36176
21 32 35647
21 33 16203
21 34 22634
21 35 33320
21 36 961
21 37 7228
21 38 40282
21 39 40626
21 40 27750
21 41 26035
21 42 22176
21 43 18939
21 44 32631
21 45 12476
21 46 23771
21 47 -1880
21 48 834
21 49 31138
21 50 41801
21 51 27646
21 52 20506
21 53 36091
21 54 19607
21 55 47801
21 56 22589
21 57 15156
21 58 40228
21 59 30681
21 60 13003
21 61 -6031
21 62 7706
21 63 20698
21 64 4722
21 65 49679
21 66 43558
21 67 23461
21 68 19056
21 69 -1830
21 70 13632
21 71 11114
21 72 43590
21 73 15887
21 74 3100
21 75 20392
21 76 25222
22 1 -21
22 2 8937
22 3 25828
22 4 22363
22 5 19519
22 6 15592
22 7 39698
22 8 35707
22 9 35361
22 10 44185
22 11 42933
22 12 33895
22 13 34876
22 14 44716
22 15 28458
22 16 15169
22 17 25481
22 18 36594
22 19 40842
22 20 28011
22 21 3408
22 23 11688
22 24 16381
22 25 40587
22 26 30883
22 27 30229
22 28 -2916
22 29 24974
22 30 15430
22 31 35047
22 32 30196
22 33 8120
22 34 31100
22 35 41730
22 36 18681
22 37 25162
22 38 44206
22 39 38755
22 40 25406
22 41 8346
22 42 4204
22 43 1965
22 44 26105
22 45 23859
22 46 32226
22 47 15878
22 48 15299
22 49 19183
22 50 34321
22 51 23802
22 52 31117
22 53 43434
22 54 33021
22 55 40634
22 56 6063
22 57 31354
22 58 42099
22 59 40793
22 60 30122
22 61 -4454
22 62 116
22 63 9315
22 64 -11760
22 65 54211
22 66 49791
22 67 29114
22 68 21499
22 69 12985
22 70 31382
22 71 28070
22 72 43590
22 73 6684
22 74 10690
22 75 23846
22 76 28341
23 1 2660
23 2 17616
23 3 13163
23 4 28007
23 5 34407
23 6 16260
23 7 40373
23 8 39691
23 9 23799
23 10 37169
23 11 40882
23 12 28086
23 13 44164
23 14 46534
23 15 41972
23 16 4438
23 17 20904
23 18 18426
23 19 45413
23 20 44753
23 21 21657
23 22 10859
23 24 -3606
23 25 25296
23 26 29620
23 27 38831
23 28 14430
23 29 36954
23 30 26091
23 31 23849
23 32 17309
23 33 7153
23 34 35779
23 35 43912
23 36 37136
23 37 41798
23 38 39542
23 39 28801
23 40 17259
23 41 4831
23 42 7719
23 43 599
23 44 13111
23 45 33499
23 46 36317
23 47 32905
23 48 29546
23 49 580
23 50 18220
23 51 18724
23 52 37727
23 53 43434
23 54 40861
23 55 23443
23 56 -11430
23 57 43926
23 58 36244
23 59 42552
23 60 49252
23 61 16641
23 62 12670
23 63 507
23 64 -2016
23 65 49679
23 66 46798
23 67 31214
23 68 25634
23 69 33146
23 70 49594
23 71 47340
23 72 35736
23 73 12131
23 74 25121
23 75 26425
23 76 29312
24 1 15937
24 2 26151
24 3 7582
24 4 32127
24 5 42912
24 6 20970
24 7 39162
24 8 40563
24 9 14200
24 10 29591
24 11 36195
24 12 23964
24 13 48265
24 14 44619
24 15 49004
24 16 7284
24 17 19720
24 18 3508
24 19 45859
24 20 53741
24 21 33042
24 22 25157
24 23 5999
24 25 12058
24 26 28766
24 27 43260
24 28 26494
24 29 44009
24 30 33841
24 31 12653
24 32 8024
24 33 15721
24 34 38080
24 35 43227
24 36 47949
24 37 51045
24 38 33338
24 39 20186
24 40 12232
24 41 20262
24 42 23242
24 43 15935
24 44 5616
24 45 39370
24 46 37949
24 47 43108
24 48 38420
24 49 -2399
24 50 5200
24 51 19990
24 52 40845
24 53 40737
24 54 43405
24 55 8597
24 56 767
24 57 50083
24 58 30179
24 59 39844
24 60 60136
24 61 30350
24 62 24581
24 63 9672
24 64 13472
24 65 43138
24 66 40944
24 67 32457
24 68 30748
24 69 45405
24 70 59671
24 71 58519
24 72 28493
24 73 23225
24 74 35262
24 75 29602
24 76 31063
25 1 32427
25 2 35021
25 3 12856
25 4 33605
25 5 47824
25 6 27456
25 7 31443
25 8 35006
25 9 -343
25 10 12454
25 11 21406
25 12 17048
25 13 46221
25 14 33406
25 15 51023
25 16 19916
25 17 19313
25 18 1669
25 19 38392
25 20 58006
25 21 43114
25 22 41434
25 23 26972
25 24 4129
25 26 24634
25 27 42839
25 28 38861
25 29 47567
25 30 40072
25 31 -9712
25 32 2079
25 33 28259
25 34 35779
25 35 35216
25 36 55981
25 37 56295
25 38 17264
25 39 5186
25 40 7295
25 41 41051
25 42 43199
25 43 35314
25 44 7242
25 45 41829
25 46 34435
25 47 50871
25 48 44899
25 49 17006
25 50 -1818
25 51 25360
25 52 38802
25 53 29376
25 54 38408
25 55 -9349
25 56 23261
25 57 50522
25 58 16403
25 59 26436
25 60 67288
25 61 44372
25 62 37934
25 63 25419
25 64 33673
25 65 25905
25 66 23935
25 67 30053
25 68 35618
25 69 55829
25 70 65482
25 71 66536
25 72 14175
25 73 36870
25 74 44687
25 75 31529
25 76 31169
26 1 20740
26 2 13152
26 3 13465
26 4 4999
26 5 19216
26 6 7878
26 7 5445
26 8 6557
26 9 9210
26 10 9392
26 11 6994
26 12 2654
26 13 16393
26 14 11572
26 15 21229
26 16 13993
26 17 1947
26 18 23881
26 19 11727
26 20 28607
26 21 18544
26 22 25895
26 23 25461
26 24 15002
26 25 18799
26 27 12863
26 28 18191
26 29 18730
26 30 14129
26 31 3472
26 32 10244
26 33 14792
26 34 5792
26 35 9279
26 36 28796
26 37 27462
26 38 8078
26 39 9389
26 40 -105
26 41 34798
26 42 34390
26 43 27100
26 44 10850
26 45 12806
26 46 4708
26 47 24075
26 48 17852
26 49 20613
26 50 17793
26 51 11521
26 52 8844
26 53 8541
26 54 9848
26 55 20636
26 56 23556
26 57 20527
26 58 7094
26 59 7568
26 60 38956
26 61 23650
26 62 20285
26 63 17688
26 64 23188
26 65 17996
26 66 13672
26 67 101
26 68 11517
26 69 30306
26 70 36557
26 71 38891
26 72 10968
26 73 21716
26 74 21057
26 75 5116
26 76 4010
27 1 25244
27 2 13152
27 3 29175
27 4 3344
27 5 3686
27 6 15456
27 7 12359
27 8 3521
27 9 27649
27 10 24708
27 11 14393
27 12 21093
27 13 -243
27 14 11907
27 15 3022
27 16 25691
27 17 17867
27 18 41345
27 19 6284
27 20 10824
27 21 9115
27 22 25451
27 23 34882
27 24 29706
27 25 37214
27 26 13073
27 28 14504
27 29 4449
27 30 8451
27 31 20223
27 32 28075
27 33 21548
27 34 2785
27 35 10719
27 36 14542
27 37 10750
27 38 20182
27 39 27654
27 40 17872
27 41 40025
27 42 37880
27 43 32088
27 44 27520
27 45 851
27 46 2882
27 47 11442
27 48 6655
27 49 33716
27 50 35587
27 51 24105
27 52 -2297
27 53 13737
27 54 -2736
27 55 39059
27 56 32559
27 57 2124
27 58 23075
27 59 6977
27 60 22392
27 61 17177
27 62 20707
27 63 26515
27 64 24045
27 65 28710
27 66 21196
27 67 7250
27 68 15204
27 69 17767
27 70 19302
27 71 23389
27 72 28538
27 73 25371
27 74 15556
27 75 11358
27 76 14082
28 1 4448
28 2 2586
28 3 25642
28 4 14765
28 5 10082
28 6 11567
28 7 32758
28 8 27749
28 9 33293
28 10 39616
28 11 36317
28 12 29844
28 13 25701
28 14 36957
28 15 18975
28 16 16045
28 17 21772
28 18 38062
28 19 32501
28 20 19063
28 21 -5105
28 22 -867
28 23 17308
28 24 19767
28 25 40063
28 26 25228
28 27 21331
28 29 15628
28 30 6835
28 31 31982
28 32 29213
28 33 7931
28 34 23277
28 35 34165
28 36 10446
28 37 16123
28 38 38617
28 39 35868
28 40 22556
28 41 16808
28 42 13259
28 43 9538
28 44 25678
28 45 14966
28 46 24467
28 47 6828
28 48 5818
28 49 22358
28 50 34657
28 51 21399
28 52 22649
28 53 36355
28 54 23980
28 55 40937
28 56 13103
28 57 21870
28 58 37341
28 59 32841
28 60 22456
28 61 -6611
28 62 -1543
28 63 11805
28 64 -2536
28 65 48409
28 66 43309
28 67 22301
28 68 15438
28 69 6562
28 70 23087
28 71 20515
28 72 39736
28 73 6953
28 74 1441
28 75 17648
28 76 22442
29 1 20395
29 2 8536
29 3 29799
29 4 4696
29 5 -3606
29 6 14072
29 7 19679
29 8 11756
29 9 31373
29 10 31128
29 11 22508
29 12 25076
29 13 6140
29 14 20438
29 15 1013
29 16 24205
29 17 19874
29 18 42786
29 19 14798
29 20 6438
29 21 672
29 22 18715
29 23 31524
29 24 28974
29 25 40461
29 26 17459
29 27 2968
29 28 7320
29 30 3029
29 31 26080
29 32 30357
29 33 18293
29 34 9117
29 35 18906
29 36 6646
29 37 4704
29 38 27508
29 39 32082
29 40 20748
29 41 34786
29 42 32056
29 43 26977
29 44 28763
29 45 -1080
29 46 9969
29 47 2975
29 48 -1707
29 49 32291
29 50 37570
29 51 24049
29 52 5746
29 53 21882
29 54 4585
29 55 42259
29 56 28750
29 57 2955
29 58 29114
29 59 15484
29 60 16131
29 61 8951
29 62 14858
29 63 23536
29 64 17183
29 65 36409
29 66 29414
29 67 11908
29 68 13827
29 69 9444
29 70 13875
29 71 16250
29 72 33749
29 73 20719
29 74 8454
29 75 12340
29 76 16366
30 1 11508
30 2 -464
30 3 22509
30 4 2514
30 5 3102
30 6 6262
30 7 20596
30 8 14993
30 9 26482
30 10 29479
30 11 24197
30 12 21093
30 13 13710
30 14 24224
30 15 9920
30 16 15798
30 17 14292
30 18 35698
30 19 19701
30 20 13941
30 21 -1554
30 22 11047
30 23 22537
30 24 20682
30 25 34842
30 26 14734
30 27 8846
30 28 403
30 29 4905
30 31 23269
30 32 24201
30 33 9383
30 34 10627
30 35 21552
30 36 9937
30 37 11351
30 38 27397
30 39 27986
30 40 15485
30 41 26066
30 42 23622
30 43 18196
30 44 21863
30 45 2510
30 46 11827
30 47 4833
30 48 -1039
30 49 23772
30 50 30973
30 51 16734
30 52 9859
30 53 23979
30 54 11674
30 55 36431
30 56 19753
30 57 11940
30 58 27190
30 59 20051
30 60 21485
30 61 4529
30 62 6372
30 63 14632
30 64 9639
30 65 36917
30 66 31226
30 67 10569
30 68 6777
30 69 10440
30 70 20277
30 71 20515
30 72 30664
30 73 11764
30 74 1746
30 75 7463
30 76 12245
31 1 44875
31 2 42785
31 3 26013
31 4 36618
31 5 50612
31 6 35504
31 7 27798
31 8 31726
31 9 7081
31 10 2821
31 11 9794
31 12 20162
31 13 44086
31 14 24224
31 15 51354
31 16 32863
31 17 25763
31 18 20087
31 19 32405
31 20 59196
31 21 49735
31 22 52844
31 23 42475
31 24 21674
31 25 7238
31 26 26257
31 27 42798
31 28 47730
31 29 50136
31 30 45449
31 32 14694
31 33 39385
31 34 35681
31 35 30103
31 36 60414
31 37 58646
31 38 6065
31 39 7616
31 40 14209
31 41 55770
31 42 57190
31 43 49244
31 44 20482
31 45 44217
31 46 33384
31 47 55686
31 48 49457
31 49 33015
31 50 15548
31 51 34683
31 52 37998
31 53 21347
31 54 33582
31 55 3271
31 56 39537
31 57 49558
31 58 11416
31 59 14240
31 60 70273
31 61 53517
31 62 48063
31 63 38584
31 64 47419
31 65 12289
31 66 9449
31 67 31214
31 68 41741
31 69 61818
31 70 67550
31 71 70436
31 72 12228
31 73 47793
31 74 51757
31 75 36086
31 76 35035
32 1 21130
32 2 22950
32 3 1502
32 4 22500
32 5 36355
32 6 15410
32 7 23756
32 8 26477
32 9 -3428
32 10 11571
32 11 18507
32 12 7997
32 13 36549
32 14 28065
32 15 40221
32 16 8661
32 17 7914
32 18 3697
32 19 30943
32 20 46795
32 21 31059
32 22 29846
32 23 17788
32 24 -1102
32 25 882
32 26 14882
32 27 32503
32 28 26814
32 29 36266
32 30 28234
32 31 -3453
32 33 16451
32 34 25846
32 35 27855
32 36 44121
32 37 44843
32 38 15375
32 39 2215
32 40 -3266
32 41 31149
32 42 32782
32 43 24828
32 44 -4151
32 45 30683
32 46 24954
32 47 38997
32 48 33121
32 49 8558
32 50 -2448
32 51 13281
32 52 28921
32 53 23979
32 54 29945
32 55 2240
32 56 14988
32 57 40166
32 58 12371
32 59 22680
32 60 55608
32 61 32380
32 62 26010
32 63 14374
32 64 23147
32 65 25121
32 66 22968
32 67 19939
32 68 23787
32 69 43789
32 70 54007
32 71 54719
32 72 10501
32 73 25067
32 74 32628
32 75 20144
32 76 20131
33 1 -1808
33 2 2976
33 3 10203
33 4 13219
33 5 20050
33 6 2058
33 7 27486
33 8 25642
33 9 19361
33 10 28927
33 11 29621
33 12 18614
33 13 29183
33 14 33472
33 15 27161
33 16 234
33 17 10254
33 18 22261
33 19 31338
33 20 30719
33 21 9491
33 22 5646
33 23 5508
33 24 4471
33 25 24938
33 26 17306
33 27 23852
33 28 3408
33 29 22078
33 30 11292
33 31 19114
33 32 14327
33 34 21376
33 35 30524
33 36 24359
33 37 27873
33 38 29741
33 39 22842
33 40 9568
33 41 12225
33 42 11760
33 43 4445
33 44 10397
33 45 18469
33 46 22116
33 47 19580
33 48 15299
33 49 7173
33 50 19091
33 51 8069
33 52 22991
33 53 31048
33 54 26092
33 55 25442
33 56 3135
33 57 28968
33 58 27073
33 59 29659
33 60 36557
33 61 8419
33 62 1903
33 63 -2630
33 64 1040
33 65 39872
33 66 36152
33 67 17466
33 68 10824
33 69 22008
33 70 36248
33 71 34918
33 72 28016
33 73 738
33 74 11681
33 75 12186
33 76 15731
34 1 23417
34 2 12335
34 3 22868
34 4 365
34 5 10302
34 6 11484
34 7 5596
34 8 -408
34 9 19971
34 10 17224
34 11 8888
34 12 13445
34 13 5686
34 14 8674
34 15 10815
34 16 20907
34 17 11165
34 18 34366
34 19 5054
34 20 18528
34 21 13067
34 22 25771
34 23 31279
34 24 23975
34 25 29603
34 26 5451
34 27 2234
34 28 15899
34 29 10047
34 30 9681
34 31 12555
34 32 20867
34 33 18521
34 35 5899
34 36 20786
34 37 18029
34 38 13370
34 39 19869
34 40 10551
34 41 38204
34 42 36759
34 43 30265
34 44 20833
34 45 4448
34 46 -3826
34 47 16795
34 48 10995
34 49 28583
34 50 28420
34 51 18653
34 52 -1948
34 53 8457
34 54 401
34 55 31431
34 56 29226
34 57 9766
34 58 15419
34 59 4677
34 60 29697
34 61 20109
34 62 20338
34 63 22910
34 64 24136
34 65 22364
34 66 15900
34 67 -171
34 68 12067
34 69 23353
34 70 26848
34 71 30253
34 72 20736
34 73 23657
34 74 17399
34 75 6501
34 76 7927
35 1 33408
35 2 23146
35 3 27806
35 4 11322
35 5 19686
35 6 20659
35 7 596
35 8 -2479
35 9 19725
35 10 11299
35 11 -1607
35 12 14869
35 13 9239
35 14 -2236
35 15 17741
35 16 28402
35 17 16505
35 18 36745
35 19 -2088
35 20 25642
35 21 24009
35 22 36657
35 23 39668
35 24 29378
35 25 29296
35 26 9194
35 27 10424
35 28 27043
35 29 20092
35 30 20862
35 31 7233
35 32 23132
35 33 27925
35 34 6155
35 36 30533
35 37 26458
35 38 5086
35 39 18511
35 40 13190
35 41 47989
35 42 46973
35 43 40123
35 44 24809
35 45 15064
35 46 2882
35 47 27150
35 48 21723
35 49 35173
35 50 30383
35 51 25860
35 52 5622
35 53 -2263
35 54 -1628
35 55 30675
35 56 37748
35 57 14997
35 58 11086
35 59 -6046
35 60 37943
35 61 31266
35 62 31105
35 63 31598
35 64 34847
35 65 12980
35 66 5234
35 67 7250
35 68 22217
35 69 33624
35 70 34488
35 71 39291
35 72 18097
35 73 33849
35 74 28579
35 75 15910
35 76 15955
36 1 24306
36 2 16619
36 3 41544
36 4 19865
36 5 -264
36 6 25346
36 7 35796
36 8 27535
36 9 45797
36 10 47090
36 11 38402
36 12 40032
36 13 18935
36 14 35541
36 15 6940
36 16 33644
36 17 33663
36 18 54706
36 19 29465
36 20 648
36 21 -4152
36 22 17806
36 23 37090
36 24 38298
36 25 54259
36 26 32909
36 27 18445
36 28 7522
36 29 12030
36 30 13445
36 31 41742
36 32 43596
36 33 25958
36 34 25240
36 35 34731
36 37 -1087
36 38 43633
36 39 47047
36 40 34838
36 41 36365
36 42 32364
36 43 29354
36 44 41079
36 45 14844
36 46 26078
36 47 -1802
36 48 4420
36 49 41008
36 50 50244
36 51 35917
36 52 21580
36 53 37748
36 54 16987
36 55 55835
36 56 33028
36 57 10165
36 58 44981
36 59 29757
36 60 2733
36 61 1778
36 62 18054
36 63 30733
36 64 13958
36 65 52497
36 66 45216
36 67 27686
36 68 26193
36 69 -5436
36 70 3237
36 71 1185
36 72 49224
36 73 26053
36 74 12243
36 75 26475
36 76 31033
37 1 28769
37 2 18937
37 3 42644
37 4 18294
37 5 -3243
37 6 26471
37 7 31997
37 8 22935
37 9 44967
37 10 44148
37 11 33642
37 12 38673
37 13 12786
37 14 29913
37 15 35
37 16 35926
37 17 33324
37 18 55792
37 19 23693
37 20 -5918
37 21 1533
37 22 23705
37 23 41170
37 24 40812
37 25 53991
37 26 30993
37 27 14071
37 28 12617
37 29 9506
37 30 14277
37 31 39392
37 32 43736
37 33 28890
37 34 21901
37 35 30074
37 36 -1669
37 38 39828
37 39 45668
37 40 34288
37 41 41828
37 42 38170
37 43 34484
37 44 41838
37 45 12476
37 46 22398
37 47 1795
37 48 5306
37 49 43756
37 50 50813
37 51 36834
37 52 17350
37 53 33034
37 54 10298
37 55 55761
37 56 37657
37 57 2917
37 58 42302
37 59 23446
37 60 2776
37 61 8971
37 62 22468
37 63 34007
37 64 20737
37 65 48266
37 66 40222
37 67 25331
37 68 26600
37 69 2219
37 70 291
37 71 4164
37 72 47214
37 73 29844
37 74 15654
37 75 25793
37 76 29943
38 1 40736
38 2 34021
38 3 26862
38 4 24358
38 5 36376
38 6 28384
38 7 11875
38 8 14993
38 9 11497
38 10 -3633
38 11 -8545
38 12 14053
38 13 27124
38 14 5358
38 15 35413
38 16 31331
38 17 19778
38 18 29649
38 19 14063
38 20 43361
38 21 38493
38 22 46655
38 23 42820
38 24 27011
38 25 18866
38 26 15515
38 27 27409
38 28 39017
38 29 36216
38 30 34229
38 31 -9283
38 32 18174
38 33 34664
38 34 21148
38 35 12608
38 36 46957
38 37 43734
38 39 9613
38 40 11535
38 41 54002
38 42 54216
38 43 46606
38 44 22373
38 45 30573
38 46 18269
38 47 42883
38 48 36901
38 49 35352
38 50 23462
38 51 30079
38 52 22442
38 53 2779
38 54 15388
38 55 18647
38 56 40722
38 57 32870
38 58 2278
38 59 -3477
38 60 55359
38 61 44339
38 62 41095
38 63 36287
38 64 43523
38 65 -2636
38 66 -5195
38 67 18527
38 68 32380
38 69 49426
38 70 52104
38 71 56283
38 72 9152
38 73 42158
38 74 41568
38 75 25894
38 76 24853
39 1 28963
39 2 27061
39 3 10933
39 4 22449
39 5 36856
39 6 19629
39 7 17957
39 8 21676
39 9 -6516
39 10 1029
39 11 8888
39 12 5140
39 13 33294
39 14 20005
39 15 38981
39 16 17264
39 17 9980
39 18 11733
39 19 24808
39 20 46411
39 21 34449
39 22 36816
39 23 27691
39 24 9471
39 25 2400
39 26 12438
39 27 30493
39 28 31880
39 29 36402
39 30 30430
39 31 -12120
39 32 626
39 33 23377
39 34 23259
39 35 21645
39 36 45983
39 37 45186
39 38 5225
39 40 -1810
39 41 40401
39 42 41543
39 43 33627
39 44 5750
39 45 30504
39 46 21597
39 47 41039
39 48 34843
39 49 18955
39 50 5460
39 51 18653
39 52 26138
39 53 15916
39 54 24965
39 55 3792
39 56 25177
39 57 38021
39 58 3058
39 59 13636
39 60 56584
39 61 37671
39 62 32054
39 63 22910
39 64 31648
39 65 14725
39 66 12690
39 67 17875
39 68 26335
39 69 46817
39 70 54317
39 71 56291
39 72 736
39 73 31764
39 74 36269
39 75 21141
39 76 20288
40 1 19250
40 2 17275
40 3 3736
40 4 14507
40 5 28737
40 6 9735
40 7 15596
40 8 18016
40 9 -790
40 10 8235
40 11 12548
40 12 -57
40 13 28027
40 14 20622
40 15 32046
40 16 8275
40 17 409
40 18 12195
40 19 22694
40 20 38911
40 21 24968
40 22 26862
40 23 19544
40 24 4912
40 25 7904
40 26 6339
40 27 24106
40 28 21963
40 29 28463
40 30 21324
40 31 -2132
40 32 -1460
40 33 13498
40 34 17336
40 35 19719
40 36 37169
40 37 37201
40 38 10542
40 39 1585
40 41 31376
40 42 32159
40 43 24318
40 44 -30
40 45 22732
40 46 16410
40 47 32106
40 48 26022
40 49 12163
40 50 6091
40 51 8674
40 52 20413
40 53 16699
40 54 21451
40 55 9715
40 56 17394
40 57 31798
40 58 7200
40 59 15815
40 60 48272
40 61 27746
40 62 22054
40 63 13648
40 64 22073
40 65 20648
40 66 17971
40 67 11444
40 68 16963
40 69 37513
40 70 46388
40 71 47649
40 72 6916
40 73 21812
40 74 26661
40 75 12462
40 76 12069
41 1 1310
41 2 18168
41 3 22851
41 4 30884
41 5 32791
41 6 20475
41 7 45925
41 8 43834
41 9 33633
41 10 45803
41 11 47837
41 12 35893
41 13 45827
41 14 51896
41 15 41303
41 16 12656
41 17 27906
41 18 29470
41 19 49462
41 20 42082
41 21 17657
41 22 4206
41 23 1520
41 24 7346
41 25 36064
41 26 35646
41 27 40663
41 28 10619
41 29 36905
41 30 26309
41 31 33833
41 32 27359
41 33 10559
41 34 39393
41 35 48922
41 36 33100
41 37 39145
41 38 47413
41 39 38200
41 40 25780
41 42 -2598
41 43 -5225
41 44 23030
41 45 34610
41 46 40263
41 47 29848
41 48 28112
41 49 11530
41 50 29051
41 51 25432
41 52 40537
41 53 49465
41 54 43380
41 55 34469
41 56 -7261
41 57 43852
41 58 44371
41 59 48089
41 60 44671
41 61 9740
41 62 10302
41 63 6551
41 64 -12992
41 65 57579
41 66 54206
41 67 35844
41 68 28704
41 69 27515
41 70 45816
41 71 42622
41 72 44501
41 73 12192
41 74 23198
41 75 30470
41 76 34162
42 1 760
42 2 16723
42 3 25015
42 4 29914
42 5 30133
42 6 20363
42 7 45806
42 8 43127
42 9 35686
42 10 47064
42 11 48208
42 12 36903
42 13 44164
42 14 51567
42 15 38867
42 16 14436
42 17 28687
42 18 32781
42 19 48641
42 20 38999
42 21 14425
42 22 691
42 23 5035
42 24 10953
42 25 38839
42 26 35865
42 27 39145
42 28 7697
42 29 34802
42 30 24492
42 31 35880
42 32 29619
42 33 10721
42 34 38575
42 35 48533
42 36 29726
42 37 36114
42 38 48254
42 39 39969
42 40 27190
42 41 -1971
42 43 -4598
42 44 25275
42 45 32932
42 46 39545
42 47 26809
42 48 25624
42 49 14717
42 50 31936
42 51 26282
42 52 39373
42 53 49465
42 54 41964
42 55 37654
42 56 -3048
42 57 41579
42 58 45413
42 59 47766
42 60 41081
42 61 5811
42 62 8209
42 63 8050
42 64 -16361
42 65 58402
42 66 54753
42 67 35481
42 68 28008
42 69 23754
42 70 42423
42 71 39025
42 72 45896
42 73 11259
42 74 20748
42 75 30032
42 76 33996
43 1 -3162
43 2 13726
43 3 19916
43 4 26415
43 5 28699
43 6 16128
43 7 41607
43 8 39393
43 9 30592
43 10 42140
43 11 43701
43 12 32060
43 13 41389
43 14 47531
43 15 37086
43 16 9352
43 17 23933
43 18 28011
43 19 45010
43 20 38248
43 21 14044
43 22 1308
43 23 771
43 24 6502
43 25 33810
43 26 31431
43 27 36209
43 28 6832
43 29 32579
43 30 21922
43 31 30790
43 32 24521
43 33 6262
43 34 34937
43 35 44539
43 36 29572
43 37 35284
43 38 43500
43 39 34909
43 40 22205
43 41 -1742
43 42 -1742
43 44 20178
43 45 30183
43 46 35819
43 47 26029
43 48 23952
43 49 9946
43 50 26950
43 51 21483
43 52 36065
43 53 45189
43 54 38915
43 55 32783
43 56 -5599
43 57 39566
43 58 40566
43 59 43728
43 60 41360
43 61 7193
43 62 6090
43 63 2992
43 64 -11325
43 65 53658
43 66 50150
43 67 31458
43 68 24252
43 69 24515
43 70 42267
43 71 39336
43 72 40924
43 73 7722
43 74 19059
43 75 26061
43 76 29817
44 1 16149
44 2 19163
44 3 -3560
44 4 20589
44 5 33731
44 6 11895
44 7 24665
44 8 26653
44 9 1444
44 10 15540
44 11 21406
44 12 9162
44 13 35698
44 14 29841
44 15 38323
44 16 3632
44 17 6350
44 18 4777
44 19 31632
44 20 44399
44 21 27289
44 22 25001
44 23 12836
44 24 -4264
44 25 5291
44 26 14734
44 27 31194
44 28 22525
44 29 33918
44 30 25142
44 31 1581
44 32 -4905
44 33 11767
44 34 25058
44 35 28778
44 36 40850
44 37 42191
44 38 18820
44 39 6585
44 40 -2590
44 41 26066
44 42 27684
44 43 19731
44 45 28580
44 46 24532
44 47 35727
44 48 30074
44 49 3984
44 50 -64
44 51 9671
44 52 28062
44 53 25908
44 54 29902
44 55 6028
44 56 10198
44 57 38671
44 58 15530
44 59 24982
44 60 52593
44 61 27937
44 62 21465
44 63 9315
44 64 18056
44 65 28765
44 66 26410
44 67 19183
44 68 20847
44 69 40050
44 70 51279
44 71 51499
44 72 14175
44 73 20378
44 74 28876
44 75 18015
44 76 18543
45 1 19250
45 2 7096
45 3 26090
45 4 365
45 5 866
45 6 10920
45 7 15596
45 8 8332
45 9 27004
45 10 26730
45 11 18748
45 12 20651
45 13 5686
45 14 17412
45 15 4231
45 16 21246
45 17 15724
45 18 38904
45 19 12265
45 20 10626
45 21 3436
45 22 19057
45 23 29526
45 24 25792
45 25 36180
45 26 12992
45 27 827
45 28 8115
45 29 377
45 30 2091
45 31 21618
45 32 26231
45 33 16141
45 34 4975
45 35 15335
45 36 10917
45 37 9131
45 38 23322
45 39 27641
45 40 16474
45 41 33948
45 42 31643
45 43 26038
45 44 24882
45 46 5980
45 47 6795
45 48 1110
45 49 29363
45 50 33536
45 51 20476
45 52 2524
45 53 18196
45 54 3620
45 55 38000
45 56 27022
45 57 5214
45 58 24681
45 59 12882
45 60 20601
45 61 11124
45 62 14415
45 63 21287
45 64 17651
45 65 32364
45 66 25722
45 67 7444
45 68 10544
45 69 13353
45 70 18274
45 71 20685
45 72 29277
45 73 19409
45 74 9180
45 75 8268
45 76 12069
46 1 25358
46 2 14468
46 3 23590
46 4 2514
46 5 12047
46 6 13154
46 7 3658
46 8 -2479
46 9 19593
46 10 15768
46 11 6738
46 12 13202
46 13 5724
46 14 6466
46 15 11910
46 16 22226
46 17 11812
46 18 34627
46 19 3162
46 20 19764
46 21 15241
46 22 27934
46 23 32854
46 24 24881
46 25 29296
46 26 5404
46 27 3368
46 28 18126
46 29 11936
46 30 11918
46 31 11295
46 32 21012
46 33 20298
46 34 -2789
46 35 3663
46 36 22661
46 37 19563
46 38 11528
46 39 19244
46 40 10662
46 41 40111
46 42 38766
46 43 32184
46 44 21344
46 45 6490
46 47 18814
46 48 13103
46 49 29735
46 50 28562
46 51 19833
46 52 -1420
46 53 6261
46 54 -597
46 55 31080
46 56 30843
46 57 10435
46 58 14153
46 59 2505
46 60 31233
46 61 22339
46 62 22468
46 63 24529
46 64 26263
46 65 20382
46 66 13737
46 67 444
46 68 13986
46 69 25366
46 70 28233
46 71 31969
46 72 19819
46 73 25639
46 74 19635
46 75 8144
46 76 9107
47 1 18992
47 2 10340
47 3 35165
47 4 13910
47 5 -3243
47 6 18951
47 7 30596
47 8 22935
47 9 39481
47 10 41338
47 11 33642
47 12 33844
47 13 16010
47 14 31546
47 15 5815
47 16 27437
47 17 27316
47 18 48338
47 19 25746
47 20 4030
47 21 -8267
47 22 13729
47 23 31585
47 24 32183
47 25 47875
47 26 26914
47 27 14071
47 28 2630
47 29 7085
47 30 7067
47 31 35740
47 32 37198
47 33 19905
47 34 19975
47 35 30074
47 36 -3076
47 37 1103
47 38 38285
47 39 40829
47 40 28501
47 41 31839
47 42 28173
47 43 24537
47 44 34682
47 45 9448
47 46 20957
47 48 -1785
47 49 34948
47 50 43843
47 51 29519
47 52 16925
47 53 33034
47 54 14436
47 55 49438
47 56 27861
47 57 9126
47 58 39156
47 59 26360
47 60 8875
47 61 -18
47 62 12670
47 63 24828
47 64 11040
47 65 47364
47 66 40571
47 67 21903
47 68 19808
47 69 -1647
47 70 8535
47 71 7568
47 72 43170
47 73 20337
47 74 6218
47 75 20227
47 76 24853
48 1 16149
48 2 5536
48 3 29565
48 4 7612
48 5 -3243
48 6 13305
48 7 24665
48 8 17521
48 9 33270
48 10 35073
48 11 27946
48 12 27540
48 13 12485
48 14 26491
48 15 5133
48 16 22519
48 17 21160
48 18 42757
48 19 21046
48 20 7312
48 21 -5648
48 22 13055
48 23 28131
48 24 27400
48 25 41808
48 26 20596
48 27 9189
48 28 1525
48 29 2308
48 30 1100
48 31 29416
48 32 31227
48 33 15529
48 34 14080
48 35 24552
48 36 3051
48 37 4519
48 38 32208
48 39 34538
48 40 22322
48 41 30008
48 42 26893
48 43 22365
48 44 28934
48 45 3668
48 46 15151
48 47 -1880
48 49 30342
48 50 38040
48 51 23802
48 52 11608
48 53 27411
48 54 10958
48 55 43439
48 56 24929
48 57 7945
48 58 32870
48 59 21737
48 60 14416
48 61 2548
48 62 10082
48 63 20698
48 64 11313
48 65 41405
48 66 34931
48 67 15657
48 68 13795
48 69 4470
48 70 13275
48 71 13530
48 72 36846
48 73 16852
48 74 3100
48 75 13950
48 76 18543
49 1 8998
49 2 19369
49 3 4842
49 4 26430
49 5 36301
49 6 14834
49 7 35446
49 8 36087
49 9 14600
49 10 28965
49 11 34167
49 12 21264
49 13 42776
49 14 41353
49 15 42738
49 16 852
49 17 15541
49 18 8603
49 19 41622
49 20 47092
49 21 26016
49 22 18299
49 23 525
49 24 -12059
49 25 15275
49 26 24717
49 27 37610
49 28 19425
49 29 37666
49 30 27271
49 31 14334
49 32 8024
49 33 8763
49 34 33028
49 35 39362
49 36 40999
49 37 44329
49 38 32019
49 39 20010
49 40 9823
49 41 14786
49 42 17346
49 43 9719
49 44 4204
49 45 33281
49 46 33143
49 47 36213
49 48 31702
49 50 8184
49 51 14658
49 52 35580
49 53 37748
49 54 38454
49 55 13493
49 56 -2943
49 57 44046
49 58 28667
49 59 36997
49 60 53200
49 61 23339
49 62 17510
49 63 2601
49 64 7775
49 65 42043
49 66 39543
49 67 27686
49 68 24651
49 69 38343
49 70 52845
49 71 51542
49 72 27564
49 73 16157
49 74 28325
49 75 24079
49 76 25998
50 1 24843
50 2 29156
50 3 5970
50 4 29914
50 5 43500
50 6 21881
50 7 31107
50 8 34006
50 9 763
50 10 16293
50 11 24393
50 12 15460
50 13 44164
50 14 34876
50 15 47674
50 16 12513
50 17 15334
50 18 -3645
50 19 38308
50 20 54067
50 21 37273
50 22 34031
50 23 18759
50 24 -3866
50 25 -2955
50 26 22491
50 27 40075
50 28 32318
50 29 43539
50 30 35066
50 31 -2539
50 32 -2388
50 33 21275
50 34 33459
50 35 35166
50 36 50829
50 37 51980
50 38 20723
50 39 7109
50 40 4345
50 41 32901
50 42 35159
50 43 27317
50 44 750
50 45 38048
50 46 32564
50 47 45702
50 48 39994
50 49 8778
50 51 19652
50 52 36533
50 53 30749
50 54 37492
50 55 -3703
50 56 15019
50 57 47718
50 58 18376
50 59 29015
50 60 62520
50 61 37570
50 62 31054
50 63 17763
50 64 25639
50 65 30060
50 66 28087
50 67 27550
50 68 30702
50 69 50035
50 70 61107
50 71 61471
50 72 16132
50 73 29815
50 74 38867
50 75 27462
50 76 27609
51 1 8515
51 2 7301
51 3 3440
51 4 9786
51 5 21888
51 6 -141
51 7 19303
51 8 19204
51 9 9585
51 10 18522
51 11 20163
51 12 8260
51 13 25928
51 14 25455
51 15 27064
51 16 176
51 17 104
51 18 16604
51 19 24837
51 20 32653
51 21 15425
51 22 15819
51 23 11570
51 24 3231
51 25 16530
51 26 8526
51 27 20900
51 28 11367
51 29 22325
51 30 13134
51 31 8903
51 32 5648
51 33 2560
51 34 15999
51 35 22950
51 36 28809
51 37 30308
51 38 19647
51 39 12609
51 40 -765
51 41 21589
51 42 21812
51 43 14157
51 44 2792
51 45 17295
51 46 16142
51 47 23685
51 48 18063
51 49 7559
51 50 11959
51 52 18600
51 53 22360
51 54 21425
51 55 17790
51 56 9665
51 57 27864
51 58 16765
51 59 21457
51 60 40568
51 61 17073
51 62 11080
51 63 4015
51 64 11409
51 65 29807
51 66 26421
51 67 10723
51 68 8992
51 69 28170
51 70 39341
51 71 39457
51 72 17576
51 73 10772
51 74 16992
51 75 7241
51 76 8972
52 1 25907
52 2 14169
52 3 27174
52 4 2781
52 5 7714
52 6 14834
52 7 8245
52 8 -408
52 9 24361
52 10 20672
52 11 10412
52 12 17866
52 13 1230
52 14 8481
52 15 6940
52 16 24693
52 17 15541
52 18 38821
52 19 3438
52 20 14832
52 21 12334
52 22 27183
52 23 34622
52 24 28135
52 25 34021
52 26 9898
52 27 -1453
52 28 16666
52 29 8071
52 30 10308
52 31 16267
52 32 25337
52 33 21531
52 34 -553
52 35 6761
52 36 18521
52 37 14873
52 38 16059
52 39 24143
52 40 15023
52 41 40743
52 42 38952
52 43 32788
52 44 25232
52 45 3392
52 46 -1062
52 47 15140
52 48 9918
52 49 32530
52 50 32889
52 51 22649
52 53 9763
52 54 -3286
52 55 35837
52 56 32468
52 57 5473
52 58 19135
52 59 3965
52 60 26511
52 61 20054
52 62 22054
52 63 26215
52 64 25727
52 65 24613
52 66 17275
52 67 4293
52 68 14938
52 69 21587
52 70 23382
52 71 27491
52 72 24805
52 73 26053
52 74 17842
52 75 10097
52 76 12069
53 1 38234
53 2 28895
53 3 29496
53 4 17460
53 5 26686
53 6 25284
53 7 4198
53 8 4521
53 9 18430
53 10 6860
53 11 -8607
53 12 15725
53 13 15773
53 14 -5135
53 15 24549
53 16 31594
53 17 19255
53 18 36366
53 19 2034
53 20 32384
53 21 30762
53 22 42343
53 23 43172
53 24 30870
53 25 27438
53 26 12438
53 27 17424
53 28 33215
53 29 27050
53 30 27271
53 31 2459
53 32 23238
53 33 32431
53 34 12695
53 35 1719
53 36 37532
53 37 33400
53 38 -761
53 39 16764
53 40 14152
53 41 52514
53 42 51887
53 43 44755
53 44 25921
53 45 21907
53 46 9462
53 47 34092
53 48 28564
53 49 37541
53 50 29948
53 51 29252
53 52 12606
53 54 3372
53 55 28271
53 56 41262
53 57 21540
53 58 8355
53 59 -10011
53 60 44830
53 61 37763
53 62 36708
53 63 35491
53 64 40244
53 65 6292
53 66 -1724
53 67 12472
53 68 27586
53 69 40588
53 70 41291
53 71 46268
53 72 15960
53 73 38917
53 74 34963
53 75 21061
53 76 20599
54 1 38977
54 2 26974
54 3 39614
54 4 16098
54 5 13873
54 6 28169
54 7 14831
54 8 5170
54 9 34138
54 10 26164
54 11 10226
54 12 28370
54 13 496
54 14 4628
54 15 8535
54 16 37903
54 17 27833
54 18 50263
54 19 -766
54 20 15018
54 21 21643
54 22 39295
54 23 47964
54 24 40903
54 25 43835
54 26 21110
54 27 8316
54 28 28205
54 29 17118
54 30 22331
54 31 22059
54 32 36569
54 33 34840
54 34 12004
54 35 9719
54 36 24136
54 37 18029
54 38 19213
54 39 33178
54 40 26269
54 41 53794
54 42 51751
54 43 45846
54 44 37280
54 45 14696
54 46 9969
54 47 22859
54 48 19476
54 49 45612
54 50 44056
54 51 35682
54 52 6922
54 53 10737
54 55 45384
54 56 45802
54 57 4059
54 58 26073
54 59 -3369
54 60 28192
54 61 30094
54 62 34598
54 63 39557
54 64 37885
54 65 25979
54 66 15716
54 67 16467
54 68 28258
54 69 28072
54 70 24086
54 71 30992
54 72 32952
54 73 39102
54 74 29243
54 75 23356
54 76 24946
55 1 39607
55 2 43644
55 3 20753
55 4 42791
55 5 56954
55 6 36176
55 7 40317
55 8 43999
55 9 8777
55 10 19632
55 11 28670
55 12 26245
55 13 55368
55 14 41465
55 15 60241
55 16 27367
55 17 28414
55 18 4391
55 19 47094
55 20 67195
55 21 51778
55 22 48849
55 23 32487
55 24 8036
55 25 -1981
55 26 33839
55 27 52052
55 28 47103
55 29 56733
55 30 49029
55 31 -6311
55 32 10805
55 33 36131
55 34 44975
55 35 43963
55 36 64925
55 37 65433
55 38 24413
55 39 13946
55 40 16474
55 41 46824
55 42 49382
55 43 41655
55 44 15347
55 45 51017
55 46 43587
55 47 59802
55 48 53898
55 49 22592
55 50 4802
55 51 33988
55 52 47986
55 53 37577
55 54 47325
55 56 27916
55 57 59731
55 58 24681
55 59 33735
55 60 76347
55 61 52419
55 62 45906
55 63 32518
55 64 39831
55 65 32364
55 66 30186
55 67 39266
55 68 44575
55 69 64528
55 70 74617
55 71 75514
55 72 22662
55 73 44680
55 74 53348
55 75 40659
55 76 40353
56 1 6409
56 2 22553
56 3 18440
56 4 33556
56 5 38940
56 6 21916
56 7 46202
56 8 45445
56 9 28807
56 10 42630
56 11 46646
56 12 33793
56 13 49572
56 14 52363
56 15 46824
56 16 10233
56 17 26716
56 18 21500
56 19 51171
56 20 48999
56 21 25258
56 22 12970
56 23 -3694
56 24 -1102
56 25 29321
56 26 35451
56 27 44244
56 28 17961
56 29 41916
56 30 31043
56 31 28647
56 32 22245
56 33 12516
56 34 41462
56 35 49728
56 36 40810
56 37 46021
56 38 45180
56 39 34023
56 40 22845
56 41 3786
56 42 7372
56 43 1965
56 44 18209
56 45 38731
56 46 42042
56 47 36917
56 48 34080
56 49 4848
56 50 22216
56 51 24555
56 52 43309
56 53 49260
56 54 46435
56 55 26608
56 57 48951
56 58 41853
56 59 48383
56 60 52756
56 61 18850
56 62 16569
56 63 6153
56 64 -3429
56 65 55300
56 66 52497
56 67 36988
56 68 31160
56 69 36107
56 70 53433
56 71 50762
56 72 41189
56 73 16663
56 74 29404
56 75 32117
56 76 35089
57 1 33420
57 2 21553
57 3 40979
57 4 14835
57 5 1893
57 6 26213
57 7 23055
57 8 13112
57 9 39809
57 10 35692
57 11 22687
57 12 33263
57 13 1230
57 14 18015
57 15 -4942
57 16 36543
57 17 29936
57 18 53418
57 19 11845
57 20 1037
57 21 10647
57 22 31083
57 23 44484
57 24 41036
57 25 49404
57 26 25244
57 27 6631
57 28 19550
57 29 8943
57 30 16052
57 31 31490
57 32 40245
57 33 31171
57 34 14824
57 35 19799
57 36 10769
57 37 4103
57 38 30150
57 39 39689
57 40 30071
57 41 47721
57 42 44821
57 43 39952
57 44 39504
57 45 9745
57 46 14456
57 47 11004
57 48 9918
57 49 44659
57 50 47737
57 51 35576
57 52 9136
57 53 22360
57 54 -2486
57 55 51245
57 56 41773
57 58 34458
57 59 10772
57 60 14093
57 61 19144
57 62 27747
57 63 36387
57 64 29265
57 65 37905
57 66 28849
57 67 19444
57 68 25834
57 69 14812
57 70 10097
57 71 16918
57 72 40334
57 73 33757
57 74 21000
57 75 22987
57 76 26105
58 1 32178
58 2 26770
58 3 17647
58 4 18789
58 5 32406
58 6 20382
58 7 9738
58 8 13734
58 9 3397
58 10 -4633
58 11 -796
58 12 5140
58 13 25988
58 14 10069
58 15 33005
58 16 22242
58 17 11165
58 18 21612
58 19 15692
58 20 40838
58 21 32578
58 22 38687
58 23 33661
58 24 17991
58 25 12144
58 26 8670
58 27 24441
58 28 31880
58 29 31961
58 30 28161
58 31 -9793
58 32 9309
58 33 26135
58 34 17336
58 35 12747
58 36 42444
58 37 40347
58 38 -3583
58 39 1585
58 40 2332
58 41 45099
58 42 45514
58 43 37811
58 44 13222
58 45 26071
58 46 15033
58 47 37893
58 48 31702
58 49 26139
58 50 15254
58 51 21336
58 52 19657
58 53 6034
58 54 16387
58 55 13054
58 56 31534
58 57 31317
58 59 3701
58 60 51997
58 61 37487
58 62 33285
58 63 27343
58 64 35054
58 65 6506
58 66 3952
58 67 13126
58 68 25249
58 69 44239
58 70 49209
58 71 52303
58 72 736
58 73 33914
58 74 35038
58 75 19061
58 76 17927
59 1 53911
59 2 43526
59 3 45995
59 4 31582
59 5 36173
59 6 41090
59 7 20009
59 8 16728
59 9 33644
59 10 19434
59 11 -1574
59 12 32180
59 13 22769
59 14 -1505
59 15 31607
59 16 48068
59 17 35760
59 18 51877
59 19 8521
59 20 38159
59 21 42653
59 22 57003
59 23 59591
59 24 47278
59 25 41799
59 26 28766
59 27 27965
59 28 47002
59 29 37953
59 30 40644
59 31 12653
59 32 39240
59 33 48343
59 34 26216
59 35 15237
59 36 46842
59 37 41113
59 38 10284
59 39 31785
59 40 30569
59 41 68439
59 42 67489
59 43 60595
59 44 42296
59 45 33894
59 46 23007
59 47 44719
59 48 40191
59 49 54091
59 50 45515
59 51 45650
59 52 24109
59 53 7290
59 54 6567
59 55 41730
59 56 57686
59 57 27253
59 58 23323
59 60 51370
59 61 50570
59 62 51518
59 63 51752
59 64 55299
59 65 13245
59 66 -1593
59 67 27746
59 68 42728
59 69 50599
59 70 47214
59 71 54131
59 72 30964
59 73 54367
59 74 48292
59 75 36422
59 76 36346
60 1 35825
60 2 28145
60 3 52854
60 4 29653
60 5 8044
60 6 36595
60 7 43679
60 8 34497
60 9 56212
60 10 55850
60 11 45053
60 12 50071
60 13 23750
60 14 40903
60 15 10915
60 16 45232
60 17 44307
60 18 66045
60 19 34677
60 20 -1803
60 21 7340
60 22 28697
60 23 48656
60 24 49935
60 25 65016
60 26 42519
60 27 25745
60 28 18982
60 29 20965
60 30 24443
60 31 51051
60 32 54533
60 33 37606
60 34 33601
60 35 41591
60 36 2183
60 37 2808
60 38 51485
60 39 57098
60 40 45391
60 41 47386
60 42 43169
60 43 40592
60 44 52272
60 45 23978
60 46 34100
60 47 9599
60 48 15235
60 49 52659
60 50 61385
60 51 47126
60 52 29020
60 53 44496
60 54 20493
60 55 66707
60 56 44424
60 57 12939
60 58 53984
60 59 33735
60 61 11410
60 62 29631
60 63 42395
60 64 23649
60 65 59833
60 66 51502
60 67 36929
60 68 37124
60 69 1353
60 70 -4457
60 71 -787
60 72 58799
60 73 37698
60 74 23882
60 75 36865
60 76 41194
61 1 11390
61 2 12536
61 3 35225
61 4 23658
61 5 13287
61 6 21616
61 7 41770
61 8 35903
61 9 43296
61 10 49500
61 11 45377
61 12 39855
61 13 31635
61 14 45110
61 15 22438
61 16 25173
61 17 31819
61 18 47179
61 19 40028
61 20 19047
61 21 -3962
61 22 1853
61 23 23777
61 24 27881
61 25 49832
61 26 34945
61 27 28262
61 28 -2353
61 29 21517
61 30 15219
61 31 42027
61 32 39037
61 33 17200
61 34 31745
61 35 42646
61 36 8960
61 37 16735
61 38 48197
61 39 45917
61 40 32597
61 41 20187
61 42 15631
61 43 14157
61 44 35348
61 45 22233
61 46 32938
61 47 8438
61 48 11099
61 49 30530
61 50 44167
61 51 31363
61 52 30295
61 53 45161
61 54 30127
61 55 50511
61 56 18250
61 57 25722
61 58 47206
61 59 40667
61 60 19142
61 62 7286
61 63 20131
61 64 -4337
61 65 57877
61 66 52403
61 67 31552
61 68 25249
61 69 1495
61 70 21138
61 71 17136
61 72 49745
61 73 15764
61 74 9598
61 75 27318
61 76 32161
62 1 -1624
62 2 1021
62 3 20011
62 4 14507
62 5 14686
62 6 7774
62 7 31652
62 8 27876
62 9 28566
62 10 36441
62 11 34871
62 12 26245
62 13 28027
62 14 36783
62 15 23064
62 16 9990
62 17 17888
62 18 32032
62 19 33153
62 20 24496
62 21 1060
62 22 -2292
62 23 11091
62 24 13397
62 25 34679
62 26 22865
62 27 23077
62 28 -6000
62 29 18709
62 30 8347
62 31 27858
62 32 23952
62 33 1969
62 34 23259
62 35 33770
62 36 16521
62 37 21517
62 38 36238
62 39 31585
62 40 18190
62 41 12034
62 42 9314
62 43 4339
62 44 20161
62 45 16809
62 46 24352
62 47 12411
62 48 9918
62 49 15986
62 50 28936
62 51 16655
62 52 23580
62 53 35391
62 54 25916
62 55 35283
62 56 7254
62 57 25610
62 58 34289
62 59 32900
62 60 28648
62 61 -1429
62 63 5429
62 64 -4148
62 65 46216
62 66 41735
62 67 21071
62 68 13439
62 69 12965
62 70 29018
62 71 26764
62 72 36047
62 73 639
62 74 5038
62 75 15784
62 76 20288
63 1 -1624
63 2 9028
63 3 8473
63 4 18789
63 5 26087
63 6 7057
63 7 31652
63 8 30600
63 9 18975
63 10 30550
63 11 32890
63 12 20651
63 13 34983
63 14 37795
63 15 33241
63 16 -2285
63 17 12806
63 18 18586
63 19 36327
63 20 36702
63 21 14819
63 22 7674
63 23 -305
63 24 -745
63 25 22931
63 26 21035
63 27 29652
63 28 8115
63 29 28154
63 30 17374
63 31 19146
63 32 13083
63 33 -1797
63 34 26598
63 35 35030
63 36 29967
63 37 33823
63 38 32197
63 39 23208
63 40 10551
63 41 9050
63 42 9922
63 43 2008
63 44 8778
63 45 24448
63 46 27180
63 47 25336
63 48 21301
63 49 1844
63 50 16412
63 51 10357
63 52 28508
63 53 34941
63 54 31642
63 55 22662
63 56 -2395
63 57 35017
63 58 29114
63 59 33901
63 60 42179
63 61 12183
63 62 6196
63 64 134
63 65 42364
63 66 39116
63 67 22175
63 68 16423
63 69 27052
63 70 42061
63 71 40439
63 72 29277
63 73 4859
63 74 17399
63 75 17251
63 76 20288
64 1 8515
64 2 22234
64 3 33887
64 4 35720
64 5 32406
64 6 27588
64 7 52605
64 8 49090
64 9 44470
64 10 55291
64 11 55504
64 12 45004
64 13 48444
64 14 57958
64 15 41510
64 16 23207
64 17 36654
64 18 41707
64 19 54334
64 20 39787
64 21 15491
64 22 3247
64 23 13820
64 24 19703
64 25 47833
64 26 43183
64 27 43830
64 28 10422
64 29 38449
64 30 29029
64 31 44629
64 32 38504
64 33 18521
64 34 44472
64 35 54927
64 36 29840
64 37 37201
64 38 56081
64 39 48594
64 40 35624
64 41 6155
64 42 2159
64 43 4339
64 44 34167
64 45 37460
64 46 45562
64 47 28196
64 48 28564
64 49 23666
64 50 40936
64 51 34399
64 52 44668
64 53 56342
64 54 46618
64 55 46623
64 56 4671
64 57 44543
64 58 53473
64 59 54096
64 60 40081
64 61 4363
64 62 13267
64 63 16782
64 65 66188
64 66 62219
64 67 42078
64 68 34410
64 69 22367
64 70 42159
64 71 38114
64 72 54259
64 73 18111
64 74 24193
64 75 36669
64 76 40939
65 1 45700
65 2 38710
65 3 31728
65 4 28649
65 5 39935
65 6 33268
65 7 15596
65 8 18016
65 9 15762
65 10 137
65 11 -9536
65 12 19051
65 13 29686
65 14 5557
65 15 38354
65 16 36320
65 17 24765
65 18 33679
65 19 15692
65 20 46240
65 21 42723
65 22 51493
65 23 47790
65 24 31644
65 25 22340
65 26 20266
65 27 30770
65 28 43642
65 29 39950
65 30 38582
65 31 -8226
65 32 22753
65 33 39628
65 34 24975
65 35 15335
65 36 50654
65 37 47005
65 38 -7803
65 39 13946
65 40 16474
65 41 59001
65 42 59197
65 43 51597
65 44 27151
65 45 34448
65 46 21956
65 47 46795
65 48 40931
65 49 40209
65 50 27632
65 51 35072
65 52 25829
65 53 4665
65 54 16987
65 55 21431
65 56 45675
65 57 35458
65 58 7200
65 59 -5683
65 60 58540
65 61 48852
65 62 45906
65 63 41287
65 64 48463
65 66 -9577
65 67 22887
65 68 37072
65 69 53353
65 70 55102
65 71 59734
65 72 13764
65 73 47069
65 74 46028
65 75 30543
65 76 29550
66 1 51163
66 2 43103
66 3 38440
66 4 32191
66 5 41724
66 6 38400
66 7 18683
66 8 19595
66 9 22976
66 10 7395
66 11 -9327
66 12 25258
66 13 30022
66 14 3676
66 15 39075
66 16 42544
66 17 30579
66 18 40951
66 19 15147
66 20 46693
66 21 45823
66 22 56294
66 23 54130
66 24 38671
66 25 29591
66 26 25163
66 27 32477
66 28 47763
66 29 42176
66 30 42112
66 31 -1845
66 32 29821
66 33 45129
66 34 27732
66 35 16810
66 36 52594
66 37 48182
66 38 -1141
66 39 21132
66 40 23018
66 41 64849
66 42 64769
66 43 57310
66 44 34017
66 45 37027
66 46 24532
66 47 49223
66 48 43678
66 49 46930
66 50 34880
66 51 40907
66 52 27712
66 53 5870
66 54 15945
66 55 28474
66 56 52093
66 57 35623
66 58 13867
66 59 -11300
66 60 59430
66 61 52599
66 62 50646
66 63 47260
66 64 53715
66 65 -356
66 67 26755
66 68 41557
66 69 55712
66 70 55701
66 71 61144
66 72 20796
66 73 52243
66 74 49746
66 75 34971
66 76 34162
67 1 20610
67 2 10894
67 3 17627
67 4 294
67 5 13852
67 6 7878
67 7 5030
67 8 2961
67 9 14856
67 10 13882
67 11 8473
67 12 8298
67 13 11071
67 14 10537
67 15 15574
67 16 16371
67 17 5867
67 18 28981
67 19 8660
67 20 22999
67 21 14425
67 22 24316
67 23 27245
67 24 18883
67 25 24408
67 26 291
67 27 7230
67 28 15454
67 29 13369
67 30 10154
67 31 8619
67 32 15491
67 33 15142
67 34 360
67 35 7525
67 36 23763
67 37 21990
67 38 11280
67 39 15016
67 40 5190
67 41 35186
67 42 34196
67 43 27317
67 44 15489
67 45 7448
67 46 -62
67 47 19254
67 48 13103
67 49 23772
67 50 23042
67 51 13908
67 52 3429
67 53 8765
67 54 5395
67 55 26253
67 56 25283
67 57 14917
67 58 11740
67 59 6738
67 60 33556
67 61 20447
67 62 18681
67 63 19018
67 64 22273
67 65 20807
67 66 15454
67 68 9577
67 69 25681
67 70 31033
67 71 33674
67 72 16327
67 73 21095
67 74 17599
67 75 3132
67 76 3312
68 1 9546
68 2 -184
68 3 14249
68 4 574
68 5 11087
68 6 -1445
68 7 16405
68 8 13330
68 9 17997
68 10 22428
68 11 19628
68 12 13092
68 13 16769
68 14 21806
68 15 16447
68 16 8895
68 17 5784
68 18 27369
68 19 18934
68 20 21837
68 21 6289
68 22 12970
68 23 17934
68 24 13443
68 25 26242
68 26 7976
68 27 11453
68 28 4860
68 29 11557
68 30 2631
68 31 15415
68 32 15608
68 33 4769
68 34 8867
68 35 18761
68 36 18539
68 37 19528
68 38 21402
68 39 19745
68 40 6978
68 41 24315
68 42 22992
68 43 16380
68 44 13422
68 45 6817
68 46 9749
68 47 13428
68 48 7510
68 49 17006
68 50 22463
68 51 8446
68 52 10343
68 53 20148
68 54 13455
68 55 27831
68 56 15724
68 57 17576
68 58 20132
68 59 17989
68 60 30020
68 61 10413
68 62 7318
68 63 9535
68 64 10874
68 65 31261
68 66 26525
68 67 5846
68 69 18738
68 70 28608
68 71 29114
68 72 22902
68 73 9852
68 74 8191
68 75 533
68 76 5207
69 1 23417
69 2 18613
69 3 43660
69 4 24695
69 5 6449
69 6 27938
69 7 41596
69 8 33825
69 9 49369
69 10 52168
69 11 44598
69 12 44180
69 13 25928
69 14 42207
69 15 14139
69 16 34818
69 17 37164
69 18 56574
69 19 36239
69 20 6867
69 21 -3775
69 22 15278
69 23 36268
69 24 38922
69 25 57275
69 26 37587
69 27 24838
69 28 6806
69 29 17996
69 30 17116
69 31 46314
69 32 46432
69 33 26775
69 34 30975
69 35 40990
69 36 -2268
69 37 5969
69 38 49270
69 39 51049
69 40 38350
69 41 33948
69 42 29560
69 43 27465
69 44 43447
69 45 20448
69 46 31951
69 47 2795
69 48 9007
69 49 41520
69 50 52618
69 51 38446
69 52 27814
69 53 43972
69 54 24091
69 55 58606
69 56 31493
69 57 17376
69 58 49944
69 59 36682
69 60 5071
69 61 -2519
69 62 17666
69 63 30986
69 64 9653
69 65 58364
69 66 51502
69 67 32772
69 68 29560
69 70 7563
69 71 3169
69 72 53710
69 73 26119
69 74 13906
69 75 30543
69 76 35290
70 1 36304
70 2 27522
70 3 51698
70 4 27499
70 5 5965
70 6 35468
70 7 40540
70 8 31122
70 9 54176
70 10 52928
70 11 41445
70 12 47853
70 13 19981
70 14 37028
70 15 7307
70 16 44632
70 17 42537
70 18 64873
70 19 30832
70 20 -6001
70 21 7969
70 22 29957
70 23 48998
70 24 49470
70 25 63210
70 26 40120
70 27 22655
70 28 19613
70 29 18709
70 30 23235
70 31 48328
70 32 52932
70 33 37297
70 34 30752
70 35 38136
70 36 2687
70 37 323
70 38 48230
70 39 54831
70 40 43507
70 41 48531
70 42 44511
70 43 41499
70 44 50958
70 45 21651
70 46 31100
70 47 9259
70 48 14094
70 49 52304
70 50 59972
70 51 45899
70 52 25891
70 53 40957
70 54 16387
70 55 64977
70 56 45101
70 57 8943
70 58 51196
70 59 29579
70 60 -4457
70 61 13406
70 62 30001
70 63 42277
70 64 25727
70 65 56395
70 66 47773
70 67 34406
70 68 35712
70 69 3845
70 71 1730
70 72 56275
70 73 37793
70 74 23674
70 75 35010
70 76 39158
71 1 30849
71 2 23681
71 3 48612
71 4 26400
71 5 5210
71 6 32405
71 7 41487
71 8 32721
71 9 52646
71 10 53258
71 11 43526
71 12 46728
71 13 22836
71 14 39951
71 15 10050
71 16 40673
71 17 40573
71 18 61776
71 19 33737
71 20 -599
71 21 2408
71 22 23602
71 23 43701
71 24 45275
71 25 61221
71 26 39411
71 27 23699
71 28 13998
71 29 18041
71 30 20430
71 31 48171
71 32 50601
71 33 32924
71 34 31114
71 35 39896
71 36 -2408
71 37 1153
71 38 49366
71 39 53762
71 40 41725
71 41 42294
71 42 38070
71 43 35525
71 44 48135
71 45 21019
71 46 31793
71 47 5249
71 48 11306
71 49 47958
71 50 57293
71 51 42972
71 52 26957
71 53 42891
71 54 20250
71 55 62831
71 56 39387
71 57 12721
71 58 51247
71 59 33453
71 60 -3830
71 61 6361
71 62 24704
71 63 37612
71 64 18639
71 65 57984
71 66 50173
71 67 34004
71 68 33175
71 69 -3592
71 70 -1313
71 72 55744
71 73 32855
71 74 19245
71 75 33277
71 76 37752
72 1 30292
72 2 26551
72 3 13958
72 4 20220
72 5 34407
72 6 19533
72 7 13624
72 8 17521
72 9 -1584
72 10 -2823
72 11 4009
72 12 3844
72 13 29483
72 14 15031
72 15 35815
72 16 19417
72 17 9826
72 18 16661
72 19 20179
72 20 43470
72 21 33262
72 22 37500
72 23 30475
72 24 13627
72 25 7238
72 26 9866
72 27 27226
72 28 31597
72 29 33918
72 30 28957
72 31 -11659
72 32 4761
72 33 24400
72 34 19975
72 35 17080
72 36 44009
72 37 42581
72 38 613
72 39 -3415
72 40 -630
72 41 42551
72 42 43319
72 43 35491
72 44 9189
72 45 27989
72 46 18021
72 47 39229
72 48 33000
72 49 22358
72 50 10332
72 51 19469
72 52 22649
72 53 10961
72 54 20588
72 55 8357
72 56 28192
72 57 34515
72 58 -1942
72 59 8664
72 60 54134
72 61 37348
72 62 32365
72 63 24828
72 64 33162
72 65 10392
72 66 8203
72 67 15035
72 68 25341
72 69 45327
72 70 51610
72 71 54122
72 73 32517
72 74 35349
72 75 19598
72 76 18543
73 1 -4485
73 2 1756
73 3 15280
73 4 14389
73 5 17970
73 6 5118
73 7 30309
73 8 27521
73 9 24375
73 10 33333
73 11 33042
73 12 23004
73 13 29374
73 14 35969
73 15 25815
73 16 5048
73 17 14582
73 18 27070
73 19 33070
73 20 28261
73 21 5656
73 22 691
73 23 6967
73 24 8456
73 25 30030
73 26 20711
73 27 24156
73 28 -1089
73 29 20985
73 30 10154
73 31 24003
73 32 19424
73 33 -2781
73 34 22993
73 35 32929
73 36 20935
73 37 25308
73 38 33716
73 39 27710
73 40 14363
73 41 10339
73 42 8779
73 43 2386
73 44 15489
73 45 18218
73 46 23938
73 47 16493
73 48 13103
73 49 11048
73 50 24112
73 51 12762
73 52 23994
73 53 34015
73 54 26835
73 55 30472
73 56 3763
73 57 28035
73 58 31333
73 59 32164
73 60 33130
73 61 3464
73 62 -2946
73 63 507
73 64 -2889
73 65 43794
73 66 39747
73 67 19900
73 68 12388
73 69 17833
73 70 33225
73 71 31330
73 72 32614
73 74 8639
73 75 14446
73 76 18543
74 1 8241
74 2 -253
74 3 24841
74 4 9105
74 5 4686
74 6 9108
74 7 27219
74 8 21676
74 9 30798
74 10 35367
74 11 30827
74 12 26245
74 13 19313
74 14 30911
74 15 13176
74 16 16471
74 17 18701
74 18 37863
74 19 26241
74 20 14682
74 21 -6530
74 22 5298
74 23 20558
74 24 21094
74 25 38448
74 26 20653
74 27 14942
74 28 -6000
74 29 9321
74 30 737
74 31 28568
74 32 27586
74 33 8763
74 34 17336
74 35 28260
74 36 7726
74 37 11719
74 38 33727
74 39 32816
74 40 19813
74 41 21946
74 42 18869
74 43 14324
74 44 24588
74 45 8590
74 46 18535
74 47 2975
74 48 -48
74 49 23817
74 50 33765
74 51 19583
74 52 16384
74 53 30662
74 54 17577
74 55 39741
74 56 17105
74 57 15879
74 58 33058
74 59 26690
74 60 19915
74 61 -2101
74 62 2054
74 63 13648
74 64 3794
74 65 43354
74 66 37851
74 67 17005
74 68 11328
74 69 6221
74 70 19707
74 71 18321
74 72 36047
74 73 9240
74 75 13061
74 76 17927
75 1 13561
75 2 4241
75 3 14056
75 4 -1321
75 5 12358
75 6 1072
75 7 11997
75 8 9521
75 9 15438
75 10 18367
75 11 15158
75 12 9710
75 13 14777
75 14 17597
75 15 16369
75 16 10658
75 17 3600
75 18 26714
75 19 15229
75 20 22712
75 21 9739
75 22 17431
75 23 20839
75 24 14411
75 25 24267
75 26 3689
75 27 9721
75 28 9184
75 29 12184
75 30 5431
75 31 11874
75 32 14079
75 33 8245
75 34 5415
75 35 14568
75 36 20935
75 37 20835
75 38 17030
75 39 16665
75 40 4591
75 41 28195
75 42 27130
75 43 20303
75 44 12704
75 45 6655
75 46 6021
75 47 15961
75 48 9779
75 49 18548
75 50 21337
75 51 8809
75 52 7616
75 53 15737
75 54 10667
75 55 26029
75 56 18795
75 57 16843
75 58 16058
75 59 13797
75 60 31875
75 61 14596
75 62 11777
75 63 12477
75 64 15247
75 65 26846
75 66 22053
75 67 1515
75 68 2647
75 69 21835
75 70 30020
75 71 31330
75 72 19273
75 73 14024
75 74 12038
75 76 927
END
NODE_CONSUMPTION
0 1 18
0 2 26
0 3 11
0 4 30
0 5 21
0 6 19
0 7 15
0 8 16
0 9 29
0 10 26
0 11 37
0 12 16
0 13 12
0 14 31
0 15 8
0 16 19
0 17 20
0 18 13
0 19 15
0 20 22
0 21 28
0 22 12
0 23 6
0 24 27
0 25 14
0 26 18
0 27 17
0 28 29
0 29 13
0 30 22
0 31 25
0 32 28
0 33 27
0 34 19
0 35 10
0 36 12
0 37 14
0 38 24
0 39 16
0 40 33
0 41 15
0 42 11
0 43 18
0 44 17
0 45 21
0 46 27
0 47 19
0 48 20
0 49 5
0 50 22
0 51 12
0 52 19
0 53 22
0 54 16
0 55 7
0 56 26
0 57 14
0 58 21
0 59 24
0 60 13
0 61 15
0 62 18
0 63 11
0 64 28
0 65 9
0 66 37
0 67 30
0 68 10
0 69 8
0 70 11
0 71 3
0 72 1
0 73 6
0 74 10
0 75 20
END
