NAME : ./data/ESPPRC - Test Instances/E-n76-k10_b.simplified-vrp
SIZE : 77
DIRECTED : 1
CYCLIC : 1
ORIGIN : 0
DESTINATION : 76
RESOURCES : 1
RES_NAMES : 0
RES_TYPE
0 CAP
END
RES_BOUND
0 0 140
END
EDGE_COST
0 1 17847
0 2 6350
0 3 13780
0 4 4009
0 5 15965
0 6 3249
0 7 8277
0 8 8536
0 9 12694
0 10 12032
0 11 13586
0 12 6867
0 13 15385
0 14 15076
0 15 20318
0 16 11447
0 17 3647
0 18 21792
0 19 14246
0 20 23464
0 21 13963
0 22 18545
0 23 22850
0 24 12543
0 25 21176
0 26 885
0 27 10730
0 28 12883
0 29 13452
0 30 8061
0 31 11406
0 32 12112
0 33 8236
0 34 7134
0 35 14325
0 36 24759
0 37 22263
0 38 17456
0 39 15520
0 40 5649
0 41 28045
0 42 29733
0 43 21494
0 44 13397
0 45 8069
0 46 6310
0 47 18898
0 48 11594
0 49 22450
0 50 17546
0 51 6208
0 52 6718
0 53 11485
0 54 12460
0 55 25099
0 56 19945
0 57 16408
0 58 11304
0 59 12549
0 60 33323
0 61 16769
0 62 16388
0 63 15942
0 64 16473
0 65 24651
0 66 14220
0 67 2323
0 68 5755
0 69 23725
0 70 31726
0 71 34475
0 72 16251
0 73 16005
0 74 14498
0 75 -1061
1 2 6350
1 3 17155
1 4 23358
1 5 24026
1 6 10308
1 7 33733
1 8 32949
1 9 26309
1 10 33571
1 11 38634
1 12 26564
1 13 34883
1 14 40424
1 15 33165
1 16 6067
1 17 20182
1 18 23307
1 19 38544
1 20 31415
1 21 10438
1 22 -2020
1 23 3995
1 24 5214
1 25 30231
1 26 25412
1 27 29689
1 28 2686
1 29 25278
1 30 15121
1 31 29043
1 32 20908
1 33 -1506
1 34 30421
1 35 39575
1 36 25829
1 37 28886
1 38 41136
1 39 31992
1 40 20627
1 41 2990
1 42 4294
1 43 -3688
1 44 18800
1 45 23047
1 46 30358
1 47 20834
1 48 16997
1 49 13247
1 50 22577
1 51 13548
1 52 28353
1 53 36917
1 54 34288
1 55 32150
1 56 -938
1 57 31520
1 58 33352
1 59 37911
1 60 35751
1 61 3795
1 62 2273
1 63 1827
1 64 -8154
1 65 48598
1 66 39018
1 67 27418
1 68 17891
1 69 19649
1 70 36669
1 71 35369
1 72 35797
1 73 774
1 74 12609
1 75 19370
1 76 15379
2 1 6951
2 3 18340
2 4 9666
2 5 10890
2 6 2573
2 7 21920
2 8 19595
2 9 23575
2 10 26232
2 11 27813
2 12 19804
2 13 20338
2 14 27733
2 15 19192
2 16 10059
2 17 13833
2 18 27267
2 19 24896
2 20 19005
2 21 1932
2 22 4532
2 23 16545
2 24 13022
2 25 30419
2 26 15418
2 27 15191
2 28 -1582
2 29 11013
2 30 743
2 31 24547
2 32 20322
2 33 872
2 34 16933
2 35 26907
2 36 15736
2 37 16648
2 38 32015
2 39 27684
2 40 16246
2 41 17442
2 42 17851
2 43 10794
2 44 19408
2 45 8487
2 46 17062
2 47 9776
2 48 3978
2 49 21212
2 50 24484
2 51 9928
2 52 14209
2 53 25172
2 54 19879
2 55 33781
2 56 12800
2 57 17247
2 58 25538
2 59 25120
2 60 25665
2 61 2535
2 62 2512
2 63 10073
2 64 3159
2 65 39202
2 66 28552
2 67 15296
2 68 5755
2 69 12439
2 70 25481
2 71 25795
2 72 29650
2 73 4609
2 74 1709
2 75 7644
2 76 4483
3 1 15413
3 2 15997
3 4 22938
3 5 33167
3 6 10308
3 7 23563
3 8 26725
3 9 3959
3 10 14352
3 11 23877
3 12 10016
3 13 35026
3 14 29993
3 15 39180
3 16 1031
3 17 7627
3 18 3185
3 19 31947
3 20 41338
3 21 26076
3 22 20519
3 23 11188
3 24 -6451
3 25 7350
3 26 14827
3 27 30310
3 28 20570
3 29 31372
3 30 22812
3 31 6871
3 32 -2030
3 33 7195
3 34 26562
3 35 30663
3 36 39757
3 37 39451
3 38 23952
3 39 10652
3 40 1803
3 41 21221
3 42 25239
3 43 16080
3 44 -4219
3 45 26577
3 46 25280
3 47 33697
3 48 27103
3 49 5781
3 50 394
3 51 5163
3 52 26310
3 53 24869
3 54 31615
3 55 9986
3 56 7783
3 57 35769
3 58 15511
3 59 26685
3 60 49470
3 61 24320
3 62 20598
3 63 8614
3 64 13908
3 65 31316
3 66 22985
3 67 21125
3 68 19284
3 69 36582
3 70 48753
3 71 49822
3 72 16153
3 73 17229
3 74 25899
3 75 16555
3 76 9570
4 1 18811
4 2 4518
4 3 20133
4 5 8993
4 6 6071
4 7 9946
4 8 6867
4 9 19703
4 10 17433
4 11 16054
4 12 13652
4 13 9824
4 14 15076
4 15 13363
4 16 16052
4 17 10585
4 18 28583
4 19 12238
4 20 16392
4 21 8691
4 22 17200
4 23 26178
4 24 18240
4 25 28245
4 26 6507
4 27 4625
4 28 9839
4 29 6415
4 30 2963
4 31 17622
4 32 19114
4 33 10357
4 34 4205
4 35 14325
4 36 18224
4 37 15247
4 38 21594
4 39 22314
4 40 12720
4 41 29400
4 42 30284
4 43 22725
4 44 20076
4 45 998
4 46 4350
4 47 12588
4 48 5296
4 49 27515
4 50 24484
4 51 11655
4 52 2063
4 53 12979
4 54 8245
4 55 32170
4 56 23045
4 57 9771
4 58 16799
4 59 12418
4 60 26415
4 61 12899
4 62 15240
4 63 19076
4 64 15887
4 65 28383
4 66 16882
4 67 3938
4 68 5755
4 69 17763
4 70 24700
4 71 27756
4 72 22561
4 73 16484
4 74 10309
4 75 1324
4 76 -3006
5 1 25452
5 2 11715
5 3 36335
5 4 14966
5 6 20106
5 7 24549
5 8 17725
5 9 37693
5 10 34416
5 11 29431
5 12 31676
5 13 9377
5 14 24929
5 15 1177
5 16 29608
5 17 28143
5 18 45318
5 19 19699
5 20 -776
5 21 -294
5 22 17964
5 23 36186
5 24 32633
5 25 46072
5 26 24332
5 27 8575
5 28 8764
5 29 1721
5 30 7159
5 31 35224
5 32 36577
5 33 20796
5 34 17750
5 35 26297
5 36 1703
5 37 -2682
5 38 37220
5 39 40329
5 40 30558
5 41 34915
5 42 34111
5 43 28617
5 44 36826
5 45 5107
5 46 17491
5 47 -957
5 48 -1951
5 49 40994
5 50 41678
5 51 27365
5 52 10604
5 53 25813
5 54 9628
5 55 49941
5 56 32037
5 57 437
5 58 34024
5 59 20617
5 60 8414
5 61 6136
5 62 19027
5 63 29982
5 64 16181
5 65 43277
5 66 30023
5 67 21104
5 68 19876
5 69 3125
5 70 6774
5 71 10174
5 72 40356
5 73 23673
5 74 9498
5 75 18611
5 76 14923
6 1 8670
6 2 334
6 3 10412
6 4 8980
6 5 17042
6 7 17480
6 8 17322
6 9 15055
6 10 18789
6 11 22444
6 12 11901
6 13 21841
6 14 24287
6 15 23791
6 16 4197
6 17 5585
6 18 19464
6 19 23039
6 20 25282
6 21 10375
6 22 10267
6 23 14269
6 24 6921
6 25 21934
6 26 9224
6 27 16575
6 28 6479
6 29 15629
6 30 6549
6 31 16346
6 32 11862
6 33 -966
6 34 15162
6 35 23500
6 36 23543
6 37 23262
6 38 25458
6 39 19332
6 40 7786
6 41 18829
6 42 20571
6 43 12276
6 44 11220
6 45 11391
6 46 14828
6 47 17467
6 48 10827
6 49 15757
6 50 16289
6 51 1566
6 52 13954
6 53 20641
6 54 20154
6 55 25393
6 56 11243
6 57 20987
6 58 18230
6 59 21764
6 60 33195
6 61 10695
6 62 8345
6 63 7182
6 64 7593
6 65 32840
6 66 22929
6 67 11360
6 68 3574
6 69 20844
6 70 32507
6 71 33599
6 72 21712
6 73 7051
6 74 10150
6 75 3555
6 76 -857
7 1 31989
7 2 19575
7 3 23561
7 4 12749
7 5 21379
7 6 17374
7 8 -204
7 9 14725
7 10 4900
7 11 242
7 12 9817
7 13 12033
7 14 1165
7 15 21751
7 16 24233
7 17 13613
7 18 28343
7 19 3003
7 20 26089
7 21 24151
7 22 32233
7 23 36242
7 24 22973
7 25 23781
7 26 4651
7 27 11338
7 28 25530
7 29 19096
7 30 18743
7 31 6500
7 32 18068
7 33 22322
7 34 7134
7 35 1297
7 36 31853
7 37 26648
7 38 6809
7 39 15520
7 40 11507
7 41 42139
7 42 43874
7 43 35615
7 44 21850
7 45 13927
7 46 3192
7 47 26972
7 48 20047
7 49 34229
7 50 23375
7 51 18870
7 52 5225
7 53 -2585
7 54 4676
7 55 27394
7 56 33389
7 57 15689
7 58 5446
7 59 -1457
7 60 38139
7 61 28709
7 62 30083
7 63 29637
7 64 30470
7 65 13028
7 66 1072
7 67 6372
7 68 19284
7 69 32362
7 70 35439
7 71 40541
7 72 13663
7 73 30102
7 74 26121
7 75 12340
7 76 4065
8 1 32615
8 2 18660
8 3 28133
8 4 11080
8 5 15965
8 6 18626
8 7 1206
8 9 21295
8 10 11839
8 11 4431
8 12 15665
8 13 5031
8 14 1165
8 15 15251
8 16 27202
8 17 17608
8 18 34203
8 19 -1547
8 20 19588
8 21 20506
8 22 31317
8 23 38635
8 24 27449
8 25 30419
8 26 8838
8 27 5575
8 28 23596
8 29 14248
8 30 16215
8 31 13503
8 32 23864
8 33 23553
8 34 4205
8 35 1297
8 36 26667
8 37 20661
8 38 13002
8 39 22314
8 40 17002
8 41 43123
8 42 44270
8 43 36476
8 44 26913
8 45 9738
8 46 130
8 47 22386
8 48 15978
8 49 37945
8 50 29349
8 51 21846
8 52 -353
8 53 813
8 54 -1910
8 55 34151
8 56 35707
8 57 8821
8 58 12517
8 59 -1663
8 60 32032
8 61 25917
8 62 29382
8 63 31660
8 64 30030
8 65 18523
8 66 5059
8 67 7378
8 68 19284
8 69 27666
8 70 29096
8 71 34850
8 72 20635
8 73 30389
8 74 23653
8 75 12939
8 76 5734
9 1 29607
9 2 26272
9 3 8999
9 4 27548
9 5 39565
9 6 19991
9 7 19767
9 8 24927
9 10 1684
9 11 14045
9 12 6826
9 13 36091
9 14 23329
9 15 43325
9 16 15568
9 17 12138
9 18 4169
9 19 28480
9 20 46902
9 21 36064
9 22 34131
9 23 25903
9 24 4246
9 25 -1770
9 26 14651
9 27 32863
9 28 32300
9 29 37025
9 30 30864
9 31 -7982
9 32 -2881
9 33 20432
9 34 27744
9 35 26661
9 36 48089
9 37 45853
9 38 12666
9 39 -2718
9 40 1356
9 41 36082
9 42 39989
9 43 30835
9 44 4864
9 45 31570
9 46 25362
9 47 42092
9 48 34887
9 49 19618
9 50 -734
9 51 15387
9 52 27576
9 53 17882
9 54 30218
9 55 2089
9 56 22229
9 57 38678
9 58 5340
9 59 18413
9 60 56907
9 61 36470
9 62 33232
9 63 23195
9 64 28570
9 65 19429
9 66 11600
9 67 22433
9 68 27111
9 69 46370
9 70 55310
9 71 57935
9 72 4690
9 73 30403
9 74 35935
9 75 22016
9 76 13524
10 1 39930
10 2 31990
10 3 22453
10 4 28339
10 5 39349
10 6 26786
10 7 13003
10 8 18532
10 9 4745
10 11 -536
10 12 10595
10 13 30837
10 14 11043
10 15 40528
10 16 27542
10 17 18672
10 18 19479
10 19 19262
10 20 44832
10 21 39819
10 22 42949
10 23 39267
10 24 19631
10 25 11021
10 26 14827
10 27 29916
10 28 38617
10 29 36774
10 30 33855
10 31 -12248
10 32 12112
10 33 29992
10 34 24991
10 35 18229
10 36 49376
10 37 45028
10 38 -2470
10 39 4821
10 40 10375
10 41 48246
10 42 51361
10 43 42377
10 44 18954
10 45 31290
10 46 21531
10 47 43943
10 48 36684
10 49 33977
10 50 14790
10 51 24318
10 52 23881
10 53 6306
10 54 22238
10 55 12938
10 56 36046
10 57 34555
10 58 -2696
10 59 4197
10 60 56539
10 61 42668
10 62 41101
10 63 34764
10 64 39385
10 65 3798
10 66 -3987
10 67 21453
10 68 31536
10 69 49163
10 70 54056
10 71 58541
10 72 3445
10 73 39355
10 74 40498
10 75 24939
10 76 15923
11 1 46594
11 2 35172
11 3 33579
11 4 28561
11 5 35965
11 6 32042
11 7 9946
11 8 12725
11 9 18707
11 10 1065
11 12 19197
11 13 23630
11 14 -2097
11 15 34708
11 16 36719
11 17 25999
11 18 33778
11 19 9222
11 20 38867
11 21 39819
11 22 47671
11 23 48954
11 24 32209
11 25 25947
11 26 18403
11 27 25575
11 28 41292
11 29 34128
11 30 34547
11 31 699
11 32 25022
11 33 36660
11 34 22629
11 35 11297
11 36 46662
11 37 40496
11 38 -1408
11 39 18654
11 40 20662
11 41 56254
11 42 58479
11 43 49912
11 44 30794
11 45 29282
11 46 18475
11 47 42221
11 48 35531
11 49 45153
11 50 28864
11 51 31933
11 52 19595
11 53 -3187
11 54 12274
11 55 27950
11 56 46036
11 57 27524
11 58 7115
11 59 -10837
11 60 51716
11 61 44519
11 62 45505
11 63 43078
11 64 45572
11 65 99
11 66 -14735
11 67 22018
11 68 34710
11 69 47567
11 70 48547
11 71 54783
11 72 16251
11 73 45038
11 74 41932
11 75 27704
11 76 19078
12 1 24171
12 2 16810
12 3 9365
12 4 15806
12 5 27857
12 6 11146
12 7 9168
12 8 13606
12 9 1135
12 10 1843
12 11 8844
12 13 24209
12 14 14932
12 15 31299
12 16 12549
12 17 2865
12 18 13382
12 19 18003
12 20 34964
12 21 25719
12 22 27182
12 23 24707
12 24 8527
12 25 10138
12 26 2612
12 27 20824
12 28 23368
12 29 25245
12 30 19992
12 31 -384
12 32 3061
12 33 14202
12 34 15735
12 35 16322
12 36 36841
12 37 34076
12 38 9739
12 39 3455
12 40 -3394
12 41 32859
12 42 35723
12 43 26820
12 44 7099
12 45 19734
12 46 13488
12 47 30972
12 48 23674
12 49 20799
12 50 8480
12 51 8579
12 52 15598
12 53 9694
12 54 18967
12 55 14074
12 56 21732
12 57 26649
12 58 1600
12 59 11466
12 60 45283
12 61 27546
12 62 25428
12 63 19388
12 64 23621
12 65 17235
12 66 8399
12 67 10392
12 68 16723
12 69 35698
12 70 43504
12 71 46534
12 72 4635
12 73 23549
12 74 25899
12 75 10805
12 76 2006
13 1 34450
13 2 19304
13 3 36335
13 4 13938
13 5 7518
13 6 23046
13 7 13344
13 8 4932
13 9 32360
13 10 24045
13 11 15237
13 12 26169
13 14 9273
13 15 4115
13 16 33043
13 17 25949
13 18 43915
13 19 3837
13 20 8072
13 21 15093
13 22 30321
13 23 42943
13 24 34986
13 25 41469
13 26 18509
13 27 1646
13 28 21383
13 29 8467
13 30 14767
13 31 25698
13 32 33771
13 33 26929
13 34 10134
13 35 12850
13 36 17902
13 37 10347
13 38 24968
13 39 33767
13 40 26848
13 41 44951
13 42 45142
13 43 38307
13 44 35793
13 45 6927
13 46 8168
13 47 15296
13 48 10777
13 49 44469
13 50 39342
13 51 28405
13 52 1120
13 53 11900
13 54 -6749
13 55 45355
13 56 39669
13 57 -3226
13 58 24606
13 59 4213
13 60 21120
13 61 21484
13 62 29368
13 63 35878
13 64 29219
13 65 30028
13 66 15321
13 67 15323
13 68 22558
13 69 19604
13 70 17790
13 71 24800
13 72 32432
13 73 32077
13 74 21125
13 75 18030
13 76 12484
14 1 45542
14 2 32250
14 3 36853
14 4 24741
14 5 28621
14 6 31043
14 7 8027
14 8 6617
14 9 25149
14 10 9802
14 11 -4939
14 12 22443
14 13 14824
14 15 26115
14 16 38096
14 17 27365
14 18 39915
14 19 -163
14 20 29880
14 21 34207
14 22 44982
14 23 50134
14 24 36161
14 25 33475
14 26 18509
14 27 18617
14 28 37460
14 29 27586
14 30 30102
14 31 10657
14 32 30108
14 33 36039
14 34 17943
14 35 6196
14 36 39329
14 37 32295
14 38 8023
14 39 25299
14 40 24264
14 41 55841
14 42 57366
14 43 49270
14 44 34757
14 45 23474
14 46 13731
14 47 35653
14 48 29604
14 49 47867
14 50 34875
14 51 32753
14 52 13192
14 53 -4187
14 54 2204
14 55 36273
14 56 47281
14 57 18380
14 58 13508
14 59 -15240
14 60 43094
14 61 39780
14 62 42945
14 63 43511
14 64 43554
14 65 10720
14 66 -6204
14 67 19610
14 68 32416
14 69 40704
14 70 39658
14 71 46736
14 72 22801
14 73 43493
14 74 37544
14 75 25671
14 76 17726
15 1 32441
15 2 17867
15 3 40198
15 4 17186
15 5 -973
15 6 24705
15 7 22771
15 8 14861
15 9 39303
15 10 33445
15 11 26024
15 12 32968
15 13 3824
15 14 20273
15 16 34751
15 17 30813
15 18 48817
15 19 14837
15 20 -2536
15 21 7763
15 22 25774
15 23 42622
15 24 37596
15 25 48142
15 26 25216
15 27 6782
15 28 16528
15 29 5211
15 30 12848
15 31 34837
15 32 39314
15 33 26778
15 34 17134
15 35 23223
15 36 7778
15 37 -533
15 38 35128
15 39 41325
15 40 32738
15 41 42298
15 42 41716
15 43 35875
15 44 40289
15 45 7343
15 46 16225
15 47 6972
15 48 5296
15 49 46302
15 50 44723
15 51 31412
15 52 8701
15 53 22547
15 54 3161
15 55 52099
15 56 38792
15 57 -7527
15 58 33494
15 59 14922
15 60 10156
15 61 14158
15 62 26276
15 63 36007
15 64 24156
15 65 40567
15 66 26245
15 67 21697
15 68 24107
15 69 9686
15 70 6987
15 71 13885
15 72 40635
15 73 30389
15 74 16859
15 75 21493
15 76 17126
16 1 6427
16 2 9818
16 3 3133
16 4 20959
16 5 28542
16 6 6195
16 7 26337
16 8 27896
16 9 12630
16 10 21543
16 11 29119
16 12 15302
16 13 33836
16 14 33338
16 15 35835
16 17 10007
16 18 10230
16 19 33557
16 20 36784
16 21 19195
16 22 11668
16 23 4271
16 24 -4941
16 25 16218
16 26 17163
16 27 28634
16 28 12781
16 29 27586
16 30 17909
16 31 15529
16 32 6937
16 33 -966
16 34 26409
16 35 33067
16 36 33665
16 37 34541
16 38 30229
16 39 18791
16 40 8150
16 41 12834
16 42 16468
16 43 7324
16 44 4781
16 45 23541
16 46 25724
16 47 27777
16 48 21865
16 49 3599
16 50 8745
16 51 3707
16 52 25637
16 53 28775
16 54 31712
16 55 18408
16 56 1384
16 57 33141
16 58 21914
16 59 30566
16 60 43656
16 61 16076
16 62 12385
16 63 -336
16 64 5036
16 65 37716
16 66 28897
16 67 21677
16 68 15738
16 69 29548
16 70 43495
16 71 43691
16 72 23420
16 73 8805
16 74 19337
16 75 14965
16 76 9339
17 1 16988
17 2 10038
17 3 6175
17 4 11938
17 5 23523
17 6 4029
17 7 12163
17 8 14748
17 9 5646
17 10 9119
17 11 14845
17 12 2064
17 13 23188
17 14 19053
17 15 28343
17 16 6453
17 18 13739
17 19 20112
17 20 31292
17 21 19562
17 22 19911
17 23 18668
17 24 5426
17 25 13546
17 26 3048
17 27 18741
17 28 16439
17 29 21186
17 30 14334
17 31 6360
17 32 4121
17 33 6985
17 34 14598
17 35 19101
17 36 31615
17 37 29870
17 38 16607
17 39 9438
17 40 -1785
17 41 26015
17 42 28650
17 43 19836
17 44 5430
17 45 15950
17 46 13241
17 47 25587
17 48 18437
17 49 16219
17 50 9497
17 51 1566
17 52 14416
17 53 14367
17 54 19573
17 55 17386
17 56 15798
17 57 24465
17 58 8768
17 59 16189
17 60 40662
17 61 20653
17 62 18214
17 63 12686
17 64 16414
17 65 24092
17 66 14863
17 67 9104
17 68 10558
17 69 29825
17 70 39331
17 71 41522
17 72 11760
17 73 16270
17 74 19498
17 75 5838
17 76 -2015
18 1 28792
18 2 32151
18 3 10412
18 4 38615
18 5 49377
18 6 26587
18 7 35572
18 8 40022
18 9 6356
18 10 18605
18 11 31303
18 12 21260
18 13 49833
18 14 40282
18 15 55026
18 16 15355
18 17 22418
18 19 44437
18 20 57497
18 21 42112
18 22 34370
18 23 19536
18 24 -7440
18 25 -752
18 26 28328
18 27 45565
18 28 36075
18 29 47444
18 30 39086
18 31 4030
18 32 3250
18 33 22338
18 34 41145
18 35 42687
18 36 56004
18 37 55684
18 38 29824
18 39 14537
18 40 13347
18 41 30925
18 42 36090
18 43 27260
18 44 7203
18 45 42476
18 46 39402
18 47 49955
18 48 43380
18 49 12627
18 50 -6136
18 51 21412
18 52 41042
18 53 34824
18 54 45349
18 55 -3291
18 56 13928
18 57 51293
18 58 22561
18 59 35652
18 60 65746
18 61 39359
18 62 35704
18 63 21812
18 64 24813
18 65 36352
18 66 28581
18 67 35564
18 68 35489
18 69 52581
18 70 65013
18 71 66071
18 72 21941
18 73 32104
18 74 42006
18 75 32298
18 76 24809
19 1 40098
19 2 25849
19 3 35243
19 4 18339
19 5 19827
19 6 26231
19 7 6301
19 8 341
19 9 26736
19 10 14457
19 11 2816
19 12 21950
19 13 5824
19 14 -3727
19 15 17115
19 16 34751
19 17 24860
19 18 40506
19 20 20928
19 21 26025
19 22 38341
19 23 46246
19 24 34634
19 25 35694
19 26 15897
19 27 10227
19 28 30237
19 29 19179
19 30 22812
19 31 16071
19 32 30219
19 33 31138
19 34 11556
19 35 3577
19 36 30486
19 37 23308
19 38 13961
19 39 27335
19 40 23569
19 41 50640
19 42 51673
19 43 43982
19 44 33781
19 45 15560
19 46 7660
19 47 27086
19 48 21392
19 49 45369
19 50 35540
19 51 29368
19 52 5382
19 53 215
19 54 -5957
19 55 39135
19 56 43322
19 57 9443
19 58 16364
19 59 -7981
19 60 34101
19 61 31931
19 62 36548
19 63 39276
19 64 37163
19 65 18088
19 66 2500
19 67 14966
19 68 26777
19 69 31969
19 70 30695
19 71 37755
19 72 25182
19 73 37827
19 74 30107
19 75 20536
19 76 13332
20 1 37112
20 2 24101
20 3 48777
20 4 26636
20 5 3495
20 6 32617
20 7 33530
20 8 25619
20 9 49301
20 10 44170
20 11 36604
20 12 43054
20 13 14202
20 14 30459
20 15 3885
20 16 42121
20 17 40183
20 18 57709
20 19 25071
20 21 8691
20 22 28143
20 23 48219
20 24 45149
20 25 57941
20 26 35410
20 27 17400
20 28 19432
20 29 13452
20 30 19685
20 31 45495
20 32 48704
20 33 33152
20 34 27663
20 35 33940
20 36 4302
20 37 -3670
20 38 45892
20 39 51571
20 40 42419
20 41 45893
20 42 44664
20 43 39853
20 44 49181
20 45 16554
20 46 26895
20 47 8003
20 48 10291
20 49 53472
20 50 53932
20 51 39817
20 52 19409
20 53 33198
20 54 12460
20 55 61869
20 56 43783
20 57 1268
20 58 44143
20 59 24290
20 60 254
20 61 13583
20 62 30524
20 63 42284
20 64 25249
20 65 51269
20 66 36679
20 67 31938
20 68 32313
20 69 5230
20 70 -3505
20 71 6052
20 72 51106
20 73 35651
20 74 21181
20 75 30652
20 76 26693
21 1 16161
21 2 7054
21 3 33541
21 4 18961
21 5 4003
21 6 17736
21 7 31618
21 8 26563
21 9 38489
21 10 39183
21 11 37582
21 12 33835
21 13 21249
21 14 34812
21 15 14210
21 16 24558
21 17 28479
21 18 42350
21 19 30194
21 20 8717
21 22 6131
21 23 27714
21 24 27041
21 25 45640
21 26 27938
21 27 18282
21 28 -2145
21 29 10277
21 30 6781
21 31 38625
21 32 35559
21 33 14515
21 34 24793
21 35 34898
21 36 2093
21 37 6372
21 38 43615
21 39 42200
21 40 31067
21 41 24059
21 42 22681
21 43 18240
21 44 34662
21 45 11955
21 46 24963
21 47 -1703
21 48 -78
21 49 34987
21 50 39729
21 51 25180
21 52 19502
21 53 34167
21 54 21676
21 55 49043
21 56 22633
21 57 13469
21 58 38474
21 59 31375
21 60 11988
21 61 -6835
21 62 9679
21 63 22992
21 64 3544
21 65 50343
21 66 38400
21 67 25955
21 68 19356
21 69 -2821
21 70 13056
21 71 11650
21 72 43489
21 73 15637
21 74 2560
21 75 20270
21 76 17218
22 1 2240
22 2 8191
22 3 26521
22 4 26007
22 5 20798
22 6 16165
22 7 38237
22 8 35911
22 9 35093
22 10 40850
22 11 43971
22 12 33835
22 13 35014
22 14 44124
22 15 30758
22 16 15568
22 17 27365
22 18 33145
22 19 41047
22 20 26706
22 21 4668
22 23 12678
22 24 14918
22 25 39722
22 26 31051
22 27 30380
22 28 -2145
22 29 24082
22 30 15144
22 31 37496
22 32 30108
22 33 6432
22 34 33259
22 35 43308
22 36 19813
22 37 24306
22 38 47539
22 39 40329
22 40 28723
22 41 6370
22 42 4709
22 43 1266
22 44 28136
22 45 23338
22 46 33418
22 47 16055
22 48 14387
22 49 23032
22 50 32249
22 51 21336
22 52 30113
22 53 41510
22 54 35090
22 55 41876
22 56 6107
22 57 29667
22 58 40345
22 59 41487
22 60 29107
22 61 -5258
22 62 2089
22 63 11609
22 64 -12938
22 65 54875
22 66 44633
22 67 31608
22 68 21799
22 69 11994
22 70 30806
22 71 28606
22 72 43489
22 73 6434
22 74 10150
22 75 23724
22 76 20337
23 1 4921
23 2 16870
23 3 13856
23 4 31651
23 5 35686
23 6 16833
23 7 38912
23 8 39895
23 9 23531
23 10 33834
23 11 41920
23 12 28026
23 13 44302
23 14 45942
23 15 44272
23 16 4837
23 17 22788
23 18 14977
23 19 45618
23 20 43448
23 21 22917
23 22 9344
23 24 -5069
23 25 24431
23 26 29788
23 27 38982
23 28 15201
23 29 36062
23 30 25805
23 31 26298
23 32 17221
23 33 5465
23 34 37938
23 35 45490
23 36 38268
23 37 40942
23 38 42875
23 39 30375
23 40 20576
23 41 2855
23 42 8224
23 43 -100
23 44 15142
23 45 32978
23 46 37509
23 47 33082
23 48 28634
23 49 4429
23 50 16148
23 51 16258
23 52 36723
23 53 41510
23 54 42930
23 55 24685
23 56 -11386
23 57 42239
23 58 34490
23 59 43246
23 60 48237
23 61 15837
23 62 14643
23 63 2801
23 64 -3194
23 65 50343
23 66 41640
23 67 33708
23 68 25934
23 69 32155
23 70 49018
23 71 47876
23 72 35635
23 73 11881
23 74 24581
23 75 26303
23 76 21308
24 1 18198
24 2 25405
24 3 8275
24 4 35771
24 5 44191
24 6 21543
24 7 37701
24 8 40767
24 9 13932
24 10 26256
24 11 37233
24 12 23904
24 13 48403
24 14 44027
24 15 51304
24 16 7683
24 17 21604
24 18 59
24 19 46064
24 20 52436
24 21 34302
24 22 23642
24 23 6989
24 25 11193
24 26 28934
24 27 43411
24 28 27265
24 29 43117
24 30 33555
24 31 15102
24 32 7936
24 33 14033
24 34 40239
24 35 44805
24 36 49081
24 37 50189
24 38 36671
24 39 21760
24 40 15549
24 41 18286
24 42 23747
24 43 15236
24 44 7647
24 45 38849
24 46 39141
24 47 43285
24 48 37508
24 49 1450
24 50 3128
24 51 17524
24 52 39841
24 53 38813
24 54 45474
24 55 9839
24 56 811
24 57 48396
24 58 28425
24 59 40538
24 60 59121
24 61 29546
24 62 26554
24 63 11966
24 64 12294
24 65 43802
24 66 35786
24 67 34951
24 68 31048
24 69 44414
24 70 59095
24 71 59055
24 72 28392
24 73 22975
24 74 34722
24 75 29480
24 76 23059
25 1 34688
25 2 34275
25 3 13549
25 4 37249
25 5 49103
25 6 28029
25 7 29982
25 8 35210
25 9 -611
25 10 9119
25 11 22444
25 12 16988
25 13 46359
25 14 32814
25 15 53323
25 16 20315
25 17 21197
25 18 -1780
25 19 38597
25 20 56701
25 21 44374
25 22 39919
25 23 27962
25 24 2666
25 26 24802
25 27 42990
25 28 39632
25 29 46675
25 30 39786
25 31 -7263
25 32 1991
25 33 26571
25 34 37938
25 35 36794
25 36 57113
25 37 55439
25 38 20597
25 39 6760
25 40 10612
25 41 39075
25 42 43704
25 43 34615
25 44 9273
25 45 41308
25 46 35627
25 47 51048
25 48 43987
25 49 20855
25 50 -3890
25 51 22894
25 52 37798
25 53 27452
25 54 40477
25 55 -8107
25 56 23305
25 57 48835
25 58 14649
25 59 27130
25 60 66273
25 61 43568
25 62 39907
25 63 27713
25 64 32495
25 65 26569
25 66 18777
25 67 32547
25 68 35918
25 69 54838
25 70 64906
25 71 67072
25 72 14074
25 73 36620
25 74 44147
25 75 31407
25 76 23165
26 1 23001
26 2 12406
26 3 14158
26 4 8643
26 5 20495
26 6 8451
26 7 3984
26 8 6761
26 9 8942
26 10 6057
26 11 8032
26 12 2594
26 13 16531
26 14 10980
26 15 23529
26 16 14392
26 17 3831
26 18 20432
26 19 11932
26 20 27302
26 21 19804
26 22 24380
26 23 26451
26 24 13539
26 25 17934
26 27 13014
26 28 18962
26 29 17838
26 30 13843
26 31 5921
26 32 10156
26 33 13104
26 34 7951
26 35 10857
26 36 29928
26 37 26606
26 38 11411
26 39 10963
26 40 3212
26 41 32822
26 42 34895
26 43 26401
26 44 12881
26 45 12285
26 46 5900
26 47 24252
26 48 16940
26 49 24462
26 50 15721
26 51 9055
26 52 7840
26 53 6617
26 54 11917
26 55 21878
26 56 23600
26 57 18840
26 58 5340
26 59 8262
26 60 37941
26 61 22846
26 62 22258
26 63 19982
26 64 22010
26 65 18660
26 66 8514
26 67 2595
26 68 11817
26 69 29315
26 70 35981
26 71 39427
26 72 10867
26 73 21466
26 74 20517
26 75 4994
26 76 -3994
27 1 27505
27 2 12406
27 3 29868
27 4 6988
27 5 4965
27 6 16029
27 7 10898
27 8 3725
27 9 27381
27 10 21373
27 11 15431
27 12 21033
27 13 -105
27 14 11315
27 15 5322
27 16 26090
27 17 19751
27 18 37896
27 19 6489
27 20 9519
27 21 10375
27 22 23936
27 23 35872
27 24 28243
27 25 36349
27 26 13241
27 28 15275
27 29 3557
27 30 8165
27 31 22672
27 32 27987
27 33 19860
27 34 4944
27 35 12297
27 36 15674
27 37 9894
27 38 23515
27 39 29228
27 40 21189
27 41 38049
27 42 38385
27 43 31389
27 44 29551
27 45 330
27 46 4074
27 47 11619
27 48 5743
27 49 37565
27 50 33515
27 51 21639
27 52 -3301
27 53 11813
27 54 -667
27 55 40301
27 56 32603
27 57 437
27 58 21321
27 59 7671
27 60 21377
27 61 16373
27 62 22680
27 63 28809
27 64 22867
27 65 29374
27 66 16038
27 67 9744
27 68 15504
27 69 16776
27 70 18726
27 71 23925
27 72 28437
27 73 25121
27 74 15016
27 75 11236
27 76 6078
28 1 6709
28 2 1840
28 3 26335
28 4 18409
28 5 11361
28 6 12140
28 7 31297
28 8 27953
28 9 33025
28 10 36281
28 11 37355
28 12 29784
28 13 25839
28 14 36365
28 15 21275
28 16 16444
28 17 23656
28 18 34613
28 19 32706
28 20 17758
28 21 -3845
28 22 -2382
28 23 18298
28 24 18304
28 25 39198
28 26 25396
28 27 21482
28 29 14736
28 30 6549
28 31 34431
28 32 29125
28 33 6243
28 34 25436
28 35 35743
28 36 11578
28 37 15267
28 38 41950
28 39 37442
28 40 25873
28 41 14832
28 42 13764
28 43 8839
28 44 27709
28 45 14445
28 46 25659
28 47 7005
28 48 4906
28 49 26207
28 50 32585
28 51 18933
28 52 21645
28 53 34431
28 54 26049
28 55 42179
28 56 13147
28 57 20183
28 58 35587
28 59 33535
28 60 21441
28 61 -7415
28 62 430
28 63 14099
28 64 -3714
28 65 49073
28 66 38151
28 67 24795
28 68 15738
28 69 5571
28 70 22511
28 71 21051
28 72 39635
28 73 6703
28 74 901
28 75 17526
28 76 14438
29 1 22656
29 2 7790
29 3 30492
29 4 8340
29 5 -2327
29 6 14645
29 7 18218
29 8 11960
29 9 31105
29 10 27793
29 11 23546
29 12 25016
29 13 6278
29 14 19846
29 15 3313
29 16 24604
29 17 21758
29 18 39337
29 19 15003
29 20 5133
29 21 1932
29 22 17200
29 23 32514
29 24 27511
29 25 39596
29 26 17627
29 27 3119
29 28 8091
29 30 2743
29 31 28529
29 32 30269
29 33 16605
29 34 11276
29 35 20484
29 36 7778
29 37 3848
29 38 30841
29 39 33656
29 40 24065
29 41 32810
29 42 32561
29 43 26278
29 44 30794
29 45 -1601
29 46 11161
29 47 3152
29 48 -2619
29 49 36140
29 50 35498
29 51 21583
29 52 4742
29 53 19958
29 54 6654
29 55 43501
29 56 28794
29 57 1268
29 58 27360
29 59 16178
29 60 15116
29 61 8147
29 62 16831
29 63 25830
29 64 16005
29 65 37073
29 66 24256
29 67 14402
29 68 14127
29 69 8453
29 70 13299
29 71 16786
29 72 33648
29 73 20469
29 74 7914
29 75 12218
29 76 8362
30 1 13769
30 2 -1210
30 3 23202
30 4 6158
30 5 4381
30 6 6835
30 7 19135
30 8 15197
30 9 26214
30 10 26144
30 11 25235
30 12 21033
30 13 13848
30 14 23632
30 15 12220
30 16 16197
30 17 16176
30 18 32249
30 19 19906
30 20 12636
30 21 -294
30 22 9532
30 23 23527
30 24 19219
30 25 33977
30 26 14902
30 27 8997
30 28 1174
30 29 4013
30 31 25718
30 32 24113
30 33 7695
30 34 12786
30 35 23130
30 36 11069
30 37 10495
30 38 30730
30 39 29560
30 40 18802
30 41 24090
30 42 24127
30 43 17497
30 44 23894
30 45 1989
30 46 13019
30 47 5010
30 48 -1951
30 49 27621
30 50 28901
30 51 14268
30 52 8855
30 53 22055
30 54 13743
30 55 37673
30 56 19797
30 57 10253
30 58 25436
30 59 20745
30 60 20470
30 61 3725
30 62 8345
30 63 16926
30 64 8461
30 65 37581
30 66 26068
30 67 13063
30 68 7077
30 69 9449
30 70 19701
30 71 21051
30 72 30563
30 73 11514
30 74 1206
30 75 7341
30 76 4241
31 1 47136
31 2 42039
31 3 26706
31 4 40262
31 5 51891
31 6 36077
31 7 26337
31 8 31930
31 9 6813
31 10 -514
31 11 10832
31 12 20102
31 13 44224
31 14 23632
31 15 53654
31 16 33262
31 17 27647
31 18 16638
31 19 32610
31 20 57891
31 21 50995
31 22 51329
31 23 43465
31 24 20211
31 25 6373
31 26 26425
31 27 42949
31 28 48501
31 29 49244
31 30 45163
31 32 14606
31 33 37697
31 34 37840
31 35 31681
31 36 61546
31 37 57790
31 38 9398
31 39 9190
31 40 17526
31 41 53794
31 42 57695
31 43 48545
31 44 22513
31 45 43696
31 46 34576
31 47 55863
31 48 48545
31 49 36864
31 50 13476
31 51 32217
31 52 36994
31 53 19423
31 54 35651
31 55 4513
31 56 39581
31 57 47871
31 58 9662
31 59 14934
31 60 69258
31 61 52713
31 62 50036
31 63 40878
31 64 46241
31 65 12953
31 66 4291
31 67 33708
31 68 42041
31 69 60827
31 70 66974
31 71 70972
31 72 12127
31 73 47543
31 74 51217
31 75 35964
31 76 27031
32 1 23391
32 2 22204
32 3 2195
32 4 26144
32 5 37634
32 6 15983
32 7 22295
32 8 26681
32 9 -3696
32 10 8236
32 11 19545
32 12 7937
32 13 36687
32 14 27473
32 15 42521
32 16 9060
32 17 9798
32 18 248
32 19 31148
32 20 45490
32 21 32319
32 22 28331
32 23 18778
32 24 -2565
32 25 17
32 26 15050
32 27 32654
32 28 27585
32 29 35374
32 30 27948
32 31 -1004
32 33 14763
32 34 28005
32 35 29433
32 36 45253
32 37 43987
32 38 18708
32 39 3789
32 40 51
32 41 29173
32 42 33287
32 43 24129
32 44 -2120
32 45 30162
32 46 26146
32 47 39174
32 48 32209
32 49 12407
32 50 -4520
32 51 10815
32 52 27917
32 53 22055
32 54 32014
32 55 3482
32 56 15032
32 57 38479
32 58 10617
32 59 23374
32 60 54593
32 61 31576
32 62 27983
32 63 16668
32 64 21969
32 65 25785
32 66 17810
32 67 22433
32 68 24087
32 69 42798
32 70 53431
32 71 55255
32 72 10400
32 73 24817
32 74 32088
32 75 20022
32 76 12127
33 1 453
33 2 2230
33 3 10896
33 4 16863
33 5 21329
33 6 2631
33 7 26025
33 8 25846
33 9 19093
33 10 25592
33 11 30659
33 12 18554
33 13 29321
33 14 32880
33 15 29461
33 16 633
33 17 12138
33 18 18812
33 19 31543
33 20 29414
33 21 10751
33 22 4131
33 23 6498
33 24 3008
33 25 24073
33 26 17474
33 27 24003
33 28 4179
33 29 21186
33 30 11006
33 31 21563
33 32 14239
33 34 23535
33 35 32102
33 36 25491
33 37 27017
33 38 33074
33 39 24416
33 40 12885
33 41 10249
33 42 12265
33 43 3746
33 44 12428
33 45 17948
33 46 23308
33 47 19757
33 48 14387
33 49 11022
33 50 17019
33 51 5603
33 52 21987
33 53 29124
33 54 28161
33 55 26684
33 56 3179
33 57 27281
33 58 25319
33 59 30353
33 60 35542
33 61 7615
33 62 3876
33 63 -336
33 64 -138
33 65 40536
33 66 30994
33 67 19960
33 68 11124
33 69 21017
33 70 35672
33 71 35454
33 72 27915
33 73 488
33 74 11141
33 75 12064
33 76 7727
34 1 25678
34 2 11589
34 3 23561
34 4 4009
34 5 11581
34 6 12057
34 7 4135
34 8 -204
34 9 19703
34 10 13889
34 11 9926
34 12 13385
34 13 5824
34 14 8082
34 15 13115
34 16 21306
34 17 13049
34 18 30917
34 19 5259
34 20 17223
34 21 14327
34 22 24256
34 23 32269
34 24 22512
34 25 28738
34 26 5619
34 27 2385
34 28 16670
34 29 9155
34 30 9395
34 31 15004
34 32 20779
34 33 16833
34 35 7477
34 36 21918
34 37 17173
34 38 16703
34 39 21443
34 40 13868
34 41 36228
34 42 37264
34 43 29566
34 44 22864
34 45 3927
34 46 -2634
34 47 16972
34 48 10083
34 49 32432
34 50 26348
34 51 16187
34 52 -2952
34 53 6533
34 54 2470
34 55 32673
34 56 29270
34 57 8079
34 58 13665
34 59 5371
34 60 28682
34 61 19305
34 62 22311
34 63 25204
34 64 22958
34 65 23028
34 66 10742
34 67 2323
34 68 12367
34 69 22362
34 70 26272
34 71 30789
34 72 20635
34 73 23407
34 74 16859
34 75 6379
34 76 -77
35 1 35669
35 2 22400
35 3 28499
35 4 14966
35 5 20965
35 6 21232
35 7 -865
35 8 -2275
35 9 19457
35 10 7964
35 11 -569
35 12 14809
35 13 9377
35 14 -2828
35 15 20041
35 16 28801
35 17 18389
35 18 33296
35 19 -1883
35 20 24337
35 21 25269
35 22 35142
35 23 40658
35 24 27915
35 25 28431
35 26 9362
35 27 10575
35 28 27814
35 29 19200
35 30 20576
35 31 9682
35 32 23044
35 33 26237
35 34 8314
35 36 31665
35 37 25602
35 38 8419
35 39 20085
35 40 16507
35 41 46013
35 42 47478
35 43 39424
35 44 26840
35 45 14543
35 46 4074
35 47 27327
35 48 20811
35 49 39022
35 50 28311
35 51 23394
35 52 4618
35 53 -4187
35 54 441
35 55 31917
35 56 37792
35 57 13310
35 58 9332
35 59 -5352
35 60 36928
35 61 30462
35 62 33078
35 63 33892
35 64 33669
35 65 13644
35 66 76
35 67 9744
35 68 22517
35 69 32633
35 70 33912
35 71 39827
35 72 17996
35 73 33599
35 74 28039
35 75 15788
35 76 7951
36 1 26567
36 2 15873
36 3 42237
36 4 23509
36 5 1015
36 6 25919
36 7 34335
36 8 27739
36 9 45529
36 10 43755
36 11 39440
36 12 39972
36 13 19073
36 14 34949
36 15 9240
36 16 34043
36 17 35547
36 18 51257
36 19 29670
36 20 -657
36 21 -2892
36 22 16291
36 23 38080
36 24 36835
36 25 53394
36 26 33077
36 27 18596
36 28 8293
36 29 11138
36 30 13159
36 31 44191
36 32 43508
36 33 24270
36 34 27399
36 35 36309
36 37 -1943
36 38 46966
36 39 48621
36 40 38155
36 41 34389
36 42 32869
36 43 28655
36 44 43110
36 45 14323
36 46 27270
36 47 -1625
36 48 3508
36 49 44857
36 50 48172
36 51 33451
36 52 20576
36 53 35824
36 54 19056
36 55 57077
36 56 33072
36 57 8478
36 58 43227
36 59 30451
36 60 1718
36 61 974
36 62 20027
36 63 33027
36 64 12780
36 65 53161
36 66 40058
36 67 30180
36 68 26493
36 69 -6427
36 70 2661
36 71 1721
36 72 49123
36 73 25803
36 74 11703
36 75 26353
36 76 23029
37 1 31030
37 2 18191
37 3 43337
37 4 21938
37 5 -1964
37 6 27044
37 7 30536
37 8 23139
37 9 44699
37 10 40813
37 11 34680
37 12 38613
37 13 12924
37 14 29321
37 15 2335
37 16 36325
37 17 35208
37 18 52343
37 19 23898
37 20 -7223
37 21 2793
37 22 22190
37 23 42160
37 24 39349
37 25 53126
37 26 31161
37 27 14222
37 28 13388
37 29 8614
37 30 13991
37 31 41841
37 32 43648
37 33 27202
37 34 24060
37 35 31652
37 36 -537
37 38 43161
37 39 47242
37 40 37605
37 41 39852
37 42 38675
37 43 33785
37 44 43869
37 45 11955
37 46 23590
37 47 1972
37 48 4394
37 49 47605
37 50 48741
37 51 34368
37 52 16346
37 53 31110
37 54 12367
37 55 57003
37 56 37701
37 57 1230
37 58 40548
37 59 24140
37 60 1761
37 61 8167
37 62 24441
37 63 36301
37 64 19559
37 65 48930
37 66 35064
37 67 27825
37 68 26900
37 69 1228
37 70 -285
37 71 4700
37 72 47113
37 73 29594
37 74 15114
37 75 25671
37 76 21939
38 1 42997
38 2 33275
38 3 27555
38 4 28002
38 5 37655
38 6 28957
38 7 10414
38 8 15197
38 9 11229
38 10 -6968
38 11 -7507
38 12 13993
38 13 27262
38 14 4766
38 15 37713
38 16 31730
38 17 21662
38 18 26200
38 19 14268
38 20 42056
38 21 39753
38 22 45140
38 23 43810
38 24 25548
38 25 18001
38 26 15683
38 27 27560
38 28 39788
38 29 35324
38 30 33943
38 31 -6834
38 32 18086
38 33 32976
38 34 23307
38 35 14186
38 36 48089
38 37 42878
38 39 11187
38 40 14852
38 41 52026
38 42 54721
38 43 45907
38 44 24404
38 45 30052
38 46 19461
38 47 43060
38 48 35989
38 49 39201
38 50 21390
38 51 27613
38 52 21438
38 53 855
38 54 17457
38 55 19889
38 56 40766
38 57 31183
38 58 524
38 59 -2783
38 60 54344
38 61 43535
38 62 43068
38 63 38581
38 64 42345
38 65 -1972
38 66 -10353
38 67 21021
38 68 32680
38 69 48435
38 70 51528
38 71 56819
38 72 9051
38 73 41908
38 74 41028
38 75 25772
38 76 16849
39 1 31224
39 2 26315
39 3 11626
39 4 26093
39 5 38135
39 6 20202
39 7 16496
39 8 21880
39 9 -6784
39 10 -2306
39 11 9926
39 12 5080
39 13 33432
39 14 19413
39 15 41281
39 16 17663
39 17 11864
39 18 8284
39 19 25013
39 20 45106
39 21 35709
39 22 35301
39 23 28681
39 24 8008
39 25 1535
39 26 12606
39 27 30644
39 28 32651
39 29 35510
39 30 30144
39 31 -9671
39 32 538
39 33 21689
39 34 25418
39 35 23223
39 36 47115
39 37 44330
39 38 8558
39 40 1507
39 41 38425
39 42 42048
39 43 32928
39 44 7781
39 45 29983
39 46 22789
39 47 41216
39 48 33931
39 49 22804
39 50 3388
39 51 16187
39 52 25134
39 53 13992
39 54 27034
39 55 5034
39 56 25221
39 57 36334
39 58 1304
39 59 14330
39 60 55569
39 61 36867
39 62 34027
39 63 25204
39 64 30470
39 65 15389
39 66 7532
39 67 20369
39 68 26635
39 69 45826
39 70 53741
39 71 56827
39 72 635
39 73 31514
39 74 35729
39 75 21019
39 76 12284
40 1 21511
40 2 16529
40 3 4429
40 4 18151
40 5 30016
40 6 10308
40 7 14135
40 8 18220
40 9 -1058
40 10 4900
40 11 13586
40 12 -117
40 13 28165
40 14 20030
40 15 34346
40 16 8674
40 17 2293
40 18 8746
40 19 22899
40 20 37606
40 21 26228
40 22 25347
40 23 20534
40 24 3449
40 25 7039
40 26 6507
40 27 24257
40 28 22734
40 29 27571
40 30 21038
40 31 317
40 32 -1548
40 33 11810
40 34 19495
40 35 21297
40 36 38301
40 37 36345
40 38 13875
40 39 3159
40 41 29400
40 42 32664
40 43 23619
40 44 2001
40 45 22211
40 46 17602
40 47 32283
40 48 25110
40 49 16012
40 50 4019
40 51 6208
40 52 19409
40 53 14775
40 54 23520
40 55 10957
40 56 17438
40 57 30111
40 58 5446
40 59 16509
40 60 47257
40 61 26942
40 62 24027
40 63 15942
40 64 20895
40 65 21312
40 66 12813
40 67 13938
40 68 17263
40 69 36522
40 70 45812
40 71 48185
40 72 6815
40 73 21562
40 74 26121
40 75 12340
40 76 4065
41 1 3571
41 2 17422
41 3 23544
41 4 34528
41 5 34070
41 6 21048
41 7 44464
41 8 44038
41 9 33365
41 10 42468
41 11 48875
41 12 35833
41 13 45965
41 14 51304
41 15 43603
41 16 13055
41 17 29790
41 18 26021
41 19 49667
41 20 40777
41 21 18917
41 22 2691
41 23 2510
41 24 5883
41 25 35199
41 26 35814
41 27 40814
41 28 11390
41 29 36013
41 30 26023
41 31 36282
41 32 27271
41 33 8871
41 34 41552
41 35 50500
41 36 34232
41 37 38289
41 38 50746
41 39 39774
41 40 29097
41 42 -2093
41 43 -5924
41 44 25061
41 45 34089
41 46 41455
41 47 30025
41 48 27200
41 49 15379
41 50 26979
41 51 22966
41 52 39533
41 53 47541
41 54 45449
41 55 35711
41 56 -7217
41 57 42165
41 58 42617
41 59 48783
41 60 43656
41 61 8936
41 62 12275
41 63 8845
41 64 -14170
41 65 58243
41 66 49048
41 67 38338
41 68 29004
41 69 26524
41 70 45240
41 71 43158
41 72 44400
41 73 11942
41 74 22658
41 75 30348
41 76 26158
42 1 3021
42 2 15977
42 3 25708
42 4 33558
42 5 31412
42 6 20936
42 7 44345
42 8 43331
42 9 35418
42 10 43729
42 11 49246
42 12 36843
42 13 44302
42 14 50975
42 15 41167
42 16 14835
42 17 30571
42 18 29332
42 19 48846
42 20 37694
42 21 15685
42 22 -824
42 23 6025
42 24 9490
42 25 37974
42 26 36033
42 27 39296
42 28 8468
42 29 33910
42 30 24206
42 31 38329
42 32 29531
42 33 9033
42 34 40734
42 35 50111
42 36 30858
42 37 35258
42 38 51587
42 39 41543
42 40 30507
42 41 -3947
42 43 -5297
42 44 27306
42 45 32411
42 46 40737
42 47 26986
42 48 24712
42 49 18566
42 50 29864
42 51 23816
42 52 38369
42 53 47541
42 54 44033
42 55 38896
42 56 -3004
42 57 39892
42 58 43659
42 59 48460
42 60 40066
42 61 5007
42 62 10182
42 63 10344
42 64 -17539
42 65 59066
42 66 49595
42 67 37975
42 68 28308
42 69 22763
42 70 41847
42 71 39561
42 72 45795
42 73 11009
42 74 20208
42 75 29910
42 76 25992
43 1 -901
43 2 12980
43 3 20609
43 4 30059
43 5 29978
43 6 16701
43 7 40146
43 8 39597
43 9 30324
43 10 38805
43 11 44739
43 12 32000
43 13 41527
43 14 46939
43 15 39386
43 16 9751
43 17 25817
43 18 24562
43 19 45215
43 20 36943
43 21 15304
43 22 -207
43 23 1761
43 24 5039
43 25 32945
43 26 31599
43 27 36360
43 28 7603
43 29 31687
43 30 21636
43 31 33239
43 32 24433
43 33 4574
43 34 37096
43 35 46117
43 36 30704
43 37 34428
43 38 46833
43 39 36483
43 40 25522
43 41 -3718
43 42 -1237
43 44 22209
43 45 29662
43 46 37011
43 47 26206
43 48 23040
43 49 13795
43 50 24878
43 51 19017
43 52 35061
43 53 43265
43 54 40984
43 55 34025
43 56 -5555
43 57 37879
43 58 38812
43 59 44422
43 60 40345
43 61 6389
43 62 8063
43 63 5286
43 64 -12503
43 65 54322
43 66 44992
43 67 33952
43 68 24552
43 69 23524
43 70 41691
43 71 39872
43 72 40823
43 73 7472
43 74 18519
43 75 25939
43 76 21813
44 1 18410
44 2 18417
44 3 -2867
44 4 24233
44 5 35010
44 6 12468
44 7 23204
44 8 26857
44 9 1176
44 10 12205
44 11 22444
44 12 9102
44 13 35836
44 14 29249
44 15 40623
44 16 4031
44 17 8234
44 18 1328
44 19 31837
44 20 43094
44 21 28549
44 22 23486
44 23 13826
44 24 -5727
44 25 4426
44 26 14902
44 27 31345
44 28 23296
44 29 33026
44 30 24856
44 31 4030
44 32 -4993
44 33 10079
44 34 27217
44 35 30356
44 36 41982
44 37 41335
44 38 22153
44 39 8159
44 40 727
44 41 24090
44 42 28189
44 43 19032
44 45 28059
44 46 25724
44 47 35904
44 48 29162
44 49 7833
44 50 -2136
44 51 7205
44 52 27058
44 53 23984
44 54 31971
44 55 7270
44 56 10242
44 57 36984
44 58 13776
44 59 25676
44 60 51578
44 61 27133
44 62 23438
44 63 11609
44 64 16878
44 65 29429
44 66 21252
44 67 21677
44 68 21147
44 69 39059
44 70 50703
44 71 52035
44 72 14074
44 73 20128
44 74 28336
44 75 17893
44 76 10539
45 1 21511
45 2 6350
45 3 26783
45 4 4009
45 5 2145
45 6 11493
45 7 14135
45 8 8536
45 9 26736
45 10 23395
45 11 19786
45 12 20591
45 13 5824
45 14 16820
45 15 6531
45 16 21645
45 17 17608
45 18 35455
45 19 12470
45 20 9321
45 21 4696
45 22 17542
45 23 30516
45 24 24329
45 25 35315
45 26 13160
45 27 978
45 28 8886
45 29 -515
45 30 1805
45 31 24067
45 32 26143
45 33 14453
45 34 7134
45 35 16913
45 36 12049
45 37 8275
45 38 26655
45 39 29215
45 40 19791
45 41 31972
45 42 32148
45 43 25339
45 44 26913
45 46 7172
45 47 6972
45 48 198
45 49 33212
45 50 31464
45 51 18010
45 52 1520
45 53 16272
45 54 5689
45 55 39242
45 56 27066
45 57 3527
45 58 22927
45 59 13576
45 60 19586
45 61 10320
45 62 16388
45 63 23581
45 64 16473
45 65 33028
45 66 20564
45 67 9938
45 68 10844
45 69 12362
45 70 17698
45 71 21221
45 72 29176
45 73 19159
45 74 8640
45 75 8146
45 76 4065
46 1 27619
46 2 13722
46 3 24283
46 4 6158
46 5 13326
46 6 13727
46 7 2197
46 8 -2275
46 9 19325
46 10 12433
46 11 7776
46 12 13142
46 13 5862
46 14 5874
46 15 14210
46 16 22625
46 17 13696
46 18 31178
46 19 3367
46 20 18459
46 21 16501
46 22 26419
46 23 33844
46 24 23418
46 25 28431
46 26 5572
46 27 3519
46 28 18897
46 29 11044
46 30 11632
46 31 13744
46 32 20924
46 33 18610
46 34 -630
46 35 5241
46 36 23793
46 37 18707
46 38 14861
46 39 20818
46 40 13979
46 41 38135
46 42 39271
46 43 31485
46 44 23375
46 45 5969
46 47 18991
46 48 12191
46 49 33584
46 50 26490
46 51 17367
46 52 -2424
46 53 4337
46 54 1472
46 55 32322
46 56 30887
46 57 8748
46 58 12399
46 59 3199
46 60 30218
46 61 21535
46 62 24441
46 63 26823
46 64 25085
46 65 21046
46 66 8579
46 67 2938
46 68 14286
46 69 24375
46 70 27657
46 71 32505
46 72 19718
46 73 25389
46 74 19095
46 75 8022
46 76 1103
47 1 21253
47 2 9594
47 3 35858
47 4 17554
47 5 -1964
47 6 19524
47 7 29135
47 8 23139
47 9 39213
47 10 38003
47 11 34680
47 12 33784
47 13 16148
47 14 30954
47 15 8115
47 16 27836
47 17 29200
47 18 44889
47 19 25951
47 20 2725
47 21 -7007
47 22 12214
47 23 32575
47 24 30720
47 25 47010
47 26 27082
47 27 14222
47 28 3401
47 29 6193
47 30 6781
47 31 38189
47 32 37110
47 33 18217
47 34 22134
47 35 31652
47 36 -1944
47 37 247
47 38 41618
47 39 42403
47 40 31818
47 41 29863
47 42 28678
47 43 23838
47 44 36713
47 45 8927
47 46 22149
47 48 -2697
47 49 38797
47 50 41771
47 51 27053
47 52 15921
47 53 31110
47 54 16505
47 55 50680
47 56 27905
47 57 7439
47 58 37402
47 59 27054
47 60 7860
47 61 -822
47 62 14643
47 63 27122
47 64 9862
47 65 48028
47 66 35413
47 67 24397
47 68 20108
47 69 -2638
47 70 7959
47 71 8104
47 72 43069
47 73 20087
47 74 5678
47 75 20105
47 76 16849
48 1 18410
48 2 4790
48 3 30258
48 4 11256
48 5 -1964
48 6 13878
48 7 23204
48 8 17725
48 9 33002
48 10 31738
48 11 28984
48 12 27480
48 13 12623
48 14 25899
48 15 7433
48 16 22918
48 17 23044
48 18 39308
48 19 21251
48 20 6007
48 21 -4388
48 22 11540
48 23 29121
48 24 25937
48 25 40943
48 26 20764
48 27 9340
48 28 2296
48 29 1416
48 30 814
48 31 31865
48 32 31139
48 33 13841
48 34 16239
48 35 26130
48 36 4183
48 37 3663
48 38 35541
48 39 36112
48 40 25639
48 41 28032
48 42 27398
48 43 21666
48 44 30965
48 45 3147
48 46 16343
48 47 -1703
48 49 34191
48 50 35968
48 51 21336
48 52 10604
48 53 25487
48 54 13027
48 55 44681
48 56 24973
48 57 6258
48 58 31116
48 59 22431
48 60 13401
48 61 1744
48 62 12055
48 63 22992
48 64 10135
48 65 42069
48 66 29773
48 67 18151
48 68 14095
48 69 3479
48 70 12699
48 71 14066
48 72 36745
48 73 16602
48 74 2560
48 75 13828
48 76 10539
49 1 11259
49 2 18623
49 3 5535
49 4 30074
49 5 37580
49 6 15407
49 7 33985
49 8 36291
49 9 14332
49 10 25630
49 11 35205
49 12 21204
49 13 42914
49 14 40761
49 15 45038
49 16 1251
49 17 17425
49 18 5154
49 19 41827
49 20 45787
49 21 27276
49 22 16784
49 23 1515
49 24 -13522
49 25 14410
49 26 24885
49 27 37761
49 28 20196
49 29 36774
49 30 26985
49 31 16783
49 32 7936
49 33 7075
49 34 35187
49 35 40940
49 36 42131
49 37 43473
49 38 35352
49 39 21584
49 40 13140
49 41 12810
49 42 17851
49 43 9020
49 44 6235
49 45 32760
49 46 34335
49 47 36390
49 48 30790
49 50 6112
49 51 12192
49 52 34576
49 53 35824
49 54 40523
49 55 14735
49 56 -2899
49 57 42359
49 58 26913
49 59 37691
49 60 52185
49 61 22535
49 62 19483
49 63 4895
49 64 6597
49 65 42707
49 66 34385
49 67 30180
49 68 24951
49 69 37352
49 70 52269
49 71 52078
49 72 27463
49 73 15907
49 74 27785
49 75 23957
49 76 17994
50 1 27104
50 2 28410
50 3 6663
50 4 33558
50 5 44779
50 6 22454
50 7 29646
50 8 34210
50 9 495
50 10 12958
50 11 25431
50 12 15400
50 13 44302
50 14 34284
50 15 49974
50 16 12912
50 17 17218
50 18 -7094
50 19 38513
50 20 52762
50 21 38533
50 22 32516
50 23 19749
50 24 -5329
50 25 -3820
50 26 22659
50 27 40226
50 28 33089
50 29 42647
50 30 34780
50 31 -90
50 32 -2476
50 33 19587
50 34 35618
50 35 36744
50 36 51961
50 37 51124
50 38 24056
50 39 8683
50 40 7662
50 41 30925
50 42 35664
50 43 26618
50 44 2781
50 45 37527
50 46 33756
50 47 45879
50 48 39082
50 49 12627
50 51 17186
50 52 35529
50 53 28825
50 54 39561
50 55 -2461
50 56 15063
50 57 46031
50 58 16622
50 59 29709
50 60 61505
50 61 36766
50 62 33027
50 63 20057
50 64 24461
50 65 30724
50 66 22929
50 67 30044
50 68 31002
50 69 49044
50 70 60531
50 71 62007
50 72 16031
50 73 29565
50 74 38327
50 75 27340
50 76 19605
51 1 10776
51 2 6555
51 3 4133
51 4 13430
51 5 23167
51 6 432
51 7 17842
51 8 19408
51 9 9317
51 10 15187
51 11 21201
51 12 8200
51 13 26066
51 14 24863
51 15 29364
51 16 575
51 17 1988
51 18 13155
51 19 25042
51 20 31348
51 21 16685
51 22 14304
51 23 12560
51 24 1768
51 25 15665
51 26 8694
51 27 21051
51 28 12138
51 29 21433
51 30 12848
51 31 11352
51 32 5560
51 33 872
51 34 18158
51 35 24528
51 36 29941
51 37 29452
51 38 22980
51 39 14183
51 40 2552
51 41 19613
51 42 22317
51 43 13458
51 44 4823
51 45 16774
51 46 17334
51 47 23862
51 48 17151
51 49 11408
51 50 9887
51 52 17596
51 53 20436
51 54 23494
51 55 19032
51 56 9709
51 57 26177
51 58 15011
51 59 22151
51 60 39553
51 61 16269
51 62 13053
51 63 6309
51 64 10231
51 65 30471
51 66 21263
51 67 13217
51 68 9292
51 69 27179
51 70 38765
51 71 39993
51 72 17475
51 73 10522
51 74 16452
51 75 7119
51 76 968
52 1 28168
52 2 13423
52 3 27867
52 4 6425
52 5 8993
52 6 15407
52 7 6784
52 8 -204
52 9 24093
52 10 17337
52 11 11450
52 12 17806
52 13 1368
52 14 7889
52 15 9240
52 16 25092
52 17 17425
52 18 35372
52 19 3643
52 20 13527
52 21 13594
52 22 25668
52 23 35612
52 24 26672
52 25 33156
52 26 10066
52 27 -1302
52 28 17437
52 29 7179
52 30 10022
52 31 18716
52 32 25249
52 33 19843
52 34 1606
52 35 8339
52 36 19653
52 37 14017
52 38 19392
52 39 25717
52 40 18340
52 41 38767
52 42 39457
52 43 32089
52 44 27263
52 45 2871
52 46 130
52 47 15317
52 48 9006
52 49 36379
52 50 30817
52 51 20183
52 53 7839
52 54 -1217
52 55 37079
52 56 32512
52 57 3786
52 58 17381
52 59 4659
52 60 25496
52 61 19250
52 62 24027
52 63 28509
52 64 24549
52 65 25277
52 66 12117
52 67 6787
52 68 15238
52 69 20596
52 70 22806
52 71 28027
52 72 24704
52 73 25803
52 74 17302
52 75 9975
52 76 4065
53 1 40495
53 2 28149
53 3 30189
53 4 21104
53 5 27965
53 6 25857
53 7 2737
53 8 4725
53 9 18162
53 10 3525
53 11 -7569
53 12 15665
53 13 15911
53 14 -5727
53 15 26849
53 16 31993
53 17 21139
53 18 32917
53 19 2239
53 20 31079
53 21 32022
53 22 40828
53 23 44162
53 24 29407
53 25 26573
53 26 12606
53 27 17575
53 28 33986
53 29 26158
53 30 26985
53 31 4908
53 32 23150
53 33 30743
53 34 14854
53 35 3297
53 36 38664
53 37 32544
53 38 2572
53 39 18338
53 40 17469
53 41 50538
53 42 52392
53 43 44056
53 44 27952
53 45 21386
53 46 10654
53 47 34269
53 48 27652
53 49 41390
53 50 27876
53 51 26786
53 52 11602
53 54 5441
53 55 29513
53 56 41306
53 57 19853
53 58 6601
53 59 -9317
53 60 43815
53 61 36959
53 62 38681
53 63 37785
53 64 39066
53 65 6956
53 66 -6882
53 67 14966
53 68 27886
53 69 39597
53 70 40715
53 71 46804
53 72 15859
53 73 38667
53 74 34423
53 75 20939
53 76 12595
54 1 41238
54 2 26228
54 3 40307
54 4 19742
54 5 15152
54 6 28742
54 7 13370
54 8 5374
54 9 33870
54 10 22829
54 11 11264
54 12 28310
54 13 634
54 14 4036
54 15 10835
54 16 38302
54 17 29717
54 18 46814
54 19 -561
54 20 13713
54 21 22903
54 22 37780
54 23 48954
54 24 39440
54 25 42970
54 26 21278
54 27 8467
54 28 28976
54 29 16226
54 30 22045
54 31 24508
54 32 36481
54 33 33152
54 34 14163
54 35 11297
54 36 25268
54 37 17173
54 38 22546
54 39 34752
54 40 29586
54 41 51818
54 42 52256
54 43 45147
54 44 39311
54 45 14175
54 46 11161
54 47 23036
54 48 18564
54 49 49461
54 50 41984
54 51 33216
54 52 5918
54 53 8813
54 55 46626
54 56 45846
54 57 2372
54 58 24319
54 59 -2675
54 60 27177
54 61 29290
54 62 36571
54 63 41851
54 64 36707
54 65 26643
54 66 10558
54 67 18961
54 68 28558
54 69 27081
54 70 23510
54 71 31528
54 72 32851
54 73 38852
54 74 28703
54 75 23234
54 76 16942
55 1 41868
55 2 42898
55 3 21446
55 4 46435
55 5 58233
55 6 36749
55 7 38856
55 8 44203
55 9 8509
55 10 16297
55 11 29708
55 12 26185
55 13 55506
55 14 40873
55 15 62541
55 16 27766
55 17 30298
55 18 942
55 19 47299
55 20 65890
55 21 53038
55 22 47334
55 23 33477
55 24 6573
55 25 -2846
55 26 34007
55 27 52203
55 28 47874
55 29 55841
55 30 48743
55 31 -3862
55 32 10717
55 33 34443
55 34 47134
55 35 45541
55 36 66057
55 37 64577
55 38 27746
55 39 15520
55 40 19791
55 41 44848
55 42 49887
55 43 40956
55 44 17378
55 45 50496
55 46 44779
55 47 59979
55 48 52986
55 49 26441
55 50 2730
55 51 31522
55 52 46982
55 53 35653
55 54 49394
55 56 27960
55 57 58044
55 58 22927
55 59 34429
55 60 75332
55 61 51615
55 62 47879
55 63 34812
55 64 38653
55 65 33028
55 66 25028
55 67 41760
55 68 44875
55 69 63537
55 70 74041
55 71 76050
55 72 22561
55 73 44430
55 74 52808
55 75 40537
55 76 32349
56 1 8670
56 2 21807
56 3 19133
56 4 37200
56 5 40219
56 6 22489
56 7 44741
56 8 45649
56 9 28539
56 10 39295
56 11 47684
56 12 33733
56 13 49710
56 14 51771
56 15 49124
56 16 10632
56 17 28600
56 18 18051
56 19 51376
56 20 47694
56 21 26518
56 22 11455
56 23 -2704
56 24 -2565
56 25 28456
56 26 35619
56 27 44395
56 28 18732
56 29 41024
56 30 30757
56 31 31096
56 32 22157
56 33 10828
56 34 43621
56 35 51306
56 36 41942
56 37 45165
56 38 48513
56 39 35597
56 40 26162
56 41 1810
56 42 7877
56 43 1266
56 44 20240
56 45 38210
56 46 43234
56 47 37094
56 48 33168
56 49 8697
56 50 20144
56 51 22089
56 52 42305
56 53 47336
56 54 48504
56 55 27850
56 57 47264
56 58 40099
56 59 49077
56 60 51741
56 61 18046
56 62 18542
56 63 8447
56 64 -4607
56 65 55964
56 66 47339
56 67 39482
56 68 31460
56 69 35116
56 70 52857
56 71 51298
56 72 41088
56 73 16413
56 74 28864
56 75 31995
56 76 27085
57 1 35681
57 2 20807
57 3 41672
57 4 18479
57 5 3172
57 6 26786
57 7 21594
57 8 13316
57 9 39541
57 10 32357
57 11 23725
57 12 33203
57 13 1368
57 14 17423
57 15 -2642
57 16 36942
57 17 31820
57 18 49969
57 19 12050
57 20 -268
57 21 11907
57 22 29568
57 23 45474
57 24 39573
57 25 48539
57 26 25412
57 27 6782
57 28 20321
57 29 8051
57 30 15766
57 31 33939
57 32 40157
57 33 29483
57 34 16983
57 35 21377
57 36 11901
57 37 3247
57 38 33483
57 39 41263
57 40 33388
57 41 45745
57 42 45326
57 43 39253
57 44 41535
57 45 9224
57 46 15648
57 47 11181
57 48 9006
57 49 48508
57 50 45665
57 51 33110
57 52 8132
57 53 20436
57 54 -417
57 55 52487
57 56 41817
57 58 32704
57 59 11466
57 60 13078
57 61 18340
57 62 29720
57 63 38681
57 64 28087
57 65 38569
57 66 23691
57 67 21938
57 68 26134
57 69 13821
57 70 9521
57 71 17454
57 72 40233
57 73 33507
57 74 20460
57 75 22865
57 76 18101
58 1 34439
58 2 26024
58 3 18340
58 4 22433
58 5 33685
58 6 20955
58 7 8277
58 8 13938
58 9 3129
58 10 -7968
58 11 242
58 12 5080
58 13 26126
58 14 9477
58 15 35305
58 16 22641
58 17 13049
58 18 18163
58 19 15897
58 20 39533
58 21 33838
58 22 37172
58 23 34651
58 24 16528
58 25 11279
58 26 8838
58 27 24592
58 28 32651
58 29 31069
58 30 27875
58 31 -7344
58 32 9221
58 33 24447
58 34 19495
58 35 14325
58 36 43576
58 37 39491
58 38 -250
58 39 3159
58 40 5649
58 41 43123
58 42 46019
58 43 37112
58 44 15253
58 45 25550
58 46 16225
58 47 38070
58 48 30790
58 49 29988
58 50 13182
58 51 18870
58 52 18653
58 53 4110
58 54 18456
58 55 14296
58 56 31578
58 57 29630
58 59 4395
58 60 50982
58 61 36683
58 62 35258
58 63 29637
58 64 33876
58 65 7170
58 66 -1206
58 67 15620
58 68 25549
58 69 43248
58 70 48633
58 71 52839
58 72 635
58 73 33664
58 74 34498
58 75 18939
58 76 9923
59 1 56172
59 2 42780
59 3 46688
59 4 35226
59 5 37452
59 6 41663
59 7 18548
59 8 16932
59 9 33376
59 10 16099
59 11 -536
59 12 32120
59 13 22907
59 14 -2097
59 15 33907
59 16 48467
59 17 37644
59 18 48428
59 19 8726
59 20 36854
59 21 43913
59 22 55488
59 23 60581
59 24 45815
59 25 40934
59 26 28934
59 27 28116
59 28 47773
59 29 37061
59 30 40358
59 31 15102
59 32 39152
59 33 46655
59 34 28375
59 35 16815
59 36 47974
59 37 40257
59 38 13617
59 39 33359
59 40 33886
59 41 66463
59 42 67994
59 43 59896
59 44 44327
59 45 33373
59 46 24199
59 47 44896
59 48 39279
59 49 57940
59 50 43443
59 51 43184
59 52 23105
59 53 5366
59 54 8636
59 55 42972
59 56 57730
59 57 25566
59 58 21569
59 60 50355
59 61 49766
59 62 53491
59 63 54046
59 64 54121
59 65 13909
59 66 -6751
59 67 30240
59 68 43028
59 69 49608
59 70 46638
59 71 54667
59 72 30863
59 73 54117
59 74 47752
59 75 36300
59 76 28342
60 1 38086
60 2 27399
60 3 53547
60 4 33297
60 5 9323
60 6 37168
60 7 42218
60 8 34701
60 9 55944
60 10 52515
60 11 46091
60 12 50011
60 13 23888
60 14 40311
60 15 13215
60 16 45631
60 17 46191
60 18 62596
60 19 34882
60 20 -3108
60 21 8600
60 22 27182
60 23 49646
60 24 48472
60 25 64151
60 26 42687
60 27 25896
60 28 19753
60 29 20073
60 30 24157
60 31 53500
60 32 54445
60 33 35918
60 34 35760
60 35 43169
60 36 3315
60 37 1952
60 38 54818
60 39 58672
60 40 48708
60 41 45410
60 42 43674
60 43 39893
60 44 54303
60 45 23457
60 46 35292
60 47 9776
60 48 14323
60 49 56508
60 50 59313
60 51 44660
60 52 28016
60 53 42572
60 54 22562
60 55 67949
60 56 44468
60 57 11252
60 58 52230
60 59 34429
60 61 10606
60 62 31604
60 63 44689
60 64 22471
60 65 60497
60 66 46344
60 67 39423
60 68 37424
60 69 362
60 70 -5033
60 71 -251
60 72 58698
60 73 37448
60 74 23342
60 75 36743
60 76 33190
61 1 13651
61 2 11790
61 3 35918
61 4 27302
61 5 14566
61 6 22189
61 7 40309
61 8 36107
61 9 43028
61 10 46165
61 11 46415
61 12 39795
61 13 31773
61 14 44518
61 15 24738
61 16 25572
61 17 33703
61 18 43730
61 19 40233
61 20 17742
61 21 -2702
61 22 338
61 23 24767
61 24 26418
61 25 48967
61 26 35113
61 27 28413
61 28 -1582
61 29 20625
61 30 14933
61 31 44476
61 32 38949
61 33 15512
61 34 33904
61 35 44224
61 36 10092
61 37 15879
61 38 51530
61 39 47491
61 40 35914
61 41 18211
61 42 16136
61 43 13458
61 44 37379
61 45 21712
61 46 34130
61 47 8615
61 48 10187
61 49 34379
61 50 42095
61 51 28897
61 52 29291
61 53 43237
61 54 32196
61 55 51753
61 56 18294
61 57 24035
61 58 45452
61 59 41361
61 60 18127
61 62 9259
61 63 22425
61 64 -5515
61 65 58541
61 66 47245
61 67 34046
61 68 25549
61 69 504
61 70 20562
61 71 17672
61 72 49644
61 73 15514
61 74 9058
61 75 27196
61 76 24157
62 1 637
62 2 275
62 3 20704
62 4 18151
62 5 15965
62 6 8347
62 7 30191
62 8 28080
62 9 28298
62 10 33106
62 11 35909
62 12 26185
62 13 28165
62 14 36191
62 15 25364
62 16 10389
62 17 19772
62 18 28583
62 19 33358
62 20 23191
62 21 2320
62 22 -3807
62 23 12081
62 24 11934
62 25 33814
62 26 23033
62 27 23228
62 28 -5229
62 29 17817
62 30 8061
62 31 30307
62 32 23864
62 33 281
62 34 25418
62 35 35348
62 36 17653
62 37 20661
62 38 39571
62 39 33159
62 40 21507
62 41 10058
62 42 9819
62 43 3640
62 44 22192
62 45 16288
62 46 25544
62 47 12588
62 48 9006
62 49 19835
62 50 26864
62 51 14189
62 52 22576
62 53 33467
62 54 27985
62 55 36525
62 56 7298
62 57 23923
62 58 32535
62 59 33594
62 60 27633
62 61 -2233
62 63 7723
62 64 -5326
62 65 46880
62 66 36577
62 67 23565
62 68 13739
62 69 11974
62 70 28442
62 71 27300
62 72 35946
62 73 389
62 74 4498
62 75 15662
62 76 12284
63 1 637
63 2 8282
63 3 9166
63 4 22433
63 5 27366
63 6 7630
63 7 30191
63 8 30804
63 9 18707
63 10 27215
63 11 33928
63 12 20591
63 13 35121
63 14 37203
63 15 35541
63 16 -1886
63 17 14690
63 18 15137
63 19 36532
63 20 35397
63 21 16079
63 22 6159
63 23 685
63 24 -2208
63 25 22066
63 26 21203
63 27 29803
63 28 8886
63 29 27262
63 30 17088
63 31 21595
63 32 12995
63 33 -3485
63 34 28757
63 35 36608
63 36 31099
63 37 32967
63 38 35530
63 39 24782
63 40 13868
63 41 7074
63 42 10427
63 43 1309
63 44 10809
63 45 23927
63 46 28372
63 47 25513
63 48 20389
63 49 5693
63 50 14340
63 51 7891
63 52 27504
63 53 33017
63 54 33711
63 55 23904
63 56 -2351
63 57 33330
63 58 27360
63 59 34595
63 60 41164
63 61 11379
63 62 8169
63 64 -1044
63 65 43028
63 66 33958
63 67 24669
63 68 16723
63 69 26061
63 70 41485
63 71 40975
63 72 29176
63 73 4609
63 74 16859
63 75 17129
63 76 12284
64 1 10776
64 2 21488
64 3 34580
64 4 39364
64 5 33685
64 6 28161
64 7 51144
64 8 49294
64 9 44202
64 10 51956
64 11 56542
64 12 44944
64 13 48582
64 14 57366
64 15 43810
64 16 23606
64 17 38538
64 18 38258
64 19 54539
64 20 38482
64 21 16751
64 22 1732
64 23 14810
64 24 18240
64 25 46968
64 26 43351
64 27 43981
64 28 11193
64 29 37557
64 30 28743
64 31 47078
64 32 38416
64 33 16833
64 34 46631
64 35 56505
64 36 30972
64 37 36345
64 38 59414
64 39 50168
64 40 38941
64 41 4179
64 42 2664
64 43 3640
64 44 36198
64 45 36939
64 46 46754
64 47 28373
64 48 27652
64 49 27515
64 50 38864
64 51 31933
64 52 43664
64 53 54418
64 54 48687
64 55 47865
64 56 4715
64 57 42856
64 58 51719
64 59 54790
64 60 39066
64 61 3559
64 62 15240
64 63 19076
64 65 66852
64 66 57061
64 67 44572
64 68 34710
64 69 21376
64 70 41583
64 71 38650
64 72 54158
64 73 17861
64 74 23653
64 75 36547
64 76 32935
65 1 47961
65 2 37964
65 3 32421
65 4 32293
65 5 41214
65 6 33841
65 7 14135
65 8 18220
65 9 15494
65 10 -3198
65 11 -8498
65 12 18991
65 13 29824
65 14 4965
65 15 40654
65 16 36719
65 17 26649
65 18 30230
65 19 15897
65 20 44935
65 21 43983
65 22 49978
65 23 48780
65 24 30181
65 25 21475
65 26 20434
65 27 30921
65 28 44413
65 29 39058
65 30 38296
65 31 -5777
65 32 22665
65 33 37940
65 34 27134
65 35 16913
65 36 51786
65 37 46149
65 38 -4470
65 39 15520
65 40 19791
65 41 57025
65 42 59702
65 43 50898
65 44 29182
65 45 33927
65 46 23148
65 47 46972
65 48 40019
65 49 44058
65 50 25560
65 51 32606
65 52 24825
65 53 2741
65 54 19056
65 55 22673
65 56 45719
65 57 33771
65 58 5446
65 59 -4989
65 60 57525
65 61 48048
65 62 47879
65 63 43581
65 64 47285
65 66 -14735
65 67 25381
65 68 37372
65 69 52362
65 70 54526
65 71 60270
65 72 13663
65 73 46819
65 74 45488
65 75 30421
65 76 21546
66 1 53424
66 2 42357
66 3 39133
66 4 35835
66 5 43003
66 6 38973
66 7 17222
66 8 19799
66 9 22708
66 10 4060
66 11 -8289
66 12 25198
66 13 30160
66 14 3084
66 15 41375
66 16 42943
66 17 32463
66 18 37502
66 19 15352
66 20 45388
66 21 47083
66 22 54779
66 23 55120
66 24 37208
66 25 28726
66 26 25331
66 27 32628
66 28 48534
66 29 41284
66 30 41826
66 31 604
66 32 29733
66 33 43441
66 34 29891
66 35 18388
66 36 53726
66 37 47326
66 38 2192
66 39 22706
66 40 26335
66 41 62873
66 42 65274
66 43 56611
66 44 36048
66 45 36506
66 46 25724
66 47 49400
66 48 42766
66 49 50779
66 50 32808
66 51 38441
66 52 26708
66 53 3946
66 54 18014
66 55 29716
66 56 52137
66 57 33936
66 58 12113
66 59 -10606
66 60 58415
66 61 51795
66 62 52619
66 63 49554
66 64 52537
66 65 308
66 67 29249
66 68 41857
66 69 54721
66 70 55125
66 71 61680
66 72 20695
66 73 51993
66 74 49206
66 75 34849
66 76 26158
67 1 22871
67 2 10148
67 3 18320
67 4 3938
67 5 15131
67 6 8451
67 7 3569
67 8 3165
67 9 14588
67 10 10547
67 11 9511
67 12 8238
67 13 11209
67 14 9945
67 15 17874
67 16 16770
67 17 7751
67 18 25532
67 19 8865
67 20 21694
67 21 15685
67 22 22801
67 23 28235
67 24 17420
67 25 23543
67 26 459
67 27 7381
67 28 16225
67 29 12477
67 30 9868
67 31 11068
67 32 15403
67 33 13454
67 34 2519
67 35 9103
67 36 24895
67 37 21134
67 38 14613
67 39 16590
67 40 8507
67 41 33210
67 42 34701
67 43 26618
67 44 17520
67 45 6927
67 46 1130
67 47 19431
67 48 12191
67 49 27621
67 50 20970
67 51 11442
67 52 2425
67 53 6841
67 54 7464
67 55 27495
67 56 25327
67 57 13230
67 58 9986
67 59 7432
67 60 32541
67 61 19643
67 62 20654
67 63 21312
67 64 21095
67 65 21471
67 66 10296
67 68 9877
67 69 24690
67 70 30457
67 71 34210
67 72 16226
67 73 20845
67 74 17059
67 75 3010
67 76 -4692
68 1 11807
68 2 -930
68 3 14942
68 4 4218
68 5 12366
68 6 -872
68 7 14944
68 8 13534
68 9 17729
68 10 19093
68 11 20666
68 12 13032
68 13 16907
68 14 21214
68 15 18747
68 16 9294
68 17 7668
68 18 23920
68 19 19139
68 20 20532
68 21 7549
68 22 11455
68 23 18924
68 24 11980
68 25 25377
68 26 8144
68 27 11604
68 28 5631
68 29 10665
68 30 2345
68 31 17864
68 32 15520
68 33 3081
68 34 11026
68 35 20339
68 36 19671
68 37 18672
68 38 24735
68 39 21319
68 40 10295
68 41 22339
68 42 23497
68 43 15681
68 44 15453
68 45 6296
68 46 10941
68 47 13605
68 48 6598
68 49 20855
68 50 20391
68 51 5980
68 52 9339
68 53 18224
68 54 15524
68 55 29073
68 56 15768
68 57 15889
68 58 18378
68 59 18683
68 60 29005
68 61 9609
68 62 9291
68 63 11829
68 64 9696
68 65 31925
68 66 21367
68 67 8340
68 69 17747
68 70 28032
68 71 29650
68 72 22801
68 73 9602
68 74 7651
68 75 411
68 76 -2797
69 1 25678
69 2 17867
69 3 44353
69 4 28339
69 5 7728
69 6 28511
69 7 40135
69 8 34029
69 9 49101
69 10 48833
69 11 45636
69 12 44120
69 13 26066
69 14 41615
69 15 16439
69 16 35217
69 17 39048
69 18 53125
69 19 36444
69 20 5562
69 21 -2515
69 22 13763
69 23 37258
69 24 37459
69 25 56410
69 26 37755
69 27 24989
69 28 7577
69 29 17104
69 30 16830
69 31 48763
69 32 46344
69 33 25087
69 34 33134
69 35 42568
69 36 -1136
69 37 5113
69 38 52603
69 39 52623
69 40 41667
69 41 31972
69 42 30065
69 43 26766
69 44 45478
69 45 19927
69 46 33143
69 47 2972
69 48 8095
69 49 45369
69 50 50546
69 51 35980
69 52 26810
69 53 42048
69 54 26160
69 55 59848
69 56 31537
69 57 15689
69 58 48190
69 59 37376
69 60 4056
69 61 -3323
69 62 19639
69 63 33280
69 64 8475
69 65 59028
69 66 46344
69 67 35266
69 68 29860
69 70 6987
69 71 3705
69 72 53609
69 73 25869
69 74 13366
69 75 30421
69 76 27286
70 1 38565
70 2 26776
70 3 52391
70 4 31143
70 5 7244
70 6 36041
70 7 39079
70 8 31326
70 9 53908
70 10 49593
70 11 42483
70 12 47793
70 13 20119
70 14 36436
70 15 9607
70 16 45031
70 17 44421
70 18 61424
70 19 31037
70 20 -7306
70 21 9229
70 22 28442
70 23 49988
70 24 48007
70 25 62345
70 26 40288
70 27 22806
70 28 20384
70 29 17817
70 30 22949
70 31 50777
70 32 52844
70 33 35609
70 34 32911
70 35 39714
70 36 3819
70 37 -533
70 38 51563
70 39 56405
70 40 46824
70 41 46555
70 42 45016
70 43 40800
70 44 52989
70 45 21130
70 46 32292
70 47 9436
70 48 13182
70 49 56153
70 50 57900
70 51 43433
70 52 24887
70 53 39033
70 54 18456
70 55 66219
70 56 45145
70 57 7256
70 58 49442
70 59 30273
70 60 -5472
70 61 12602
70 62 31974
70 63 44571
70 64 24549
70 65 57059
70 66 42615
70 67 36900
70 68 36012
70 69 2854
70 71 2266
70 72 56174
70 73 37543
70 74 23134
70 75 34888
70 76 31154
71 1 33110
71 2 22935
71 3 49305
71 4 30044
71 5 6489
71 6 32978
71 7 40026
71 8 32925
71 9 52378
71 10 49923
71 11 44564
71 12 46668
71 13 22974
71 14 39359
71 15 12350
71 16 41072
71 17 42457
71 18 58327
71 19 33942
71 20 -1904
71 21 3668
71 22 22087
71 23 44691
71 24 43812
71 25 60356
71 26 39579
71 27 23850
71 28 14769
71 29 17149
71 30 20144
71 31 50620
71 32 50513
71 33 31236
71 34 33273
71 35 41474
71 36 -1276
71 37 297
71 38 52699
71 39 55336
71 40 45042
71 41 40318
71 42 38575
71 43 34826
71 44 50166
71 45 20498
71 46 32985
71 47 5426
71 48 10394
71 49 51807
71 50 55221
71 51 40506
71 52 25953
71 53 40967
71 54 22319
71 55 64073
71 56 39431
71 57 11034
71 58 49493
71 59 34147
71 60 -4845
71 61 5557
71 62 26677
71 63 39906
71 64 17461
71 65 58648
71 66 45015
71 67 36498
71 68 33475
71 69 -4583
71 70 -1889
71 72 55643
71 73 32605
71 74 18705
71 75 33155
71 76 29748
72 1 32553
72 2 25805
72 3 14651
72 4 23864
72 5 35686
72 6 20106
72 7 12163
72 8 17725
72 9 -1852
72 10 -6158
72 11 5047
72 12 3784
72 13 29621
72 14 14439
72 15 38115
72 16 19816
72 17 11710
72 18 13212
72 19 20384
72 20 42165
72 21 34522
72 22 35985
72 23 31465
72 24 12164
72 25 6373
72 26 10034
72 27 27377
72 28 32368
72 29 33026
72 30 28671
72 31 -9210
72 32 4673
72 33 22712
72 34 22134
72 35 18658
72 36 45141
72 37 41725
72 38 3946
72 39 -1841
72 40 2687
72 41 40575
72 42 43824
72 43 34792
72 44 11220
72 45 27468
72 46 19213
72 47 39406
72 48 32088
72 49 26207
72 50 8260
72 51 17003
72 52 21645
72 53 9037
72 54 22657
72 55 9599
72 56 28236
72 57 32828
72 58 -3696
72 59 9358
72 60 53119
72 61 36544
72 62 34338
72 63 27122
72 64 31984
72 65 11056
72 66 3045
72 67 17529
72 68 25641
72 69 44336
72 70 51034
72 71 54658
72 73 32267
72 74 34809
72 75 19476
72 76 10539
73 1 -2224
73 2 1010
73 3 15973
73 4 18033
73 5 19249
73 6 5691
73 7 28848
73 8 27725
73 9 24107
73 10 29998
73 11 34080
73 12 22944
73 13 29512
73 14 35377
73 15 28115
73 16 5447
73 17 16466
73 18 23621
73 19 33275
73 20 26956
73 21 6916
73 22 -824
73 23 7957
73 24 6993
73 25 29165
73 26 20879
73 27 24307
73 28 -318
73 29 20093
73 30 9868
73 31 26452
73 32 19336
73 33 -4469
73 34 25152
73 35 34507
73 36 22067
73 37 24452
73 38 37049
73 39 29284
73 40 17680
73 41 8363
73 42 9284
73 43 1687
73 44 17520
73 45 17697
73 46 25130
73 47 16670
73 48 12191
73 49 14897
73 50 22040
73 51 10296
73 52 22990
73 53 32091
73 54 28904
73 55 31714
73 56 3807
73 57 26348
73 58 29579
73 59 32858
73 60 32115
73 61 2660
73 62 -973
73 63 2801
73 64 -4067
73 65 44458
73 66 34589
73 67 22394
73 68 12688
73 69 16842
73 70 32649
73 71 31866
73 72 32513
73 74 8099
73 75 14324
73 76 10539
74 1 10502
74 2 -999
74 3 25534
74 4 12749
74 5 5965
74 6 9681
74 7 25758
74 8 21880
74 9 30530
74 10 32032
74 11 31865
74 12 26185
74 13 19451
74 14 30319
74 15 15476
74 16 16870
74 17 20585
74 18 34414
74 19 26446
74 20 13377
74 21 -5270
74 22 3783
74 23 21548
74 24 19631
74 25 37583
74 26 20821
74 27 15093
74 28 -5229
74 29 8429
74 30 451
74 31 31017
74 32 27498
74 33 7075
74 34 19495
74 35 29838
74 36 8858
74 37 10863
74 38 37060
74 39 34390
74 40 23130
74 41 19970
74 42 19374
74 43 13625
74 44 26619
74 45 8069
74 46 19727
74 47 3152
74 48 -960
74 49 27666
74 50 31693
74 51 17117
74 52 15380
74 53 28738
74 54 19646
74 55 40983
74 56 17149
74 57 14192
74 58 31304
74 59 27384
74 60 18900
74 61 -2905
74 62 4027
74 63 15942
74 64 2616
74 65 44018
74 66 32693
74 67 19499
74 68 11628
74 69 5230
74 70 19131
74 71 18857
74 72 35946
74 73 8990
74 75 12939
74 76 9923
75 1 15822
75 2 3495
75 3 14749
75 4 2323
75 5 13637
75 6 1645
75 7 10536
75 8 9725
75 9 15170
75 10 15032
75 11 16196
75 12 9650
75 13 14915
75 14 17005
75 15 18669
75 16 11057
75 17 5484
75 18 23265
75 19 15434
75 20 21407
75 21 10999
75 22 15916
75 23 21829
75 24 12948
75 25 23402
75 26 3857
75 27 9872
75 28 9955
75 29 11292
75 30 5145
75 31 14323
75 32 13991
75 33 6557
75 34 7574
75 35 16146
75 36 22067
75 37 19979
75 38 20363
75 39 18239
75 40 7908
75 41 26219
75 42 27635
75 43 19604
75 44 14735
75 45 6134
75 46 7213
75 47 16138
75 48 8867
75 49 22397
75 50 19265
75 51 6343
75 52 6612
75 53 13813
75 54 12736
75 55 27271
75 56 18839
75 57 15156
75 58 14304
75 59 14491
75 60 30860
75 61 13792
75 62 13750
75 63 14771
75 64 14069
75 65 27510
75 66 16895
75 67 4009
75 68 2947
75 69 20844
75 70 29444
75 71 31866
75 72 19172
75 73 13774
75 74 11498
75 76 -7077
END
NODE_CONSUMPTION
0 1 18
0 2 26
0 3 11
0 4 30
0 5 21
0 6 19
0 7 15
0 8 16
0 9 29
0 10 26
0 11 37
0 12 16
0 13 12
0 14 31
0 15 8
0 16 19
0 17 20
0 18 13
0 19 15
0 20 22
0 21 28
0 22 12
0 23 6
0 24 27
0 25 14
0 26 18
0 27 17
0 28 29
0 29 13
0 30 22
0 31 25
0 32 28
0 33 27
0 34 19
0 35 10
0 36 12
0 37 14
0 38 24
0 39 16
0 40 33
0 41 15
0 42 11
0 43 18
0 44 17
0 45 21
0 46 27
0 47 19
0 48 20
0 49 5
0 50 22
0 51 12
0 52 19
0 53 22
0 54 16
0 55 7
0 56 26
0 57 14
0 58 21
0 59 24
0 60 13
0 61 15
0 62 18
0 63 11
0 64 28
0 65 9
0 66 37
0 67 30
0 68 10
0 69 8
0 70 11
0 71 3
0 72 1
0 73 6
0 74 10
0 75 20
END
