NAME : ./data/ESPPRC - Test Instances/E-n76-k7_b.simplified-vrp
SIZE : 77
DIRECTED : 1
CYCLIC : 1
ORIGIN : 0
DESTINATION : 76
RESOURCES : 1
RES_NAMES : 0
RES_TYPE
0 CAP
END
RES_BOUND
0 0 220
END
EDGE_COST
0 1 16018
0 2 9515
0 3 13651
0 4 3862
0 5 17373
0 6 5801
0 7 10875
0 8 11082
0 9 13269
0 10 17273
0 11 16492
0 12 7822
0 13 17147
0 14 17238
0 15 19107
0 16 13010
0 17 4759
0 18 27200
0 19 16138
0 20 27082
0 21 15312
0 22 19606
0 23 23646
0 24 15901
0 25 23906
0 26 2828
0 27 9987
0 28 14842
0 29 14082
0 30 10262
0 31 11947
0 32 14339
0 33 11859
0 34 6945
0 35 14101
0 36 25735
0 37 24364
0 38 17019
0 39 15864
0 40 5896
0 41 31541
0 42 31453
0 43 24855
0 44 14371
0 45 10027
0 46 5670
0 47 20867
0 48 12789
0 49 19441
0 50 20128
0 51 8195
0 52 9614
0 53 14735
0 54 11492
0 55 24902
0 56 22036
0 57 19874
0 58 13772
0 59 15072
0 60 32911
0 61 18800
0 62 14932
0 63 14382
0 64 21460
0 65 24590
0 66 23572
0 67 2182
0 68 6014
0 69 26250
0 70 36756
0 71 34329
0 72 15860
0 73 16245
0 74 14737
0 75 1589
1 2 9515
1 3 17026
1 4 23211
1 5 25434
1 6 12860
1 7 36331
1 8 35495
1 9 26884
1 10 38812
1 11 41540
1 12 27519
1 13 36645
1 14 42586
1 15 31954
1 16 7630
1 17 21294
1 18 28715
1 19 40436
1 20 35033
1 21 11787
1 22 -959
1 23 4791
1 24 8572
1 25 32961
1 26 27355
1 27 28946
1 28 4645
1 29 25908
1 30 17322
1 31 29584
1 32 23135
1 33 2117
1 34 30232
1 35 39351
1 36 26805
1 37 30987
1 38 40699
1 39 32336
1 40 20874
1 41 6486
1 42 6014
1 43 -327
1 44 19774
1 45 25005
1 46 29718
1 47 22803
1 48 18192
1 49 10238
1 50 25159
1 51 15535
1 52 31249
1 53 40167
1 54 33320
1 55 31953
1 56 1153
1 57 34986
1 58 35820
1 59 40434
1 60 35339
1 61 5826
1 62 817
1 63 267
1 64 -3167
1 65 48537
1 66 48370
1 67 27277
1 68 18150
1 69 22174
1 70 41699
1 71 35223
1 72 35406
1 73 1014
1 74 12848
1 75 22020
1 76 15075
2 1 5122
2 3 18211
2 4 9519
2 5 12298
2 6 5125
2 7 24518
2 8 22141
2 9 24150
2 10 31473
2 11 30719
2 12 20759
2 13 22100
2 14 29895
2 15 17981
2 16 11622
2 17 14945
2 18 32675
2 19 26788
2 20 22623
2 21 3281
2 22 5593
2 23 17341
2 24 16380
2 25 33149
2 26 17361
2 27 14448
2 28 377
2 29 11643
2 30 2944
2 31 25088
2 32 22549
2 33 4495
2 34 16744
2 35 26683
2 36 16712
2 37 18749
2 38 31578
2 39 28028
2 40 16493
2 41 20938
2 42 19571
2 43 14155
2 44 20382
2 45 10445
2 46 16422
2 47 11745
2 48 5173
2 49 18203
2 50 27066
2 51 11915
2 52 17105
2 53 28422
2 54 18911
2 55 33584
2 56 14891
2 57 20713
2 58 28006
2 59 27643
2 60 25253
2 61 4566
2 62 1056
2 63 8513
2 64 8146
2 65 39141
2 66 37904
2 67 15155
2 68 6014
2 69 14964
2 70 30511
2 71 25649
2 72 29259
2 73 4849
2 74 1948
2 75 10294
2 76 4179
3 1 13584
3 2 19162
3 4 22791
3 5 34575
3 6 12860
3 7 26161
3 8 29271
3 9 4534
3 10 19593
3 11 26783
3 12 10971
3 13 36788
3 14 32155
3 15 37969
3 16 2594
3 17 8739
3 18 8593
3 19 33839
3 20 44956
3 21 27425
3 22 21580
3 23 11984
3 24 -3093
3 25 10080
3 26 16770
3 27 29567
3 28 22529
3 29 32002
3 30 25013
3 31 7412
3 32 197
3 33 10818
3 34 26373
3 35 30439
3 36 40733
3 37 41552
3 38 23515
3 39 10996
3 40 2050
3 41 24717
3 42 26959
3 43 19441
3 44 -3245
3 45 28535
3 46 24640
3 47 35666
3 48 28298
3 49 2772
3 50 2976
3 51 7150
3 52 29206
3 53 28119
3 54 30647
3 55 9789
3 56 9874
3 57 39235
3 58 17979
3 59 29208
3 60 49058
3 61 26351
3 62 19142
3 63 7054
3 64 18895
3 65 31255
3 66 32337
3 67 20984
3 68 19543
3 69 39107
3 70 53783
3 71 49676
3 72 15762
3 73 17469
3 74 26138
3 75 19205
3 76 9266
4 1 16982
4 2 7683
4 3 20004
4 5 10401
4 6 8623
4 7 12544
4 8 9413
4 9 20278
4 10 22674
4 11 18960
4 12 14607
4 13 11586
4 14 17238
4 15 12152
4 16 17615
4 17 11697
4 18 33991
4 19 14130
4 20 20010
4 21 10040
4 22 18261
4 23 26974
4 24 21598
4 25 30975
4 26 8450
4 27 3882
4 28 11798
4 29 7045
4 30 5164
4 31 18163
4 32 21341
4 33 13980
4 34 4016
4 35 14101
4 36 19200
4 37 17348
4 38 21157
4 39 22658
4 40 12967
4 41 32896
4 42 32004
4 43 26086
4 44 21050
4 45 2956
4 46 3710
4 47 14557
4 48 6491
4 49 24506
4 50 27066
4 51 13642
4 52 4959
4 53 16229
4 54 7277
4 55 31973
4 56 25136
4 57 13237
4 58 19267
4 59 14941
4 60 26003
4 61 14930
4 62 13784
4 63 17516
4 64 20874
4 65 28322
4 66 26234
4 67 3797
4 68 6014
4 69 20288
4 70 29730
4 71 27610
4 72 22170
4 73 16724
4 74 10548
4 75 3974
4 76 -3310
5 1 23623
5 2 14880
5 3 36206
5 4 14819
5 6 22658
5 7 27147
5 8 20271
5 9 38268
5 10 39657
5 11 32337
5 12 32631
5 13 11139
5 14 27091
5 15 -34
5 16 31171
5 17 29255
5 18 50726
5 19 21591
5 20 2842
5 21 1055
5 22 19025
5 23 36982
5 24 35991
5 25 48802
5 26 26275
5 27 7832
5 28 10723
5 29 2351
5 30 9360
5 31 35765
5 32 38804
5 33 24419
5 34 17561
5 35 26073
5 36 2679
5 37 -581
5 38 36783
5 39 40673
5 40 30805
5 41 38411
5 42 35831
5 43 31978
5 44 37800
5 45 7065
5 46 16851
5 47 1012
5 48 -756
5 49 37985
5 50 44260
5 51 29352
5 52 13500
5 53 29063
5 54 8660
5 55 49744
5 56 34128
5 57 3903
5 58 36492
5 59 23140
5 60 8002
5 61 8167
5 62 17571
5 63 28422
5 64 21168
5 65 43216
5 66 39375
5 67 20963
5 68 20135
5 69 5650
5 70 11804
5 71 10028
5 72 39965
5 73 23913
5 74 9737
5 75 21261
5 76 14619
6 1 6841
6 2 3499
6 3 10283
6 4 8833
6 5 18450
6 7 20078
6 8 19868
6 9 15630
6 10 24030
6 11 25350
6 12 12856
6 13 23603
6 14 26449
6 15 22580
6 16 5760
6 17 6697
6 18 24872
6 19 24931
6 20 28900
6 21 11724
6 22 11328
6 23 15065
6 24 10279
6 25 24664
6 26 11167
6 27 15832
6 28 8438
6 29 16259
6 30 8750
6 31 16887
6 32 14089
6 33 2657
6 34 14973
6 35 23276
6 36 24519
6 37 25363
6 38 25021
6 39 19676
6 40 8033
6 41 22325
6 42 22291
6 43 15637
6 44 12194
6 45 13349
6 46 14188
6 47 19436
6 48 12022
6 49 12748
6 50 18871
6 51 3553
6 52 16850
6 53 23891
6 54 19186
6 55 25196
6 56 13334
6 57 24453
6 58 20698
6 59 24287
6 60 32783
6 61 12726
6 62 6889
6 63 5622
6 64 12580
6 65 32779
6 66 32281
6 67 11219
6 68 3833
6 69 23369
6 70 37537
6 71 33453
6 72 21321
6 73 7291
6 74 10389
6 75 6205
6 76 -1161
7 1 30160
7 2 22740
7 3 23432
7 4 12602
7 5 22787
7 6 19926
7 8 2342
7 9 15300
7 10 10141
7 11 3148
7 12 10772
7 13 13795
7 14 3327
7 15 20540
7 16 25796
7 17 14725
7 18 33751
7 19 4895
7 20 29707
7 21 25500
7 22 33294
7 23 37038
7 24 26331
7 25 26511
7 26 6594
7 27 10595
7 28 27489
7 29 19726
7 30 20944
7 31 7041
7 32 20295
7 33 25945
7 34 6945
7 35 1073
7 36 32829
7 37 28749
7 38 6372
7 39 15864
7 40 11754
7 41 45635
7 42 45594
7 43 38976
7 44 22824
7 45 15885
7 46 2552
7 47 28941
7 48 21242
7 49 31220
7 50 25957
7 51 20857
7 52 8121
7 53 665
7 54 3708
7 55 27197
7 56 35480
7 57 19155
7 58 7914
7 59 1066
7 60 37727
7 61 30740
7 62 28627
7 63 28077
7 64 35457
7 65 12967
7 66 10424
7 67 6231
7 68 19543
7 69 34887
7 70 40469
7 71 40395
7 72 13272
7 73 30342
7 74 26360
7 75 14990
7 76 3761
8 1 30786
8 2 21825
8 3 28004
8 4 10933
8 5 17373
8 6 21178
8 7 3804
8 9 21870
8 10 17080
8 11 7337
8 12 16620
8 13 6793
8 14 3327
8 15 14040
8 16 28765
8 17 18720
8 18 39611
8 19 345
8 20 23206
8 21 21855
8 22 32378
8 23 39431
8 24 30807
8 25 33149
8 26 10781
8 27 4832
8 28 25555
8 29 14878
8 30 18416
8 31 14044
8 32 26091
8 33 27176
8 34 4016
8 35 1073
8 36 27643
8 37 22762
8 38 12565
8 39 22658
8 40 17249
8 41 46619
8 42 45990
8 43 39837
8 44 27887
8 45 11696
8 46 -510
8 47 24355
8 48 17173
8 49 34936
8 50 31931
8 51 23833
8 52 2543
8 53 4063
8 54 -2878
8 55 33954
8 56 37798
8 57 12287
8 58 14985
8 59 860
8 60 31620
8 61 27948
8 62 27926
8 63 30100
8 64 35017
8 65 18462
8 66 14411
8 67 7237
8 68 19543
8 69 30191
8 70 34126
8 71 34704
8 72 20244
8 73 30629
8 74 23892
8 75 15589
8 76 5430
9 1 27778
9 2 29437
9 3 8870
9 4 27401
9 5 40973
9 6 22543
9 7 22365
9 8 27473
9 10 6925
9 11 16951
9 12 7781
9 13 37853
9 14 25491
9 15 42114
9 16 17131
9 17 13250
9 18 9577
9 19 30372
9 20 50520
9 21 37413
9 22 35192
9 23 26699
9 24 7604
9 25 960
9 26 16594
9 27 32120
9 28 34259
9 29 37655
9 30 33065
9 31 -7441
9 32 -654
9 33 24055
9 34 27555
9 35 26437
9 36 49065
9 37 47954
9 38 12229
9 39 -2374
9 40 1603
9 41 39578
9 42 41709
9 43 34196
9 44 5838
9 45 33528
9 46 24722
9 47 44061
9 48 36082
9 49 16609
9 50 1848
9 51 17374
9 52 30472
9 53 21132
9 54 29250
9 55 1892
9 56 24320
9 57 42144
9 58 7808
9 59 20936
9 60 56495
9 61 38501
9 62 31776
9 63 21635
9 64 33557
9 65 19368
9 66 20952
9 67 22292
9 68 27370
9 69 48895
9 70 60340
9 71 57789
9 72 4299
9 73 30643
9 74 36174
9 75 24666
9 76 13220
10 1 38101
10 2 35155
10 3 22324
10 4 28192
10 5 40757
10 6 29338
10 7 15601
10 8 21078
10 9 5320
10 11 2370
10 12 11550
10 13 32599
10 14 13205
10 15 39317
10 16 29105
10 17 19784
10 18 24887
10 19 21154
10 20 48450
10 21 41168
10 22 44010
10 23 40063
10 24 22989
10 25 13751
10 26 16770
10 27 29173
10 28 40576
10 29 37404
10 30 36056
10 31 -11707
10 32 14339
10 33 33615
10 34 24802
10 35 18005
10 36 50352
10 37 47129
10 38 -2907
10 39 5165
10 40 10622
10 41 51742
10 42 53081
10 43 45738
10 44 19928
10 45 33248
10 46 20891
10 47 45912
10 48 37879
10 49 30968
10 50 17372
10 51 26305
10 52 26777
10 53 9556
10 54 21270
10 55 12741
10 56 38137
10 57 38021
10 58 -228
10 59 6720
10 60 56127
10 61 44699
10 62 39645
10 63 33204
10 64 44372
10 65 3737
10 66 5365
10 67 21312
10 68 31795
10 69 51688
10 70 59086
10 71 58395
10 72 3054
10 73 39595
10 74 40737
10 75 27589
10 76 15619
11 1 44765
11 2 38337
11 3 33450
11 4 28414
11 5 37373
11 6 34594
11 7 12544
11 8 15271
11 9 19282
11 10 6306
11 12 20152
11 13 25392
11 14 65
11 15 33497
11 16 38282
11 17 27111
11 18 39186
11 19 11114
11 20 42485
11 21 41168
11 22 48732
11 23 49750
11 24 35567
11 25 28677
11 26 20346
11 27 24832
11 28 43251
11 29 34758
11 30 36748
11 31 1240
11 32 27249
11 33 40283
11 34 22440
11 35 11073
11 36 47638
11 37 42597
11 38 -1845
11 39 18998
11 40 20909
11 41 59750
11 42 60199
11 43 53273
11 44 31768
11 45 31240
11 46 17835
11 47 44190
11 48 36726
11 49 42144
11 50 31446
11 51 33920
11 52 22491
11 53 63
11 54 11306
11 55 27753
11 56 48127
11 57 30990
11 58 9583
11 59 -8314
11 60 51304
11 61 46550
11 62 44049
11 63 41518
11 64 50559
11 65 38
11 66 -5383
11 67 21877
11 68 34969
11 69 50092
11 70 53577
11 71 54637
11 72 15860
11 73 45278
11 74 42171
11 75 30354
11 76 18774
12 1 22342
12 2 19975
12 3 9236
12 4 15659
12 5 29265
12 6 13698
12 7 11766
12 8 16152
12 9 1710
12 10 7084
12 11 11750
12 13 25971
12 14 17094
12 15 30088
12 16 14112
12 17 3977
12 18 18790
12 19 19895
12 20 38582
12 21 27068
12 22 28243
12 23 25503
12 24 11885
12 25 12868
12 26 4555
12 27 20081
12 28 25327
12 29 25875
12 30 22193
12 31 157
12 32 5288
12 33 17825
12 34 15546
12 35 16098
12 36 37817
12 37 36177
12 38 9302
12 39 3799
12 40 -3147
12 41 36355
12 42 37443
12 43 30181
12 44 8073
12 45 21692
12 46 12848
12 47 32941
12 48 24869
12 49 17790
12 50 11062
12 51 10566
12 52 18494
12 53 12944
12 54 17999
12 55 13877
12 56 23823
12 57 30115
12 58 4068
12 59 13989
12 60 44871
12 61 29577
12 62 23972
12 63 17828
12 64 28608
12 65 17174
12 66 17751
12 67 10251
12 68 16982
12 69 38223
12 70 48534
12 71 46388
12 72 4244
12 73 23789
12 74 26138
12 75 13455
12 76 1702
13 1 32621
13 2 22469
13 3 36206
13 4 13791
13 5 8926
13 6 25598
13 7 15942
13 8 7478
13 9 32935
13 10 29286
13 11 18143
13 12 27124
13 14 11435
13 15 2904
13 16 34606
13 17 27061
13 18 49323
13 19 5729
13 20 11690
13 21 16442
13 22 31382
13 23 43739
13 24 38344
13 25 44199
13 26 20452
13 27 903
13 28 23342
13 29 9097
13 30 16968
13 31 26239
13 32 35998
13 33 30552
13 34 9945
13 35 12626
13 36 18878
13 37 12448
13 38 24531
13 39 34111
13 40 27095
13 41 48447
13 42 46862
13 43 41668
13 44 36767
13 45 8885
13 46 7528
13 47 17265
13 48 11972
13 49 41460
13 50 41924
13 51 30392
13 52 4016
13 53 15150
13 54 -7717
13 55 45158
13 56 41760
13 57 240
13 58 27074
13 59 6736
13 60 20708
13 61 23515
13 62 27912
13 63 34318
13 64 34206
13 65 29967
13 66 24673
13 67 15182
13 68 22817
13 69 22129
13 70 22820
13 71 24654
13 72 32041
13 73 32317
13 74 21364
13 75 20680
13 76 12180
14 1 43713
14 2 35415
14 3 36724
14 4 24594
14 5 30029
14 6 33595
14 7 10625
14 8 9163
14 9 25724
14 10 15043
14 11 -2033
14 12 23398
14 13 16586
14 15 24904
14 16 39659
14 17 28477
14 18 45323
14 19 1729
14 20 33498
14 21 35556
14 22 46043
14 23 50930
14 24 39519
14 25 36205
14 26 20452
14 27 17874
14 28 39419
14 29 28216
14 30 32303
14 31 11198
14 32 32335
14 33 39662
14 34 17754
14 35 5972
14 36 40305
14 37 34396
14 38 7586
14 39 25643
14 40 24511
14 41 59337
14 42 59086
14 43 52631
14 44 35731
14 45 25432
14 46 13091
14 47 37622
14 48 30799
14 49 44858
14 50 37457
14 51 34740
14 52 16088
14 53 -937
14 54 1236
14 55 36076
14 56 49372
14 57 21846
14 58 15976
14 59 -12717
14 60 42682
14 61 41811
14 62 41489
14 63 41951
14 64 48541
14 65 10659
14 66 3148
14 67 19469
14 68 32675
14 69 43229
14 70 44688
14 71 46590
14 72 22410
14 73 43733
14 74 37783
14 75 28321
14 76 17422
15 1 30612
15 2 21032
15 3 40069
15 4 17039
15 5 435
15 6 27257
15 7 25369
15 8 17407
15 9 39878
15 10 38686
15 11 28930
15 12 33923
15 13 5586
15 14 22435
15 16 36314
15 17 31925
15 18 54225
15 19 16729
15 20 1082
15 21 9112
15 22 26835
15 23 43418
15 24 40954
15 25 50872
15 26 27159
15 27 6039
15 28 18487
15 29 5841
15 30 15049
15 31 35378
15 32 41541
15 33 30401
15 34 16945
15 35 22999
15 36 8754
15 37 1568
15 38 34691
15 39 41669
15 40 32985
15 41 45794
15 42 43436
15 43 39236
15 44 41263
15 45 9301
15 46 15585
15 47 8941
15 48 6491
15 49 43293
15 50 47305
15 51 33399
15 52 11597
15 53 25797
15 54 2193
15 55 51902
15 56 40883
15 57 -4061
15 58 35962
15 59 17445
15 60 9744
15 61 16189
15 62 24820
15 63 34447
15 64 29143
15 65 40506
15 66 35597
15 67 21556
15 68 24366
15 69 12211
15 70 12017
15 71 13739
15 72 40244
15 73 30629
15 74 17098
15 75 24143
15 76 16822
16 1 4598
16 2 12983
16 3 3004
16 4 20812
16 5 29950
16 6 8747
16 7 28935
16 8 30442
16 9 13205
16 10 26784
16 11 32025
16 12 16257
16 13 35598
16 14 35500
16 15 34624
16 17 11119
16 18 15638
16 19 35449
16 20 40402
16 21 20544
16 22 12729
16 23 5067
16 24 -1583
16 25 18948
16 26 19106
16 27 27891
16 28 14740
16 29 28216
16 30 20110
16 31 16070
16 32 9164
16 33 2657
16 34 26220
16 35 32843
16 36 34641
16 37 36642
16 38 29792
16 39 19135
16 40 8397
16 41 16330
16 42 18188
16 43 10685
16 44 5755
16 45 25499
16 46 25084
16 47 29746
16 48 23060
16 49 590
16 50 11327
16 51 5694
16 52 28533
16 53 32025
16 54 30744
16 55 18211
16 56 3475
16 57 36607
16 58 24382
16 59 33089
16 60 43244
16 61 18107
16 62 10929
16 63 -1896
16 64 10023
16 65 37655
16 66 38249
16 67 21536
16 68 15997
16 69 32073
16 70 48525
16 71 43545
16 72 23029
16 73 9045
16 74 19576
16 75 17615
16 76 9035
17 1 15159
17 2 13203
17 3 6046
17 4 11791
17 5 24931
17 6 6581
17 7 14761
17 8 17294
17 9 6221
17 10 14360
17 11 17751
17 12 3019
17 13 24950
17 14 21215
17 15 27132
17 16 8016
17 18 19147
17 19 22004
17 20 34910
17 21 20911
17 22 20972
17 23 19464
17 24 8784
17 25 16276
17 26 4991
17 27 17998
17 28 18398
17 29 21816
17 30 16535
17 31 6901
17 32 6348
17 33 10608
17 34 14409
17 35 18877
17 36 32591
17 37 31971
17 38 16170
17 39 9782
17 40 -1538
17 41 29511
17 42 30370
17 43 23197
17 44 6404
17 45 17908
17 46 12601
17 47 27556
17 48 19632
17 49 13210
17 50 12079
17 51 3553
17 52 17312
17 53 17617
17 54 18605
17 55 17189
17 56 17889
17 57 27931
17 58 11236
17 59 18712
17 60 40250
17 61 22684
17 62 16758
17 63 11126
17 64 21401
17 65 24031
17 66 24215
17 67 8963
17 68 10817
17 69 32350
17 70 44361
17 71 41376
17 72 11369
17 73 16510
17 74 19737
17 75 8488
17 76 -2319
18 1 26963
18 2 35316
18 3 10283
18 4 38468
18 5 50785
18 6 29139
18 7 38170
18 8 42568
18 9 6931
18 10 23846
18 11 34209
18 12 22215
18 13 51595
18 14 42444
18 15 53815
18 16 16918
18 17 23530
18 19 46329
18 20 61115
18 21 43461
18 22 35431
18 23 20332
18 24 -4082
18 25 1978
18 26 30271
18 27 44822
18 28 38034
18 29 48074
18 30 41287
18 31 4571
18 32 5477
18 33 25961
18 34 40956
18 35 42463
18 36 56980
18 37 57785
18 38 29387
18 39 14881
18 40 13594
18 41 34421
18 42 37810
18 43 30621
18 44 8177
18 45 44434
18 46 38762
18 47 51924
18 48 44575
18 49 9618
18 50 -3554
18 51 23399
18 52 43938
18 53 38074
18 54 44381
18 55 -3488
18 56 16019
18 57 54759
18 58 25029
18 59 38175
18 60 65334
18 61 41390
18 62 34248
18 63 20252
18 64 29800
18 65 36291
18 66 37933
18 67 35423
18 68 35748
18 69 55106
18 70 70043
18 71 65925
18 72 21550
18 73 32344
18 74 42245
18 75 34948
18 76 24505
19 1 38269
19 2 29014
19 3 35114
19 4 18192
19 5 21235
19 6 28783
19 7 8899
19 8 2887
19 9 27311
19 10 19698
19 11 5722
19 12 22905
19 13 7586
19 14 -1565
19 15 15904
19 16 36314
19 17 25972
19 18 45914
19 20 24546
19 21 27374
19 22 39402
19 23 47042
19 24 37992
19 25 38424
19 26 17840
19 27 9484
19 28 32196
19 29 19809
19 30 25013
19 31 16612
19 32 32446
19 33 34761
19 34 11367
19 35 3353
19 36 31462
19 37 25409
19 38 13524
19 39 27679
19 40 23816
19 41 54136
19 42 53393
19 43 47343
19 44 34755
19 45 17518
19 46 7020
19 47 29055
19 48 22587
19 49 42360
19 50 38122
19 51 31355
19 52 8278
19 53 3465
19 54 -6925
19 55 38938
19 56 45413
19 57 12909
19 58 18832
19 59 -5458
19 60 33689
19 61 33962
19 62 35092
19 63 37716
19 64 42150
19 65 18027
19 66 11852
19 67 14825
19 68 27036
19 69 34494
19 70 35725
19 71 37609
19 72 24791
19 73 38067
19 74 30346
19 75 23186
19 76 13028
20 1 35283
20 2 27266
20 3 48648
20 4 26489
20 5 4903
20 6 35169
20 7 36128
20 8 28165
20 9 49876
20 10 49411
20 11 39510
20 12 44009
20 13 15964
20 14 32621
20 15 2674
20 16 43684
20 17 41295
20 18 63117
20 19 26963
20 21 10040
20 22 29204
20 23 49015
20 24 48507
20 25 60671
20 26 37353
20 27 16657
20 28 21391
20 29 14082
20 30 21886
20 31 46036
20 32 50931
20 33 36775
20 34 27474
20 35 33716
20 36 5278
20 37 -1569
20 38 45455
20 39 51915
20 40 42666
20 41 49389
20 42 46384
20 43 43214
20 44 50155
20 45 18512
20 46 26255
20 47 9972
20 48 11486
20 49 50463
20 50 56514
20 51 41804
20 52 22305
20 53 36448
20 54 11492
20 55 61672
20 56 45874
20 57 4734
20 58 46611
20 59 26813
20 60 -158
20 61 15614
20 62 29068
20 63 40724
20 64 30236
20 65 51208
20 66 46031
20 67 31797
20 68 32572
20 69 7755
20 70 1525
20 71 5906
20 72 50715
20 73 35891
20 74 21420
20 75 33302
20 76 26389
21 1 14332
21 2 10219
21 3 33412
21 4 18814
21 5 5411
21 6 20288
21 7 34216
21 8 29109
21 9 39064
21 10 44424
21 11 40488
21 12 34790
21 13 23011
21 14 36974
21 15 12999
21 16 26121
21 17 29591
21 18 47758
21 19 32086
21 20 12335
21 22 7192
21 23 28510
21 24 30399
21 25 48370
21 26 29881
21 27 17539
21 28 -186
21 29 10907
21 30 8982
21 31 39166
21 32 37786
21 33 18138
21 34 24604
21 35 34674
21 36 3069
21 37 8473
21 38 43178
21 39 42544
21 40 31314
21 41 27555
21 42 24401
21 43 21601
21 44 35636
21 45 13913
21 46 24323
21 47 266
21 48 1117
21 49 31978
21 50 42311
21 51 27167
21 52 22398
21 53 37417
21 54 20708
21 55 48846
21 56 24724
21 57 16935
21 58 40942
21 59 33898
21 60 11576
21 61 -4804
21 62 8223
21 63 21432
21 64 8531
21 65 50282
21 66 47752
21 67 25814
21 68 19615
21 69 -296
21 70 18086
21 71 11504
21 72 43098
21 73 15877
21 74 2799
21 75 22920
21 76 16914
22 1 411
22 2 11356
22 3 26392
22 4 25860
22 5 22206
22 6 18717
22 7 40835
22 8 38457
22 9 35668
22 10 46091
22 11 46877
22 12 34790
22 13 36776
22 14 46286
22 15 29547
22 16 17131
22 17 28477
22 18 38553
22 19 42939
22 20 30324
22 21 6017
22 23 13474
22 24 18276
22 25 42452
22 26 32994
22 27 29637
22 28 -186
22 29 24712
22 30 17345
22 31 38037
22 32 32335
22 33 10055
22 34 33070
22 35 43084
22 36 20789
22 37 26407
22 38 47102
22 39 40673
22 40 28970
22 41 9866
22 42 6429
22 43 4627
22 44 29110
22 45 25296
22 46 32778
22 47 18024
22 48 15582
22 49 20023
22 50 34831
22 51 23323
22 52 33009
22 53 44760
22 54 34122
22 55 41679
22 56 8198
22 57 33133
22 58 42813
22 59 44010
22 60 28695
22 61 -3227
22 62 633
22 63 10049
22 64 -7951
22 65 54814
22 66 53985
22 67 31467
22 68 22058
22 69 14519
22 70 35836
22 71 28460
22 72 43098
22 73 6674
22 74 10389
22 75 26374
22 76 20033
23 1 3092
23 2 20035
23 3 13727
23 4 31504
23 5 37094
23 6 19385
23 7 41510
23 8 42441
23 9 24106
23 10 39075
23 11 44826
23 12 28981
23 13 46064
23 14 48104
23 15 43061
23 16 6400
23 17 23900
23 18 20385
23 19 47510
23 20 47066
23 21 24266
23 22 10405
23 24 -1711
23 25 27161
23 26 31731
23 27 38239
23 28 17160
23 29 36692
23 30 28006
23 31 26839
23 32 19448
23 33 9088
23 34 37749
23 35 45266
23 36 39244
23 37 43043
23 38 42438
23 39 30719
23 40 20823
23 41 6351
23 42 9944
23 43 3261
23 44 16116
23 45 34936
23 46 36869
23 47 35051
23 48 29829
23 49 1420
23 50 18730
23 51 18245
23 52 39619
23 53 44760
23 54 41962
23 55 24488
23 56 -9295
23 57 45705
23 58 36958
23 59 45769
23 60 47825
23 61 17868
23 62 13187
23 63 1241
23 64 1793
23 65 50282
23 66 50992
23 67 33567
23 68 26193
23 69 34680
23 70 54048
23 71 47730
23 72 35244
23 73 12121
23 74 24820
23 75 28953
23 76 21004
24 1 16369
24 2 28570
24 3 8146
24 4 35624
24 5 45599
24 6 24095
24 7 40299
24 8 43313
24 9 14507
24 10 31497
24 11 40139
24 12 24859
24 13 50165
24 14 46189
24 15 50093
24 16 9246
24 17 22716
24 18 5467
24 19 47956
24 20 56054
24 21 35651
24 22 24703
24 23 7785
24 25 13923
24 26 30877
24 27 42668
24 28 29224
24 29 43747
24 30 35756
24 31 15643
24 32 10163
24 33 17656
24 34 40050
24 35 44581
24 36 50057
24 37 52290
24 38 36234
24 39 22104
24 40 15796
24 41 21782
24 42 25467
24 43 18597
24 44 8621
24 45 40807
24 46 38501
24 47 45254
24 48 38703
24 49 -1559
24 50 5710
24 51 19511
24 52 42737
24 53 42063
24 54 44506
24 55 9642
24 56 2902
24 57 51862
24 58 30893
24 59 43061
24 60 58709
24 61 31577
24 62 25098
24 63 10406
24 64 17281
24 65 43741
24 66 45138
24 67 34810
24 68 31307
24 69 46939
24 70 64125
24 71 58909
24 72 28001
24 73 23215
24 74 34961
24 75 32130
24 76 22755
25 1 32859
25 2 37440
25 3 13420
25 4 37102
25 5 50511
25 6 30581
25 7 32580
25 8 37756
25 9 -36
25 10 14360
25 11 25350
25 12 17943
25 13 48121
25 14 34976
25 15 52112
25 16 21878
25 17 22309
25 18 3628
25 19 40489
25 20 60319
25 21 45723
25 22 40980
25 23 28758
25 24 6024
25 26 26745
25 27 42247
25 28 41591
25 29 47305
25 30 41987
25 31 -6722
25 32 4218
25 33 30194
25 34 37749
25 35 36570
25 36 58089
25 37 57540
25 38 20160
25 39 7104
25 40 10859
25 41 42571
25 42 45424
25 43 37976
25 44 10247
25 45 43266
25 46 34987
25 47 53017
25 48 45182
25 49 17846
25 50 -1308
25 51 24881
25 52 40694
25 53 30702
25 54 39509
25 55 -8304
25 56 25396
25 57 52301
25 58 17117
25 59 29653
25 60 65861
25 61 45599
25 62 38451
25 63 26153
25 64 37482
25 65 26508
25 66 28129
25 67 32406
25 68 36177
25 69 57363
25 70 69936
25 71 66926
25 72 13683
25 73 36860
25 74 44386
25 75 34057
25 76 22861
26 1 21172
26 2 15571
26 3 14029
26 4 8496
26 5 21903
26 6 11003
26 7 6582
26 8 9307
26 9 9517
26 10 11298
26 11 10938
26 12 3549
26 13 18293
26 14 13142
26 15 22318
26 16 15955
26 17 4943
26 18 25840
26 19 13824
26 20 30920
26 21 21153
26 22 25441
26 23 27247
26 24 16897
26 25 20664
26 27 12271
26 28 20921
26 29 18468
26 30 16044
26 31 6462
26 32 12383
26 33 16727
26 34 7762
26 35 10633
26 36 30904
26 37 28707
26 38 10974
26 39 11307
26 40 3459
26 41 36318
26 42 36615
26 43 29762
26 44 13855
26 45 14243
26 46 5260
26 47 26221
26 48 18135
26 49 21453
26 50 18303
26 51 11042
26 52 10736
26 53 9867
26 54 10949
26 55 21681
26 56 25691
26 57 22306
26 58 7808
26 59 10785
26 60 37529
26 61 24877
26 62 20802
26 63 18422
26 64 26997
26 65 18599
26 66 17866
26 67 2454
26 68 12076
26 69 31840
26 70 41011
26 71 39281
26 72 10476
26 73 21706
26 74 20756
26 75 7644
26 76 -4298
27 1 25676
27 2 15571
27 3 29739
27 4 6841
27 5 6373
27 6 18581
27 7 13496
27 8 6271
27 9 27956
27 10 26614
27 11 18337
27 12 21988
27 13 1657
27 14 13477
27 15 4111
27 16 27653
27 17 20863
27 18 43304
27 19 8381
27 20 13137
27 21 11724
27 22 24997
27 23 36668
27 24 31601
27 25 39079
27 26 15184
27 28 17234
27 29 4187
27 30 10366
27 31 23213
27 32 30214
27 33 23483
27 34 4755
27 35 12073
27 36 16650
27 37 11995
27 38 23078
27 39 29572
27 40 21436
27 41 41545
27 42 40105
27 43 34750
27 44 30525
27 45 2288
27 46 3434
27 47 13588
27 48 6938
27 49 34556
27 50 36097
27 51 23626
27 52 -405
27 53 15063
27 54 -1635
27 55 40104
27 56 34694
27 57 3903
27 58 23789
27 59 10194
27 60 20965
27 61 18404
27 62 21224
27 63 27249
27 64 27854
27 65 29313
27 66 25390
27 67 9603
27 68 15763
27 69 19301
27 70 23756
27 71 23779
27 72 28046
27 73 25361
27 74 15255
27 75 13886
27 76 5774
28 1 4880
28 2 5005
28 3 26206
28 4 18262
28 5 12769
28 6 14692
28 7 33895
28 8 30499
28 9 33600
28 10 41522
28 11 40261
28 12 30739
28 13 27601
28 14 38527
28 15 20064
28 16 18007
28 17 24768
28 18 40021
28 19 34598
28 20 21376
28 21 -2496
28 22 -1321
28 23 19094
28 24 21662
28 25 41928
28 26 27339
28 27 20739
28 29 15366
28 30 8750
28 31 34972
28 32 31352
28 33 9866
28 34 25247
28 35 35519
28 36 12554
28 37 17368
28 38 41513
28 39 37786
28 40 26120
28 41 18328
28 42 15484
28 43 12200
28 44 28683
28 45 16403
28 46 25019
28 47 8974
28 48 6101
28 49 23198
28 50 35167
28 51 20920
28 52 24541
28 53 37681
28 54 25081
28 55 41982
28 56 15238
28 57 23649
28 58 38055
28 59 36058
28 60 21029
28 61 -5384
28 62 -1026
28 63 12539
28 64 1273
28 65 49012
28 66 47503
28 67 24654
28 68 15997
28 69 8096
28 70 27541
28 71 20905
28 72 39244
28 73 6943
28 74 1140
28 75 20176
28 76 14134
29 1 20827
29 2 10955
29 3 30363
29 4 8193
29 5 -919
29 6 17197
29 7 20816
29 8 14506
29 9 31680
29 10 33034
29 11 26452
29 12 25971
29 13 8040
29 14 22008
29 15 2102
29 16 26167
29 17 22870
29 18 44745
29 19 16895
29 20 8751
29 21 3281
29 22 18261
29 23 33310
29 24 30869
29 25 42326
29 26 19570
29 27 2376
29 28 10050
29 30 4944
29 31 29070
29 32 32496
29 33 20228
29 34 11087
29 35 20260
29 36 8754
29 37 5949
29 38 30404
29 39 34000
29 40 24312
29 41 36306
29 42 34281
29 43 29639
29 44 31768
29 45 357
29 46 10521
29 47 5121
29 48 -1424
29 49 33131
29 50 38080
29 51 23570
29 52 7638
29 53 23208
29 54 5686
29 55 43304
29 56 30885
29 57 4734
29 58 29828
29 59 18701
29 60 14704
29 61 10178
29 62 15375
29 63 24270
29 64 20992
29 65 37012
29 66 33608
29 67 14261
29 68 14386
29 69 10978
29 70 18329
29 71 16640
29 72 33257
29 73 20709
29 74 8153
29 75 14868
29 76 8058
30 1 11940
30 2 1955
30 3 23073
30 4 6011
30 5 5789
30 6 9387
30 7 21733
30 8 17743
30 9 26789
30 10 31385
30 11 28141
30 12 21988
30 13 15610
30 14 25794
30 15 11009
30 16 17760
30 17 17288
30 18 37657
30 19 21798
30 20 16254
30 21 1055
30 22 10593
30 23 24323
30 24 22577
30 25 36707
30 26 16845
30 27 8254
30 28 3133
30 29 4643
30 31 26259
30 32 26340
30 33 11318
30 34 12597
30 35 22906
30 36 12045
30 37 12596
30 38 30293
30 39 29904
30 40 19049
30 41 27586
30 42 25847
30 43 20858
30 44 24868
30 45 3947
30 46 12379
30 47 6979
30 48 -756
30 49 24612
30 50 31483
30 51 16255
30 52 11751
30 53 25305
30 54 12775
30 55 37476
30 56 21888
30 57 13719
30 58 27904
30 59 23268
30 60 20058
30 61 5756
30 62 6889
30 63 15366
30 64 13448
30 65 37520
30 66 35420
30 67 12922
30 68 7336
30 69 11974
30 70 24731
30 71 20905
30 72 30172
30 73 11754
30 74 1445
30 75 9991
30 76 3937
31 1 45307
31 2 45204
31 3 26577
31 4 40115
31 5 53299
31 6 38629
31 7 28935
31 8 34476
31 9 7388
31 10 4727
31 11 13738
31 12 21057
31 13 45986
31 14 25794
31 15 52443
31 16 34825
31 17 28759
31 18 22046
31 19 34502
31 20 61509
31 21 52344
31 22 52390
31 23 44261
31 24 23569
31 25 9103
31 26 28368
31 27 42206
31 28 50460
31 29 49874
31 30 47364
31 32 16833
31 33 41320
31 34 37651
31 35 31457
31 36 62522
31 37 59891
31 38 8961
31 39 9534
31 40 17773
31 41 57290
31 42 59415
31 43 51906
31 44 23487
31 45 45654
31 46 33936
31 47 57832
31 48 49740
31 49 33855
31 50 16058
31 51 34204
31 52 39890
31 53 22673
31 54 34683
31 55 4316
31 56 41672
31 57 51337
31 58 12130
31 59 17457
31 60 68846
31 61 54744
31 62 48580
31 63 39318
31 64 51228
31 65 12892
31 66 13643
31 67 33567
31 68 42300
31 69 63352
31 70 72004
31 71 70826
31 72 11736
31 73 47783
31 74 51456
31 75 38614
31 76 26727
32 1 21562
32 2 25369
32 3 2066
32 4 25997
32 5 39042
32 6 18535
32 7 24893
32 8 29227
32 9 -3121
32 10 13477
32 11 22451
32 12 8892
32 13 38449
32 14 29635
32 15 41310
32 16 10623
32 17 10910
32 18 5656
32 19 33040
32 20 49108
32 21 33668
32 22 29392
32 23 19574
32 24 793
32 25 2747
32 26 16993
32 27 31911
32 28 29544
32 29 36004
32 30 30149
32 31 -463
32 33 18386
32 34 27816
32 35 29209
32 36 46229
32 37 46088
32 38 18271
32 39 4133
32 40 298
32 41 32669
32 42 35007
32 43 27490
32 44 -1146
32 45 32120
32 46 25506
32 47 41143
32 48 33404
32 49 9398
32 50 -1938
32 51 12802
32 52 30813
32 53 25305
32 54 31046
32 55 3285
32 56 17123
32 57 41945
32 58 13085
32 59 25897
32 60 54181
32 61 33607
32 62 26527
32 63 15108
32 64 26956
32 65 25724
32 66 27162
32 67 22292
32 68 24346
32 69 45323
32 70 58461
32 71 55109
32 72 10009
32 73 25057
32 74 32327
32 75 22672
32 76 11823
33 1 -1376
33 2 5395
33 3 10767
33 4 16716
33 5 22737
33 6 5183
33 7 28623
33 8 28392
33 9 19668
33 10 30833
33 11 33565
33 12 19509
33 13 31083
33 14 35042
33 15 28250
33 16 2196
33 17 13250
33 18 24220
33 19 33435
33 20 33032
33 21 12100
33 22 5192
33 23 7294
33 24 6366
33 25 26803
33 26 19417
33 27 23260
33 28 6138
33 29 21816
33 30 13207
33 31 22104
33 32 16466
33 34 23346
33 35 31878
33 36 26467
33 37 29118
33 38 32637
33 39 24760
33 40 13132
33 41 13745
33 42 13985
33 43 7107
33 44 13402
33 45 19906
33 46 22668
33 47 21726
33 48 15582
33 49 8013
33 50 19601
33 51 7590
33 52 24883
33 53 32374
33 54 27193
33 55 26487
33 56 5270
33 57 30747
33 58 27787
33 59 32876
33 60 35130
33 61 9646
33 62 2420
33 63 -1896
33 64 4849
33 65 40475
33 66 40346
33 67 19819
33 68 11383
33 69 23542
33 70 40702
33 71 35308
33 72 27524
33 73 728
33 74 11380
33 75 14714
33 76 7423
34 1 23849
34 2 14754
34 3 23432
34 4 3862
34 5 12989
34 6 14609
34 7 6733
34 8 2342
34 9 20278
34 10 19130
34 11 12832
34 12 14340
34 13 7586
34 14 10244
34 15 11904
34 16 22869
34 17 14161
34 18 36325
34 19 7151
34 20 20841
34 21 15676
34 22 25317
34 23 33065
34 24 25870
34 25 31468
34 26 7562
34 27 1642
34 28 18629
34 29 9785
34 30 11596
34 31 15545
34 32 23006
34 33 20456
34 35 7253
34 36 22894
34 37 19274
34 38 16266
34 39 21787
34 40 14115
34 41 39724
34 42 38984
34 43 32927
34 44 23838
34 45 5885
34 46 -3274
34 47 18941
34 48 11278
34 49 29423
34 50 28930
34 51 18174
34 52 -56
34 53 9783
34 54 1502
34 55 32476
34 56 31361
34 57 11545
34 58 16133
34 59 7894
34 60 28270
34 61 21336
34 62 20855
34 63 23644
34 64 27945
34 65 22967
34 66 20094
34 67 2182
34 68 12626
34 69 24887
34 70 31302
34 71 30643
34 72 20244
34 73 23647
34 74 17098
34 75 9029
34 76 -381
35 1 33840
35 2 25565
35 3 28370
35 4 14819
35 5 22373
35 6 23784
35 7 1733
35 8 271
35 9 20032
35 10 13205
35 11 2337
35 12 15764
35 13 11139
35 14 -666
35 15 18830
35 16 30364
35 17 19501
35 18 38704
35 19 9
35 20 27955
35 21 26618
35 22 36203
35 23 41454
35 24 31273
35 25 31161
35 26 11305
35 27 9832
35 28 29773
35 29 19830
35 30 22777
35 31 10223
35 32 25271
35 33 29860
35 34 8125
35 36 32641
35 37 27703
35 38 7982
35 39 20429
35 40 16754
35 41 49509
35 42 49198
35 43 42785
35 44 27814
35 45 16501
35 46 3434
35 47 29296
35 48 22006
35 49 36013
35 50 30893
35 51 25381
35 52 7514
35 53 -937
35 54 -527
35 55 31720
35 56 39883
35 57 16776
35 58 11800
35 59 -2829
35 60 36516
35 61 32493
35 62 31622
35 63 32332
35 64 38656
35 65 13583
35 66 9428
35 67 9603
35 68 22776
35 69 35158
35 70 38942
35 71 39681
35 72 17605
35 73 33839
35 74 28278
35 75 18438
35 76 7647
36 1 24738
36 2 19038
36 3 42108
36 4 23362
36 5 2423
36 6 28471
36 7 36933
36 8 30285
36 9 46104
36 10 48996
36 11 42346
36 12 40927
36 13 20835
36 14 37111
36 15 8029
36 16 35606
36 17 36659
36 18 56665
36 19 31562
36 20 2961
36 21 -1543
36 22 17352
36 23 38876
36 24 40193
36 25 56124
36 26 35020
36 27 17853
36 28 10252
36 29 11768
36 30 15360
36 31 44732
36 32 45735
36 33 27893
36 34 27210
36 35 36085
36 37 158
36 38 46529
36 39 48965
36 40 38402
36 41 37885
36 42 34589
36 43 32016
36 44 44084
36 45 16281
36 46 26630
36 47 344
36 48 4703
36 49 41848
36 50 50754
36 51 35438
36 52 23472
36 53 39074
36 54 18088
36 55 56880
36 56 35163
36 57 11944
36 58 45695
36 59 32974
36 60 1306
36 61 3005
36 62 18571
36 63 31467
36 64 17767
36 65 53100
36 66 49410
36 67 30039
36 68 26752
36 69 -3902
36 70 7691
36 71 1575
36 72 48732
36 73 26043
36 74 11942
36 75 29003
36 76 22725
37 1 29201
37 2 21356
37 3 43208
37 4 21791
37 5 -556
37 6 29596
37 7 33134
37 8 25685
37 9 45274
37 10 46054
37 11 37586
37 12 39568
37 13 14686
37 14 31483
37 15 1124
37 16 37888
37 17 36320
37 18 57751
37 19 25790
37 20 -3605
37 21 4142
37 22 23251
37 23 42956
37 24 42707
37 25 55856
37 26 33104
37 27 13479
37 28 15347
37 29 9244
37 30 16192
37 31 42382
37 32 45875
37 33 30825
37 34 23871
37 35 31428
37 36 439
37 38 42724
37 39 47586
37 40 37852
37 41 43348
37 42 40395
37 43 37146
37 44 44843
37 45 13913
37 46 22950
37 47 3941
37 48 5589
37 49 44596
37 50 51323
37 51 36355
37 52 19242
37 53 34360
37 54 11399
37 55 56806
37 56 39792
37 57 4696
37 58 43016
37 59 26663
37 60 1349
37 61 10198
37 62 22985
37 63 34741
37 64 24546
37 65 48869
37 66 44416
37 67 27684
37 68 27159
37 69 3753
37 70 4745
37 71 4554
37 72 46722
37 73 29834
37 74 15353
37 75 28321
37 76 21635
38 1 41168
38 2 36440
38 3 27426
38 4 27855
38 5 39063
38 6 31509
38 7 13012
38 8 17743
38 9 11804
38 10 -1727
38 11 -4601
38 12 14948
38 13 29024
38 14 6928
38 15 36502
38 16 33293
38 17 22774
38 18 31608
38 19 16160
38 20 45674
38 21 41102
38 22 46201
38 23 44606
38 24 28906
38 25 20731
38 26 17626
38 27 26817
38 28 41747
38 29 35954
38 30 36144
38 31 -6293
38 32 20313
38 33 36599
38 34 23118
38 35 13962
38 36 49065
38 37 44979
38 39 11531
38 40 15099
38 41 55522
38 42 56441
38 43 49268
38 44 25378
38 45 32010
38 46 18821
38 47 45029
38 48 37184
38 49 36192
38 50 23972
38 51 29600
38 52 24334
38 53 4105
38 54 16489
38 55 19692
38 56 42857
38 57 34649
38 58 2992
38 59 -260
38 60 53932
38 61 45566
38 62 41612
38 63 37021
38 64 47332
38 65 -2033
38 66 -1001
38 67 20880
38 68 32939
38 69 50960
38 70 56558
38 71 56673
38 72 8660
38 73 42148
38 74 41267
38 75 28422
38 76 16545
39 1 29395
39 2 29480
39 3 11497
39 4 25946
39 5 39543
39 6 22754
39 7 19094
39 8 24426
39 9 -6209
39 10 2935
39 11 12832
39 12 6035
39 13 35194
39 14 21575
39 15 40070
39 16 19226
39 17 12976
39 18 13692
39 19 26905
39 20 48724
39 21 37058
39 22 36362
39 23 29477
39 24 11366
39 25 4265
39 26 14549
39 27 29901
39 28 34610
39 29 36140
39 30 32345
39 31 -9130
39 32 2765
39 33 25312
39 34 25229
39 35 22999
39 36 48091
39 37 46431
39 38 8121
39 40 1754
39 41 41921
39 42 43768
39 43 36289
39 44 8755
39 45 31941
39 46 22149
39 47 43185
39 48 35126
39 49 19795
39 50 5970
39 51 18174
39 52 28030
39 53 17242
39 54 26066
39 55 4837
39 56 27312
39 57 39800
39 58 3772
39 59 16853
39 60 55157
39 61 38898
39 62 32571
39 63 23644
39 64 35457
39 65 15328
39 66 16884
39 67 20228
39 68 26894
39 69 48351
39 70 58771
39 71 56681
39 72 244
39 73 31754
39 74 35968
39 75 23669
39 76 11980
40 1 19682
40 2 19694
40 3 4300
40 4 18004
40 5 31424
40 6 12860
40 7 16733
40 8 20766
40 9 -483
40 10 10141
40 11 16492
40 12 838
40 13 29927
40 14 22192
40 15 33135
40 16 10237
40 17 3405
40 18 14154
40 19 24791
40 20 41224
40 21 27577
40 22 26408
40 23 21330
40 24 6807
40 25 9769
40 26 8450
40 27 23514
40 28 24693
40 29 28201
40 30 23239
40 31 858
40 32 679
40 33 15433
40 34 19306
40 35 21073
40 36 39277
40 37 38446
40 38 13438
40 39 3503
40 41 32896
40 42 34384
40 43 26980
40 44 2975
40 45 24169
40 46 16962
40 47 34252
40 48 26305
40 49 13003
40 50 6601
40 51 8195
40 52 22305
40 53 18025
40 54 22552
40 55 10760
40 56 19529
40 57 33577
40 58 7914
40 59 19032
40 60 46845
40 61 28973
40 62 22571
40 63 14382
40 64 25882
40 65 21251
40 66 22165
40 67 13797
40 68 17522
40 69 39047
40 70 50842
40 71 48039
40 72 6424
40 73 21802
40 74 26360
40 75 14990
40 76 3761
41 1 1742
41 2 20587
41 3 23415
41 4 34381
41 5 35478
41 6 23600
41 7 47062
41 8 46584
41 9 33940
41 10 47709
41 11 51781
41 12 36788
41 13 47727
41 14 53466
41 15 42392
41 16 14618
41 17 30902
41 18 31429
41 19 51559
41 20 44395
41 21 20266
41 22 3752
41 23 3306
41 24 9241
41 25 37929
41 26 37757
41 27 40071
41 28 13349
41 29 36643
41 30 28224
41 31 36823
41 32 29498
41 33 12494
41 34 41363
41 35 50276
41 36 35208
41 37 40390
41 38 50309
41 39 40118
41 40 29344
41 42 -373
41 43 -2563
41 44 26035
41 45 36047
41 46 40815
41 47 31994
41 48 28395
41 49 12370
41 50 29561
41 51 24953
41 52 42429
41 53 50791
41 54 44481
41 55 35514
41 56 -5126
41 57 45631
41 58 45085
41 59 51306
41 60 43244
41 61 10967
41 62 10819
41 63 7285
41 64 -9183
41 65 58182
41 66 58400
41 67 38197
41 68 29263
41 69 29049
41 70 50270
41 71 43012
41 72 44009
41 73 12182
41 74 22897
41 75 32998
41 76 25854
42 1 1192
42 2 19142
42 3 25579
42 4 33411
42 5 32820
42 6 23488
42 7 46943
42 8 45877
42 9 35993
42 10 48970
42 11 52152
42 12 37798
42 13 46064
42 14 53137
42 15 39956
42 16 16398
42 17 31683
42 18 34740
42 19 50738
42 20 41312
42 21 17034
42 22 237
42 23 6821
42 24 12848
42 25 40704
42 26 37976
42 27 38553
42 28 10427
42 29 34540
42 30 26407
42 31 38870
42 32 31758
42 33 12656
42 34 40545
42 35 49887
42 36 31834
42 37 37359
42 38 51150
42 39 41887
42 40 30754
42 41 -451
42 43 -1936
42 44 28280
42 45 34369
42 46 40097
42 47 28955
42 48 25907
42 49 15557
42 50 32446
42 51 25803
42 52 41265
42 53 50791
42 54 43065
42 55 38699
42 56 -913
42 57 43358
42 58 46127
42 59 50983
42 60 39654
42 61 7038
42 62 8726
42 63 8784
42 64 -12552
42 65 59005
42 66 58947
42 67 37834
42 68 28567
42 69 25288
42 70 46877
42 71 39415
42 72 45404
42 73 11249
42 74 20447
42 75 32560
42 76 25688
43 1 -2730
43 2 16145
43 3 20480
43 4 29912
43 5 31386
43 6 19253
43 7 42744
43 8 42143
43 9 30899
43 10 44046
43 11 47645
43 12 32955
43 13 43289
43 14 49101
43 15 38175
43 16 11314
43 17 26929
43 18 29970
43 19 47107
43 20 40561
43 21 16653
43 22 854
43 23 2557
43 24 8397
43 25 35675
43 26 33542
43 27 35617
43 28 9562
43 29 32317
43 30 23837
43 31 33780
43 32 26660
43 33 8197
43 34 36907
43 35 45893
43 36 31680
43 37 36529
43 38 46396
43 39 36827
43 40 25769
43 41 -222
43 42 483
43 44 23183
43 45 31620
43 46 36371
43 47 28175
43 48 24235
43 49 10786
43 50 27460
43 51 21004
43 52 37957
43 53 46515
43 54 40016
43 55 33828
43 56 -3464
43 57 41345
43 58 41280
43 59 46945
43 60 39933
43 61 8420
43 62 6607
43 63 3726
43 64 -7516
43 65 54261
43 66 54344
43 67 33811
43 68 24811
43 69 26049
43 70 46721
43 71 39726
43 72 40432
43 73 7712
43 74 18758
43 75 28589
43 76 21509
44 1 16581
44 2 21582
44 3 -2996
44 4 24086
44 5 36418
44 6 15020
44 7 25802
44 8 29403
44 9 1751
44 10 17446
44 11 25350
44 12 10057
44 13 37598
44 14 31411
44 15 39412
44 16 5594
44 17 9346
44 18 6736
44 19 33729
44 20 46712
44 21 29898
44 22 24547
44 23 14622
44 24 -2369
44 25 7156
44 26 16845
44 27 30602
44 28 25255
44 29 33656
44 30 27057
44 31 4571
44 32 -2766
44 33 13702
44 34 27028
44 35 30132
44 36 42958
44 37 43436
44 38 21716
44 39 8503
44 40 974
44 41 27586
44 42 29909
44 43 22393
44 45 30017
44 46 25084
44 47 37873
44 48 30357
44 49 4824
44 50 446
44 51 9192
44 52 29954
44 53 27234
44 54 31003
44 55 7073
44 56 12333
44 57 40450
44 58 16244
44 59 28199
44 60 51166
44 61 29164
44 62 21982
44 63 10049
44 64 21865
44 65 29368
44 66 30604
44 67 21536
44 68 21406
44 69 41584
44 70 55733
44 71 51889
44 72 13683
44 73 20368
44 74 28575
44 75 20543
44 76 10235
45 1 19682
45 2 9515
45 3 26654
45 4 3862
45 5 3553
45 6 14045
45 7 16733
45 8 11082
45 9 27311
45 10 28636
45 11 22692
45 12 21546
45 13 7586
45 14 18982
45 15 5320
45 16 23208
45 17 18720
45 18 40863
45 19 14362
45 20 12939
45 21 6045
45 22 18603
45 23 31312
45 24 27687
45 25 38045
45 26 15103
45 27 235
45 28 10845
45 29 115
45 30 4006
45 31 24608
45 32 28370
45 33 18076
45 34 6945
45 35 16689
45 36 13025
45 37 10376
45 38 26218
45 39 29559
45 40 20038
45 41 35468
45 42 33868
45 43 28700
45 44 27887
45 46 6532
45 47 8941
45 48 1393
45 49 30203
45 50 34046
45 51 19997
45 52 4416
45 53 19522
45 54 4721
45 55 39045
45 56 29157
45 57 6993
45 58 25395
45 59 16099
45 60 19174
45 61 12351
45 62 14932
45 63 22021
45 64 21460
45 65 32967
45 66 29916
45 67 9797
45 68 11103
45 69 14887
45 70 22728
45 71 21075
45 72 28785
45 73 19399
45 74 8879
45 75 10796
45 76 3761
46 1 25790
46 2 16887
46 3 24154
46 4 6011
46 5 14734
46 6 16279
46 7 4795
46 8 271
46 9 19900
46 10 17674
46 11 10682
46 12 14097
46 13 7624
46 14 8036
46 15 12999
46 16 24188
46 17 14808
46 18 36586
46 19 5259
46 20 22077
46 21 17850
46 22 27480
46 23 34640
46 24 26776
46 25 31161
46 26 7515
46 27 2776
46 28 20856
46 29 11674
46 30 13833
46 31 14285
46 32 23151
46 33 22233
46 34 -819
46 35 5017
46 36 24769
46 37 20808
46 38 14424
46 39 21162
46 40 14226
46 41 41631
46 42 40991
46 43 34846
46 44 24349
46 45 7927
46 47 20960
46 48 13386
46 49 30575
46 50 29072
46 51 19354
46 52 472
46 53 7587
46 54 504
46 55 32125
46 56 32978
46 57 12214
46 58 14867
46 59 5722
46 60 29806
46 61 23566
46 62 22985
46 63 25263
46 64 30072
46 65 20985
46 66 17931
46 67 2797
46 68 14545
46 69 26900
46 70 32687
46 71 32359
46 72 19327
46 73 25629
46 74 19334
46 75 10672
46 76 799
47 1 19424
47 2 12759
47 3 35729
47 4 17407
47 5 -556
47 6 22076
47 7 31733
47 8 25685
47 9 39788
47 10 43244
47 11 37586
47 12 34739
47 13 17910
47 14 33116
47 15 6904
47 16 29399
47 17 30312
47 18 50297
47 19 27843
47 20 6343
47 21 -5658
47 22 13275
47 23 33371
47 24 34078
47 25 49740
47 26 29025
47 27 13479
47 28 5360
47 29 6823
47 30 8982
47 31 38730
47 32 39337
47 33 21840
47 34 21945
47 35 31428
47 36 -968
47 37 2348
47 38 41181
47 39 42747
47 40 32065
47 41 33359
47 42 30398
47 43 27199
47 44 37687
47 45 10885
47 46 21509
47 48 -1502
47 49 35788
47 50 44353
47 51 29040
47 52 18817
47 53 34360
47 54 15537
47 55 50483
47 56 29996
47 57 10905
47 58 39870
47 59 29577
47 60 7448
47 61 1209
47 62 13187
47 63 25562
47 64 14849
47 65 47967
47 66 44765
47 67 24256
47 68 20367
47 69 -113
47 70 12989
47 71 7958
47 72 42678
47 73 20327
47 74 5917
47 75 22755
47 76 16545
48 1 16581
48 2 7955
48 3 30129
48 4 11109
48 5 -556
48 6 16430
48 7 25802
48 8 20271
48 9 33577
48 10 36979
48 11 31890
48 12 28435
48 13 14385
48 14 28061
48 15 6222
48 16 24481
48 17 24156
48 18 44716
48 19 23143
48 20 9625
48 21 -3039
48 22 12601
48 23 29917
48 24 29295
48 25 43673
48 26 22707
48 27 8597
48 28 4255
48 29 2046
48 30 3015
48 31 32406
48 32 33366
48 33 17464
48 34 16050
48 35 25906
48 36 5159
48 37 5764
48 38 35104
48 39 36456
48 40 25886
48 41 31528
48 42 29118
48 43 25027
48 44 31939
48 45 5105
48 46 15703
48 47 266
48 49 31182
48 50 38550
48 51 23323
48 52 13500
48 53 28737
48 54 12059
48 55 44484
48 56 27064
48 57 9724
48 58 33584
48 59 24954
48 60 12989
48 61 3775
48 62 10599
48 63 21432
48 64 15122
48 65 42008
48 66 39125
48 67 18010
48 68 14354
48 69 6004
48 70 17729
48 71 13920
48 72 36354
48 73 16842
48 74 2799
48 75 16478
48 76 10235
49 1 9430
49 2 21788
49 3 5406
49 4 29927
49 5 38988
49 6 17959
49 7 36583
49 8 38837
49 9 14907
49 10 30871
49 11 38111
49 12 22159
49 13 44676
49 14 42923
49 15 43827
49 16 2814
49 17 18537
49 18 10562
49 19 43719
49 20 49405
49 21 28625
49 22 17845
49 23 2311
49 24 -10164
49 25 17140
49 26 26828
49 27 37018
49 28 22155
49 29 37404
49 30 29186
49 31 17324
49 32 10163
49 33 10698
49 34 34998
49 35 40716
49 36 43107
49 37 45574
49 38 34915
49 39 21928
49 40 13387
49 41 16306
49 42 19571
49 43 12381
49 44 7209
49 45 34718
49 46 33695
49 47 38359
49 48 31985
49 50 8694
49 51 14179
49 52 37472
49 53 39074
49 54 39555
49 55 14538
49 56 -808
49 57 45825
49 58 29381
49 59 40214
49 60 51773
49 61 24566
49 62 18027
49 63 3335
49 64 11584
49 65 42646
49 66 43737
49 67 30039
49 68 25210
49 69 39877
49 70 57299
49 71 51932
49 72 27072
49 73 16147
49 74 28024
49 75 26607
49 76 17690
50 1 25275
50 2 31575
50 3 6534
50 4 33411
50 5 46187
50 6 25006
50 7 32244
50 8 36756
50 9 1070
50 10 18199
50 11 28337
50 12 16355
50 13 46064
50 14 36446
50 15 48763
50 16 14475
50 17 18330
50 18 -1686
50 19 40405
50 20 56380
50 21 39882
50 22 33577
50 23 20545
50 24 -1971
50 25 -1090
50 26 24602
50 27 39483
50 28 35048
50 29 43277
50 30 36981
50 31 451
50 32 -249
50 33 23210
50 34 35429
50 35 36520
50 36 52937
50 37 53225
50 38 23619
50 39 9027
50 40 7909
50 41 34421
50 42 37384
50 43 29979
50 44 3755
50 45 39485
50 46 33116
50 47 47848
50 48 40277
50 49 9618
50 51 19173
50 52 38425
50 53 32075
50 54 38593
50 55 -2658
50 56 17154
50 57 49497
50 58 19090
50 59 32232
50 60 61093
50 61 38797
50 62 31571
50 63 18497
50 64 29448
50 65 30663
50 66 32281
50 67 29903
50 68 31261
50 69 51569
50 70 65561
50 71 61861
50 72 15640
50 73 29805
50 74 38566
50 75 29990
50 76 19301
51 1 8947
51 2 9720
51 3 4004
51 4 13283
51 5 24575
51 6 2984
51 7 20440
51 8 21954
51 9 9892
51 10 20428
51 11 24107
51 12 9155
51 13 27828
51 14 27025
51 15 28153
51 16 2138
51 17 3100
51 18 18563
51 19 26934
51 20 34966
51 21 18034
51 22 15365
51 23 13356
51 24 5126
51 25 18395
51 26 10637
51 27 20308
51 28 14097
51 29 22063
51 30 15049
51 31 11893
51 32 7787
51 33 4495
51 34 17969
51 35 24304
51 36 30917
51 37 31553
51 38 22543
51 39 14527
51 40 2799
51 41 23109
51 42 24037
51 43 16819
51 44 5797
51 45 18732
51 46 16694
51 47 25831
51 48 18346
51 49 8399
51 50 12469
51 52 20492
51 53 23686
51 54 22526
51 55 18835
51 56 11800
51 57 29643
51 58 17479
51 59 24674
51 60 39141
51 61 18300
51 62 11597
51 63 4749
51 64 15218
51 65 30410
51 66 30615
51 67 13076
51 68 9551
51 69 29704
51 70 43795
51 71 39847
51 72 17084
51 73 10762
51 74 16691
51 75 9769
51 76 664
52 1 26339
52 2 16588
52 3 27738
52 4 6278
52 5 10401
52 6 17959
52 7 9382
52 8 2342
52 9 24668
52 10 22578
52 11 14356
52 12 18761
52 13 3130
52 14 10051
52 15 8029
52 16 26655
52 17 18537
52 18 40780
52 19 5535
52 20 17145
52 21 14943
52 22 26729
52 23 36408
52 24 30030
52 25 35886
52 26 12009
52 27 -2045
52 28 19396
52 29 7809
52 30 12223
52 31 19257
52 32 27476
52 33 23466
52 34 1417
52 35 8115
52 36 20629
52 37 16118
52 38 18955
52 39 26061
52 40 18587
52 41 42263
52 42 41177
52 43 35450
52 44 28237
52 45 4829
52 46 -510
52 47 17286
52 48 10201
52 49 33370
52 50 33399
52 51 22170
52 53 11089
52 54 -2185
52 55 36882
52 56 34603
52 57 7252
52 58 19849
52 59 7182
52 60 25084
52 61 21281
52 62 22571
52 63 26949
52 64 29536
52 65 25216
52 66 21469
52 67 6646
52 68 15497
52 69 23121
52 70 27836
52 71 27881
52 72 24313
52 73 26043
52 74 17541
52 75 12625
52 76 3761
53 1 38666
53 2 31314
53 3 30060
53 4 20957
53 5 29373
53 6 28409
53 7 5335
53 8 7271
53 9 18737
53 10 8766
53 11 -4663
53 12 16620
53 13 17673
53 14 -3565
53 15 25638
53 16 33556
53 17 22251
53 18 38325
53 19 4131
53 20 34697
53 21 33371
53 22 41889
53 23 44958
53 24 32765
53 25 29303
53 26 14549
53 27 16832
53 28 35945
53 29 26788
53 30 29186
53 31 5449
53 32 25377
53 33 34366
53 34 14665
53 35 3073
53 36 39640
53 37 34645
53 38 2135
53 39 18682
53 40 17716
53 41 54034
53 42 54112
53 43 47417
53 44 28926
53 45 23344
53 46 10014
53 47 36238
53 48 28847
53 49 38381
53 50 30458
53 51 28773
53 52 14498
53 54 4473
53 55 29316
53 56 43397
53 57 23319
53 58 9069
53 59 -6794
53 60 43403
53 61 38990
53 62 37225
53 63 36225
53 64 44053
53 65 6895
53 66 2470
53 67 14825
53 68 28145
53 69 42122
53 70 45745
53 71 46658
53 72 15468
53 73 38907
53 74 34662
53 75 23589
53 76 12291
54 1 39409
54 2 29393
54 3 40178
54 4 19595
54 5 16560
54 6 31294
54 7 15968
54 8 7920
54 9 34445
54 10 28070
54 11 14170
54 12 29265
54 13 2396
54 14 6198
54 15 9624
54 16 39865
54 17 30829
54 18 52222
54 19 1331
54 20 17331
54 21 24252
54 22 38841
54 23 49750
54 24 42798
54 25 45700
54 26 23221
54 27 7724
54 28 30935
54 29 16856
54 30 24246
54 31 25049
54 32 38708
54 33 36775
54 34 13974
54 35 11073
54 36 26244
54 37 19274
54 38 22109
54 39 35096
54 40 29833
54 41 55314
54 42 53976
54 43 48508
54 44 40285
54 45 16133
54 46 10521
54 47 25005
54 48 19759
54 49 46452
54 50 44566
54 51 35203
54 52 8814
54 53 12063
54 55 46429
54 56 47937
54 57 5838
54 58 26787
54 59 -152
54 60 26765
54 61 31321
54 62 35115
54 63 40291
54 64 41694
54 65 26582
54 66 19910
54 67 18820
54 68 28817
54 69 29606
54 70 28540
54 71 31382
54 72 32460
54 73 39092
54 74 28942
54 75 25884
54 76 16638
55 1 40039
55 2 46063
55 3 21317
55 4 46288
55 5 59641
55 6 39301
55 7 41454
55 8 46749
55 9 9084
55 10 21538
55 11 32614
55 12 27140
55 13 57268
55 14 43035
55 15 61330
55 16 29329
55 17 31410
55 18 6350
55 19 49191
55 20 69508
55 21 54387
55 22 48395
55 23 34273
55 24 9931
55 25 -116
55 26 35950
55 27 51460
55 28 49833
55 29 56471
55 30 50944
55 31 -3321
55 32 12944
55 33 38066
55 34 46945
55 35 45317
55 36 67033
55 37 66678
55 38 27309
55 39 15864
55 40 20038
55 41 48344
55 42 51607
55 43 44317
55 44 18352
55 45 52454
55 46 44139
55 47 61948
55 48 54181
55 49 23432
55 50 5312
55 51 33509
55 52 49878
55 53 38903
55 54 48426
55 56 30051
55 57 61510
55 58 25395
55 59 36952
55 60 74920
55 61 53646
55 62 46423
55 63 33252
55 64 43640
55 65 32967
55 66 34380
55 67 41619
55 68 45134
55 69 66062
55 70 79071
55 71 75904
55 72 22170
55 73 44670
55 74 53047
55 75 43187
55 76 32045
56 1 6841
56 2 24972
56 3 19004
56 4 37053
56 5 41627
56 6 25041
56 7 47339
56 8 48195
56 9 29114
56 10 44536
56 11 50590
56 12 34688
56 13 51472
56 14 53933
56 15 47913
56 16 12195
56 17 29712
56 18 23459
56 19 53268
56 20 51312
56 21 27867
56 22 12516
56 23 -1908
56 24 793
56 25 31186
56 26 37562
56 27 43652
56 28 20691
56 29 41654
56 30 32958
56 31 31637
56 32 24384
56 33 14451
56 34 43432
56 35 51082
56 36 42918
56 37 47266
56 38 48076
56 39 35941
56 40 26409
56 41 5306
56 42 9597
56 43 4627
56 44 21214
56 45 40168
56 46 42594
56 47 39063
56 48 34363
56 49 5688
56 50 22726
56 51 24076
56 52 45201
56 53 50586
56 54 47536
56 55 27653
56 57 50730
56 58 42567
56 59 51600
56 60 51329
56 61 20077
56 62 17086
56 63 6887
56 64 380
56 65 55903
56 66 56691
56 67 39341
56 68 31719
56 69 37641
56 70 57887
56 71 51152
56 72 40697
56 73 16653
56 74 29103
56 75 34645
56 76 26781
57 1 33852
57 2 23972
57 3 41543
57 4 18332
57 5 4580
57 6 29338
57 7 24192
57 8 15862
57 9 40116
57 10 37598
57 11 26631
57 12 34158
57 13 3130
57 14 19585
57 15 -3853
57 16 38505
57 17 32932
57 18 55377
57 19 13942
57 20 3350
57 21 13256
57 22 30629
57 23 46270
57 24 42931
57 25 51269
57 26 27355
57 27 6039
57 28 22280
57 29 8681
57 30 17967
57 31 34480
57 32 42384
57 33 33106
57 34 16794
57 35 21153
57 36 12877
57 37 5348
57 38 33046
57 39 41607
57 40 33635
57 41 49241
57 42 47046
57 43 42614
57 44 42509
57 45 11182
57 46 15008
57 47 13150
57 48 10201
57 49 45499
57 50 48247
57 51 35097
57 52 11028
57 53 23686
57 54 -1385
57 55 52290
57 56 43908
57 58 35172
57 59 13989
57 60 12666
57 61 20371
57 62 28264
57 63 37121
57 64 33074
57 65 38508
57 66 33043
57 67 21797
57 68 26393
57 69 16346
57 70 14551
57 71 17308
57 72 39842
57 73 33747
57 74 20699
57 75 25515
57 76 17797
58 1 32610
58 2 29189
58 3 18211
58 4 22286
58 5 35093
58 6 23507
58 7 10875
58 8 16484
58 9 3704
58 10 -2727
58 11 3148
58 12 6035
58 13 27888
58 14 11639
58 15 34094
58 16 24204
58 17 14161
58 18 23571
58 19 17789
58 20 43151
58 21 35187
58 22 38233
58 23 35447
58 24 19886
58 25 14009
58 26 10781
58 27 23849
58 28 34610
58 29 31699
58 30 30076
58 31 -6803
58 32 11448
58 33 28070
58 34 19306
58 35 14101
58 36 44552
58 37 41592
58 38 -687
58 39 3503
58 40 5896
58 41 46619
58 42 47739
58 43 40473
58 44 16227
58 45 27508
58 46 15585
58 47 40039
58 48 31985
58 49 26979
58 50 15764
58 51 20857
58 52 21549
58 53 7360
58 54 17488
58 55 14099
58 56 33669
58 57 33096
58 59 6918
58 60 50570
58 61 38714
58 62 33802
58 63 28077
58 64 38863
58 65 7109
58 66 8146
58 67 15479
58 68 25808
58 69 45773
58 70 53663
58 71 52693
58 72 244
58 73 33904
58 74 34737
58 75 21589
58 76 9619
59 1 54343
59 2 45945
59 3 46559
59 4 35079
59 5 38860
59 6 44215
59 7 21146
59 8 19478
59 9 33951
59 10 21340
59 11 2370
59 12 33075
59 13 24669
59 14 65
59 15 32696
59 16 50030
59 17 38756
59 18 53836
59 19 10618
59 20 40472
59 21 45262
59 22 56549
59 23 61377
59 24 49173
59 25 43664
59 26 30877
59 27 27373
59 28 49732
59 29 37691
59 30 42559
59 31 15643
59 32 41379
59 33 50278
59 34 28186
59 35 16591
59 36 48950
59 37 42358
59 38 13180
59 39 33703
59 40 34133
59 41 69959
59 42 69714
59 43 63257
59 44 45301
59 45 35331
59 46 23559
59 47 46865
59 48 40474
59 49 54931
59 50 46025
59 51 45171
59 52 26001
59 53 8616
59 54 7668
59 55 42775
59 56 59821
59 57 29032
59 58 24037
59 60 49943
59 61 51797
59 62 52035
59 63 52486
59 64 59108
59 65 13848
59 66 2601
59 67 30099
59 68 43287
59 69 52133
59 70 51668
59 71 54521
59 72 30472
59 73 54357
59 74 47991
59 75 38950
59 76 28038
60 1 36257
60 2 30564
60 3 53418
60 4 33150
60 5 10731
60 6 39720
60 7 44816
60 8 37247
60 9 56519
60 10 57756
60 11 48997
60 12 50966
60 13 25650
60 14 42473
60 15 12004
60 16 47194
60 17 47303
60 18 68004
60 19 36774
60 20 510
60 21 9949
60 22 28243
60 23 50442
60 24 51830
60 25 66881
60 26 44630
60 27 25153
60 28 21712
60 29 20703
60 30 26358
60 31 54041
60 32 56672
60 33 39541
60 34 35571
60 35 42945
60 36 4291
60 37 4053
60 38 54381
60 39 59016
60 40 48955
60 41 48906
60 42 45394
60 43 43254
60 44 55277
60 45 25415
60 46 34652
60 47 11745
60 48 15518
60 49 53499
60 50 61895
60 51 46647
60 52 30912
60 53 45822
60 54 21594
60 55 67752
60 56 46559
60 57 14718
60 58 54698
60 59 36952
60 61 12637
60 62 30148
60 63 43129
60 64 27458
60 65 60436
60 66 55696
60 67 39282
60 68 37683
60 69 2887
60 70 -3
60 71 -397
60 72 58307
60 73 37688
60 74 23581
60 75 39393
60 76 32886
61 1 11822
61 2 14955
61 3 35789
61 4 27155
61 5 15974
61 6 24741
61 7 42907
61 8 38653
61 9 43603
61 10 51406
61 11 49321
61 12 40750
61 13 33535
61 14 46680
61 15 23527
61 16 27135
61 17 34815
61 18 49138
61 19 42125
61 20 21360
61 21 -1353
61 22 1399
61 23 25563
61 24 29776
61 25 51697
61 26 37056
61 27 27670
61 28 377
61 29 21255
61 30 17134
61 31 45017
61 32 41176
61 33 19135
61 34 33715
61 35 44000
61 36 11068
61 37 17980
61 38 51093
61 39 47835
61 40 36161
61 41 21707
61 42 17856
61 43 16819
61 44 38353
61 45 23670
61 46 33490
61 47 10584
61 48 11382
61 49 31370
61 50 44677
61 51 30884
61 52 32187
61 53 46487
61 54 31228
61 55 51556
61 56 20385
61 57 27501
61 58 47920
61 59 43884
61 60 17715
61 62 7803
61 63 20865
61 64 -528
61 65 58480
61 66 56597
61 67 33905
61 68 25808
61 69 3029
61 70 25592
61 71 17526
61 72 49253
61 73 15754
61 74 9297
61 75 29846
61 76 23853
62 1 -1192
62 2 3440
62 3 20575
62 4 18004
62 5 17373
62 6 10899
62 7 32789
62 8 30626
62 9 28873
62 10 38347
62 11 38815
62 12 27140
62 13 29927
62 14 38353
62 15 24153
62 16 11952
62 17 20884
62 18 33991
62 19 35250
62 20 26809
62 21 3669
62 22 -2746
62 23 12877
62 24 15292
62 25 36544
62 26 24976
62 27 22485
62 28 -3270
62 29 18447
62 30 10262
62 31 30848
62 32 26091
62 33 3904
62 34 25229
62 35 35124
62 36 18629
62 37 22762
62 38 39134
62 39 33503
62 40 21754
62 41 13554
62 42 11539
62 43 7001
62 44 23166
62 45 18246
62 46 24904
62 47 14557
62 48 10201
62 49 16826
62 50 29446
62 51 16176
62 52 25472
62 53 36717
62 54 27017
62 55 36328
62 56 9389
62 57 27389
62 58 35003
62 59 36117
62 60 27221
62 61 -202
62 63 6163
62 64 -339
62 65 46819
62 66 45929
62 67 23424
62 68 13998
62 69 14499
62 70 33472
62 71 27154
62 72 35555
62 73 629
62 74 4737
62 75 18312
62 76 11980
63 1 -1192
63 2 11447
63 3 9037
63 4 22286
63 5 28774
63 6 10182
63 7 32789
63 8 33350
63 9 19282
63 10 32456
63 11 36834
63 12 21546
63 13 36883
63 14 39365
63 15 34330
63 16 -323
63 17 15802
63 18 20545
63 19 38424
63 20 39015
63 21 17428
63 22 7220
63 23 1481
63 24 1150
63 25 24796
63 26 23146
63 27 29060
63 28 10845
63 29 27892
63 30 19289
63 31 22136
63 32 15222
63 33 138
63 34 28568
63 35 36384
63 36 32075
63 37 35068
63 38 35093
63 39 25126
63 40 14115
63 41 10570
63 42 12147
63 43 4670
63 44 11783
63 45 25885
63 46 27732
63 47 27482
63 48 21584
63 49 2684
63 50 16922
63 51 9878
63 52 30400
63 53 36267
63 54 32743
63 55 23707
63 56 -260
63 57 36796
63 58 29828
63 59 37118
63 60 40752
63 61 13410
63 62 6713
63 64 3943
63 65 42967
63 66 43310
63 67 24528
63 68 16982
63 69 28586
63 70 46515
63 71 40829
63 72 28785
63 73 4849
63 74 17098
63 75 19779
63 76 11980
64 1 8947
64 2 24653
64 3 34451
64 4 39217
64 5 35093
64 6 30713
64 7 53742
64 8 51840
64 9 44777
64 10 57197
64 11 59448
64 12 45899
64 13 50344
64 14 59528
64 15 42599
64 16 25169
64 17 39650
64 18 43666
64 19 56431
64 20 42100
64 21 18100
64 22 2793
64 23 15606
64 24 21598
64 25 49698
64 26 45294
64 27 43238
64 28 13152
64 29 38187
64 30 30944
64 31 47619
64 32 40643
64 33 20456
64 34 46442
64 35 56281
64 36 31948
64 37 38446
64 38 58977
64 39 50512
64 40 39188
64 41 7675
64 42 4384
64 43 7001
64 44 37172
64 45 38897
64 46 46114
64 47 30342
64 48 28847
64 49 24506
64 50 41446
64 51 33920
64 52 46560
64 53 57668
64 54 47719
64 55 47668
64 56 6806
64 57 46322
64 58 54187
64 59 57313
64 60 38654
64 61 5590
64 62 13784
64 63 17516
64 65 66791
64 66 66413
64 67 44431
64 68 34969
64 69 23901
64 70 46613
64 71 38504
64 72 53767
64 73 18101
64 74 23892
64 75 39197
64 76 32631
65 1 46132
65 2 41129
65 3 32292
65 4 32146
65 5 42622
65 6 36393
65 7 16733
65 8 20766
65 9 16069
65 10 2043
65 11 -5592
65 12 19946
65 13 31586
65 14 7127
65 15 39443
65 16 38282
65 17 27761
65 18 35638
65 19 17789
65 20 48553
65 21 45332
65 22 51039
65 23 49576
65 24 33539
65 25 24205
65 26 22377
65 27 30178
65 28 46372
65 29 39688
65 30 40497
65 31 -5236
65 32 24892
65 33 41563
65 34 26945
65 35 16689
65 36 52762
65 37 48250
65 38 -4907
65 39 15864
65 40 20038
65 41 60521
65 42 61422
65 43 54259
65 44 30156
65 45 35885
65 46 22508
65 47 48941
65 48 41214
65 49 41049
65 50 28142
65 51 34593
65 52 27721
65 53 5991
65 54 18088
65 55 22476
65 56 47810
65 57 37237
65 58 7914
65 59 -2466
65 60 57113
65 61 50079
65 62 46423
65 63 42021
65 64 52272
65 66 -5383
65 67 25240
65 68 37631
65 69 54887
65 70 59556
65 71 60124
65 72 13272
65 73 47059
65 74 45727
65 75 33071
65 76 21242
66 1 51595
66 2 45522
66 3 39004
66 4 35688
66 5 44411
66 6 41525
66 7 19820
66 8 22345
66 9 23283
66 10 9301
66 11 -5383
66 12 26153
66 13 31922
66 14 5246
66 15 40164
66 16 44506
66 17 33575
66 18 42910
66 19 17244
66 20 49006
66 21 48432
66 22 55840
66 23 55916
66 24 40566
66 25 31456
66 26 27274
66 27 31885
66 28 50493
66 29 41914
66 30 44027
66 31 1145
66 32 31960
66 33 47064
66 34 29702
66 35 18164
66 36 54702
66 37 49427
66 38 1755
66 39 23050
66 40 26582
66 41 66369
66 42 66994
66 43 59972
66 44 37022
66 45 38464
66 46 25084
66 47 51369
66 48 43961
66 49 47770
66 50 35390
66 51 40428
66 52 29604
66 53 7196
66 54 17046
66 55 29519
66 56 54228
66 57 37402
66 58 14581
66 59 -8083
66 60 58003
66 61 53826
66 62 51163
66 63 47994
66 64 57524
66 65 247
66 67 29108
66 68 42116
66 69 57246
66 70 60155
66 71 61534
66 72 20304
66 73 52233
66 74 49445
66 75 37499
66 76 25854
67 1 21042
67 2 13313
67 3 18191
67 4 3791
67 5 16539
67 6 11003
67 7 6167
67 8 5711
67 9 15163
67 10 15788
67 11 12417
67 12 9193
67 13 12971
67 14 12107
67 15 16663
67 16 18333
67 17 8863
67 18 30940
67 19 10757
67 20 25312
67 21 17034
67 22 23862
67 23 29031
67 24 20778
67 25 26273
67 26 2402
67 27 6638
67 28 18184
67 29 13107
67 30 12069
67 31 11609
67 32 17630
67 33 17077
67 34 2330
67 35 8879
67 36 25871
67 37 23235
67 38 14176
67 39 16934
67 40 8754
67 41 36706
67 42 36421
67 43 29979
67 44 18494
67 45 8885
67 46 490
67 47 21400
67 48 13386
67 49 24612
67 50 23552
67 51 13429
67 52 5321
67 53 10091
67 54 6496
67 55 27298
67 56 27418
67 57 16696
67 58 12454
67 59 9955
67 60 32129
67 61 21674
67 62 19198
67 63 19752
67 64 26082
67 65 21410
67 66 19648
67 68 10136
67 69 27215
67 70 35487
67 71 34064
67 72 15835
67 73 21085
67 74 17298
67 75 5660
67 76 -4996
68 1 9978
68 2 2235
68 3 14813
68 4 4071
68 5 13774
68 6 1680
68 7 17542
68 8 16080
68 9 18304
68 10 24334
68 11 23572
68 12 13987
68 13 18669
68 14 23376
68 15 17536
68 16 10857
68 17 8780
68 18 29328
68 19 21031
68 20 24150
68 21 8898
68 22 12516
68 23 19720
68 24 15338
68 25 28107
68 26 10087
68 27 10861
68 28 7590
68 29 11295
68 30 4546
68 31 18405
68 32 17747
68 33 6704
68 34 10837
68 35 20115
68 36 20647
68 37 20773
68 38 24298
68 39 21663
68 40 10542
68 41 25835
68 42 25217
68 43 19042
68 44 16427
68 45 8254
68 46 10301
68 47 15574
68 48 7793
68 49 17846
68 50 22973
68 51 7967
68 52 12235
68 53 21474
68 54 14556
68 55 28876
68 56 17859
68 57 19355
68 58 20846
68 59 21206
68 60 28593
68 61 11640
68 62 7835
68 63 10269
68 64 14683
68 65 31864
68 66 30719
68 67 8199
68 69 20272
68 70 33062
68 71 29504
68 72 22410
68 73 9842
68 74 7890
68 75 3061
68 76 -3101
69 1 23849
69 2 21032
69 3 44224
69 4 28192
69 5 9136
69 6 31063
69 7 42733
69 8 36575
69 9 49676
69 10 54074
69 11 48542
69 12 45075
69 13 27828
69 14 43777
69 15 15228
69 16 36780
69 17 40160
69 18 58533
69 19 38336
69 20 9180
69 21 -1166
69 22 14824
69 23 38054
69 24 40817
69 25 59140
69 26 39698
69 27 24246
69 28 9536
69 29 17734
69 30 19031
69 31 49304
69 32 48571
69 33 28710
69 34 32945
69 35 42344
69 36 -160
69 37 7214
69 38 52166
69 39 52967
69 40 41914
69 41 35468
69 42 31785
69 43 30127
69 44 46452
69 45 21885
69 46 32503
69 47 4941
69 48 9290
69 49 42360
69 50 53128
69 51 37967
69 52 29706
69 53 45298
69 54 25192
69 55 59651
69 56 33628
69 57 19155
69 58 50658
69 59 39899
69 60 3644
69 61 -1292
69 62 18183
69 63 31720
69 64 13462
69 65 58967
69 66 55696
69 67 35125
69 68 30119
69 70 12017
69 71 3559
69 72 53218
69 73 26109
69 74 13605
69 75 33071
69 76 26982
70 1 36736
70 2 29941
70 3 52262
70 4 30996
70 5 8652
70 6 38593
70 7 41677
70 8 33872
70 9 54483
70 10 54834
70 11 45389
70 12 48748
70 13 21881
70 14 38598
70 15 8396
70 16 46594
70 17 45533
70 18 66832
70 19 32929
70 20 -3688
70 21 10578
70 22 29503
70 23 50784
70 24 51365
70 25 65075
70 26 42231
70 27 22063
70 28 22343
70 29 18447
70 30 25150
70 31 51318
70 32 55071
70 33 39232
70 34 32722
70 35 39490
70 36 4795
70 37 1568
70 38 51126
70 39 56749
70 40 47071
70 41 50051
70 42 46736
70 43 44161
70 44 53963
70 45 23088
70 46 31652
70 47 11405
70 48 14377
70 49 53144
70 50 60482
70 51 45420
70 52 27783
70 53 42283
70 54 17488
70 55 66022
70 56 47236
70 57 10722
70 58 51910
70 59 32796
70 60 -5884
70 61 14633
70 62 30518
70 63 43011
70 64 29536
70 65 56998
70 66 51967
70 67 36759
70 68 36271
70 69 5379
70 71 2120
70 72 55783
70 73 37783
70 74 23373
70 75 37538
70 76 30850
71 1 31281
71 2 26100
71 3 49176
71 4 29897
71 5 7897
71 6 35530
71 7 42624
71 8 35471
71 9 52953
71 10 55164
71 11 47470
71 12 47623
71 13 24736
71 14 41521
71 15 11139
71 16 42635
71 17 43569
71 18 63735
71 19 35834
71 20 1714
71 21 5017
71 22 23148
71 23 45487
71 24 47170
71 25 63086
71 26 41522
71 27 23107
71 28 16728
71 29 17779
71 30 22345
71 31 51161
71 32 52740
71 33 34859
71 34 33084
71 35 41250
71 36 -300
71 37 2398
71 38 52262
71 39 55680
71 40 45289
71 41 43814
71 42 40295
71 43 38187
71 44 51140
71 45 22456
71 46 32345
71 47 7395
71 48 11589
71 49 48798
71 50 57803
71 51 42493
71 52 28849
71 53 44217
71 54 21351
71 55 63876
71 56 41522
71 57 14500
71 58 51961
71 59 36670
71 60 -5257
71 61 7588
71 62 25221
71 63 38346
71 64 22448
71 65 58587
71 66 54367
71 67 36357
71 68 33734
71 69 -2058
71 70 3141
71 72 55252
71 73 32845
71 74 18944
71 75 35805
71 76 29444
72 1 30724
72 2 28970
72 3 14522
72 4 23717
72 5 37094
72 6 22658
72 7 14761
72 8 20271
72 9 -1277
72 10 -917
72 11 7953
72 12 4739
72 13 31383
72 14 16601
72 15 36904
72 16 21379
72 17 12822
72 18 18620
72 19 22276
72 20 45783
72 21 35871
72 22 37046
72 23 32261
72 24 15522
72 25 9103
72 26 11977
72 27 26634
72 28 34327
72 29 33656
72 30 30872
72 31 -8669
72 32 6900
72 33 26335
72 34 21945
72 35 18434
72 36 46117
72 37 43826
72 38 3509
72 39 -1497
72 40 2934
72 41 44071
72 42 45544
72 43 38153
72 44 12194
72 45 29426
72 46 18573
72 47 41375
72 48 33283
72 49 23198
72 50 10842
72 51 18990
72 52 24541
72 53 12287
72 54 21689
72 55 9402
72 56 30327
72 57 36294
72 58 -1228
72 59 11881
72 60 52707
72 61 38575
72 62 32882
72 63 25562
72 64 36971
72 65 10995
72 66 12397
72 67 17388
72 68 25900
72 69 46861
72 70 56064
72 71 54512
72 73 32507
72 74 35048
72 75 22126
72 76 10235
73 1 -4053
73 2 4175
73 3 15844
73 4 17886
73 5 20657
73 6 8243
73 7 31446
73 8 30271
73 9 24682
73 10 35239
73 11 36986
73 12 23899
73 13 31274
73 14 37539
73 15 26904
73 16 7010
73 17 17578
73 18 29029
73 19 35167
73 20 30574
73 21 8265
73 22 237
73 23 8753
73 24 10351
73 25 31895
73 26 22822
73 27 23564
73 28 1641
73 29 20723
73 30 12069
73 31 26993
73 32 21563
73 33 -846
73 34 24963
73 35 34283
73 36 23043
73 37 26553
73 38 36612
73 39 29628
73 40 17927
73 41 11859
73 42 11004
73 43 5048
73 44 18494
73 45 19655
73 46 24490
73 47 18639
73 48 13386
73 49 11888
73 50 24622
73 51 12283
73 52 25886
73 53 35341
73 54 27936
73 55 31517
73 56 5898
73 57 29814
73 58 32047
73 59 35381
73 60 31703
73 61 4691
73 62 -2429
73 63 1241
73 64 920
73 65 44397
73 66 43941
73 67 22253
73 68 12947
73 69 19367
73 70 37679
73 71 31720
73 72 32122
73 74 8338
73 75 16974
73 76 10235
74 1 8673
74 2 2166
74 3 25405
74 4 12602
74 5 7373
74 6 12233
74 7 28356
74 8 24426
74 9 31105
74 10 37273
74 11 34771
74 12 27140
74 13 21213
74 14 32481
74 15 14265
74 16 18433
74 17 21697
74 18 39822
74 19 28338
74 20 16995
74 21 -3921
74 22 4844
74 23 22344
74 24 22989
74 25 40313
74 26 22764
74 27 14350
74 28 -3270
74 29 9059
74 30 2652
74 31 31558
74 32 29725
74 33 10698
74 34 19306
74 35 29614
74 36 9834
74 37 12964
74 38 36623
74 39 34734
74 40 23377
74 41 23466
74 42 21094
74 43 16986
74 44 27593
74 45 10027
74 46 19087
74 47 5121
74 48 235
74 49 24657
74 50 34275
74 51 19104
74 52 18276
74 53 31988
74 54 18678
74 55 40786
74 56 19240
74 57 17658
74 58 33772
74 59 29907
74 60 18488
74 61 -874
74 62 2571
74 63 14382
74 64 7603
74 65 43957
74 66 42045
74 67 19358
74 68 11887
74 69 7755
74 70 24161
74 71 18711
74 72 35555
74 73 9230
74 75 15589
74 76 9619
75 1 13993
75 2 6660
75 3 14620
75 4 2176
75 5 15045
75 6 4197
75 7 13134
75 8 12271
75 9 15745
75 10 20273
75 11 19102
75 12 10605
75 13 16677
75 14 19167
75 15 17458
75 16 12620
75 17 6596
75 18 28673
75 19 17326
75 20 25025
75 21 12348
75 22 16977
75 23 22625
75 24 16306
75 25 26132
75 26 5800
75 27 9129
75 28 11914
75 29 11922
75 30 7346
75 31 14864
75 32 16218
75 33 10180
75 34 7385
75 35 15922
75 36 23043
75 37 22080
75 38 19926
75 39 18583
75 40 8155
75 41 29715
75 42 29355
75 43 22965
75 44 15709
75 45 8092
75 46 6573
75 47 18107
75 48 10062
75 49 19388
75 50 21847
75 51 8330
75 52 9508
75 53 17063
75 54 11768
75 55 27074
75 56 20930
75 57 18622
75 58 16772
75 59 17014
75 60 30448
75 61 15823
75 62 12294
75 63 13211
75 64 19056
75 65 27449
75 66 26247
75 67 3868
75 68 3206
75 69 23369
75 70 34474
75 71 31720
75 72 18781
75 73 14014
75 74 11737
75 76 -7381
END
NODE_CONSUMPTION
0 1 18
0 2 26
0 3 11
0 4 30
0 5 21
0 6 19
0 7 15
0 8 16
0 9 29
0 10 26
0 11 37
0 12 16
0 13 12
0 14 31
0 15 8
0 16 19
0 17 20
0 18 13
0 19 15
0 20 22
0 21 28
0 22 12
0 23 6
0 24 27
0 25 14
0 26 18
0 27 17
0 28 29
0 29 13
0 30 22
0 31 25
0 32 28
0 33 27
0 34 19
0 35 10
0 36 12
0 37 14
0 38 24
0 39 16
0 40 33
0 41 15
0 42 11
0 43 18
0 44 17
0 45 21
0 46 27
0 47 19
0 48 20
0 49 5
0 50 22
0 51 12
0 52 19
0 53 22
0 54 16
0 55 7
0 56 26
0 57 14
0 58 21
0 59 24
0 60 13
0 61 15
0 62 18
0 63 11
0 64 28
0 65 9
0 66 37
0 67 30
0 68 10
0 69 8
0 70 11
0 71 3
0 72 1
0 73 6
0 74 10
0 75 20
END
