NAME : ./data/ESPPRC - Test Instances/E-n76-k14_a.simplified-vrp
SIZE : 77
DIRECTED : 1
CYCLIC : 1
ORIGIN : 0
DESTINATION : 76
RESOURCES : 1
RES_NAMES : 0
RES_TYPE
0 CAP
END
RES_BOUND
0 0 100
END
EDGE_COST
0 1 13344
0 2 2034
0 3 11632
0 4 -1288
0 5 10696
0 6 1148
0 7 6374
0 8 7354
0 9 5028
0 10 7540
0 11 3050
0 12 5290
0 13 12704
0 14 5671
0 15 18464
0 16 7941
0 17 1008
0 18 19643
0 19 11866
0 20 16665
0 21 7730
0 22 17061
0 23 20866
0 24 6397
0 25 18242
0 26 -1724
0 27 6830
0 28 6122
0 29 11564
0 30 4321
0 31 2882
0 32 5986
0 33 3175
0 34 4302
0 35 10657
0 36 21146
0 37 19335
0 38 8668
0 39 10839
0 40 1200
0 41 24471
0 42 26228
0 43 16685
0 44 9145
0 45 3529
0 46 1773
0 47 13342
0 48 9454
0 49 19583
0 50 12762
0 51 4593
0 52 5512
0 53 9650
0 54 7530
0 55 21435
0 56 13802
0 57 12570
0 58 7781
0 59 6319
0 60 28637
0 61 11540
0 62 11374
0 63 13653
0 64 7669
0 65 19999
0 66 5817
0 67 -1242
0 68 2819
0 69 22310
0 70 27033
0 71 34464
0 72 17609
0 73 16594
0 74 13734
0 75 -355
1 2 2034
1 3 15007
1 4 18061
1 5 18757
1 6 8207
1 7 31830
1 8 31767
1 9 18643
1 10 29079
1 11 28098
1 12 24987
1 13 32202
1 14 31019
1 15 31311
1 16 2561
1 17 17543
1 18 21158
1 19 36164
1 20 24616
1 21 4205
1 22 -3504
1 23 2011
1 24 -932
1 25 27297
1 26 22803
1 27 25789
1 28 -4075
1 29 23390
1 30 11381
1 31 20519
1 32 14782
1 33 -6567
1 34 27589
1 35 35907
1 36 22216
1 37 25958
1 38 32348
1 39 27311
1 40 16178
1 41 -584
1 42 789
1 43 -8497
1 44 14548
1 45 18507
1 46 25821
1 47 15278
1 48 14857
1 49 10380
1 50 17793
1 51 11933
1 52 27147
1 53 35082
1 54 29358
1 55 28486
1 56 -7081
1 57 27682
1 58 29829
1 59 31681
1 60 31065
1 61 -1434
1 62 -2741
1 63 -462
1 64 -16958
1 65 43946
1 66 30615
1 67 23853
1 68 14955
1 69 18234
1 70 31976
1 71 35358
1 72 37155
1 73 1363
1 74 11845
1 75 20076
1 76 23946
2 1 2448
2 3 16192
2 4 4369
2 5 5621
2 6 472
2 7 20017
2 8 18413
2 9 15909
2 10 21740
2 11 17277
2 12 18227
2 13 17657
2 14 18328
2 15 17338
2 16 6553
2 17 11194
2 18 25118
2 19 22516
2 20 12206
2 21 -4301
2 22 3048
2 23 14561
2 24 6876
2 25 27485
2 26 12809
2 27 11291
2 28 -8343
2 29 9125
2 30 -2997
2 31 16023
2 32 14196
2 33 -4189
2 34 14101
2 35 23239
2 36 12123
2 37 13720
2 38 23227
2 39 23003
2 40 11797
2 41 13868
2 42 14346
2 43 5985
2 44 15156
2 45 3947
2 46 12525
2 47 4220
2 48 1838
2 49 18345
2 50 19700
2 51 8313
2 52 13003
2 53 23337
2 54 14949
2 55 30117
2 56 6657
2 57 13409
2 58 22015
2 59 18890
2 60 20979
2 61 -2694
2 62 -2502
2 63 7784
2 64 -5645
2 65 34550
2 66 20149
2 67 11731
2 68 2819
2 69 11024
2 70 20788
2 71 25784
2 72 31008
2 73 5198
2 74 945
2 75 8350
2 76 13050
3 1 10910
3 2 11681
3 4 17641
3 5 27898
3 6 8207
3 7 21660
3 8 25543
3 9 -3707
3 10 9860
3 11 13341
3 12 8439
3 13 32345
3 14 20588
3 15 37326
3 16 -2475
3 17 4988
3 18 1036
3 19 29567
3 20 34539
3 21 19843
3 22 19035
3 23 9204
3 24 -12597
3 25 4416
3 26 12218
3 27 26410
3 28 13809
3 29 29484
3 30 19072
3 31 -1653
3 32 -8156
3 33 2134
3 34 23730
3 35 26995
3 36 36144
3 37 36523
3 38 15164
3 39 5971
3 40 -2646
3 41 17647
3 42 21734
3 43 11271
3 44 -8471
3 45 22037
3 46 20743
3 47 28141
3 48 24963
3 49 2914
3 50 -4390
3 51 3548
3 52 25104
3 53 23034
3 54 26685
3 55 6322
3 56 1640
3 57 31931
3 58 11988
3 59 20455
3 60 44784
3 61 19091
3 62 15584
3 63 6325
3 64 5104
3 65 26664
3 66 14582
3 67 17560
3 68 16348
3 69 35167
3 70 44060
3 71 49811
3 72 17511
3 73 17818
3 74 25135
3 75 17261
3 76 18137
4 1 14308
4 2 202
4 3 17985
4 5 3724
4 6 3970
4 7 8043
4 8 5685
4 9 12037
4 10 12941
4 11 5518
4 12 12075
4 13 7143
4 14 5671
4 15 11509
4 16 12546
4 17 7946
4 18 26434
4 19 9858
4 20 9593
4 21 2458
4 22 15716
4 23 24194
4 24 12094
4 25 25311
4 26 3898
4 27 725
4 28 3078
4 29 4527
4 30 -777
4 31 9098
4 32 12988
4 33 5296
4 34 1373
4 35 10657
4 36 14611
4 37 12319
4 38 12806
4 39 17633
4 40 8271
4 41 25826
4 42 26779
4 43 17916
4 44 15824
4 45 -3542
4 46 -187
4 47 7032
4 48 3156
4 49 24648
4 50 19700
4 51 10040
4 52 857
4 53 11144
4 54 3315
4 55 28506
4 56 16902
4 57 5933
4 58 13276
4 59 6188
4 60 21729
4 61 7670
4 62 10226
4 63 16787
4 64 7083
4 65 23731
4 66 8479
4 67 373
4 68 2819
4 69 16348
4 70 20007
4 71 27745
4 72 23919
4 73 17073
4 74 9545
4 75 2030
4 76 5561
5 1 20949
5 2 7399
5 3 34187
5 4 9669
5 6 18005
5 7 22646
5 8 16543
5 9 30027
5 10 29924
5 11 18895
5 12 30099
5 13 6696
5 14 15524
5 15 -677
5 16 26102
5 17 25504
5 18 43169
5 19 17319
5 20 -7575
5 21 -6527
5 22 16480
5 23 34202
5 24 26487
5 25 43138
5 26 21723
5 27 4675
5 28 2003
5 29 -167
5 30 3419
5 31 26700
5 32 30451
5 33 15735
5 34 14918
5 35 22629
5 36 -1910
5 37 -5610
5 38 28432
5 39 35648
5 40 26109
5 41 31341
5 42 30606
5 43 23808
5 44 32574
5 45 567
5 46 12954
5 47 -6513
5 48 -4091
5 49 38127
5 50 36894
5 51 25750
5 52 9398
5 53 23978
5 54 4698
5 55 46277
5 56 25894
5 57 -3401
5 58 30501
5 59 14387
5 60 3728
5 61 907
5 62 14013
5 63 27693
5 64 7377
5 65 38625
5 66 21620
5 67 17539
5 68 16940
5 69 1710
5 70 2081
5 71 10163
5 72 41714
5 73 24262
5 74 8734
5 75 19317
5 76 23490
6 1 4167
6 2 -3982
6 3 8264
6 4 3683
6 5 11773
6 7 15577
6 8 16140
6 9 7389
6 10 14297
6 11 11908
6 12 10324
6 13 19160
6 14 14882
6 15 21937
6 16 691
6 17 2946
6 18 17315
6 19 20659
6 20 18483
6 21 4142
6 22 8783
6 23 12285
6 24 775
6 25 19000
6 26 6615
6 27 12675
6 28 -282
6 29 13741
6 30 2809
6 31 7822
6 32 5736
6 33 -6027
6 34 12330
6 35 19832
6 36 19930
6 37 20334
6 38 16670
6 39 14651
6 40 3337
6 41 15255
6 42 17066
6 43 7467
6 44 6968
6 45 6851
6 46 10291
6 47 11911
6 48 8687
6 49 12890
6 50 11505
6 51 -49
6 52 12748
6 53 18806
6 54 15224
6 55 21729
6 56 5100
6 57 17149
6 58 14707
6 59 15534
6 60 28509
6 61 5466
6 62 3331
6 63 4893
6 64 -1211
6 65 28188
6 66 14526
6 67 7795
6 68 638
6 69 19429
6 70 27814
6 71 33588
6 72 23070
6 73 7640
6 74 9386
6 75 4261
6 76 7710
7 1 27486
7 2 15259
7 3 21413
7 4 7452
7 5 16110
7 6 15273
7 8 -1386
7 9 7059
7 10 408
7 11 -10294
7 12 8240
7 13 9352
7 14 -8240
7 15 19897
7 16 20727
7 17 10974
7 18 26194
7 19 623
7 20 19290
7 21 17918
7 22 30749
7 23 34258
7 24 16827
7 25 20847
7 26 2042
7 27 7438
7 28 18769
7 29 17208
7 30 15003
7 31 -2024
7 32 11942
7 33 17261
7 34 4302
7 35 -2371
7 36 28240
7 37 23720
7 38 -1979
7 39 10839
7 40 7058
7 41 38565
7 42 40369
7 43 30806
7 44 17598
7 45 9387
7 46 -1345
7 47 21416
7 48 17907
7 49 31362
7 50 18591
7 51 17255
7 52 4019
7 53 -4420
7 54 -254
7 55 23730
7 56 27246
7 57 11851
7 58 1923
7 59 -7687
7 60 33453
7 61 23480
7 62 25069
7 63 27348
7 64 21666
7 65 8376
7 66 -7331
7 67 2807
7 68 16348
7 69 30947
7 70 30746
7 71 40530
7 72 15021
7 73 30691
7 74 25357
7 75 13046
7 76 12632
8 1 28112
8 2 14344
8 3 25985
8 4 5783
8 5 10696
8 6 16525
8 7 -697
8 9 13629
8 10 7347
8 11 -6105
8 12 14088
8 13 2350
8 14 -8240
8 15 13397
8 16 23696
8 17 14969
8 18 32054
8 19 -3927
8 20 12789
8 21 14273
8 22 29833
8 23 36651
8 24 21303
8 25 27485
8 26 6229
8 27 1675
8 28 16835
8 29 12360
8 30 12475
8 31 4979
8 32 17738
8 33 18492
8 34 1373
8 35 -2371
8 36 23054
8 37 17733
8 38 4214
8 39 17633
8 40 12553
8 41 39549
8 42 40765
8 43 31667
8 44 22661
8 45 5198
8 46 -4407
8 47 16830
8 48 13838
8 49 35078
8 50 24565
8 51 20231
8 52 -1559
8 53 -1022
8 54 -6840
8 55 30487
8 56 29564
8 57 4983
8 58 8994
8 59 -7893
8 60 27346
8 61 20688
8 62 24368
8 63 29371
8 64 21226
8 65 13871
8 66 -3344
8 67 3813
8 68 16348
8 69 26251
8 70 24403
8 71 34839
8 72 21993
8 73 30978
8 74 22889
8 75 13645
8 76 14301
9 1 25104
9 2 21956
9 3 6851
9 4 22251
9 5 34296
9 6 17890
9 7 17864
9 8 23745
9 10 -2808
9 11 3509
9 12 5249
9 13 33410
9 14 13924
9 15 41471
9 16 12062
9 17 9499
9 18 2020
9 19 26100
9 20 40103
9 21 29831
9 22 32647
9 23 23919
9 24 -1900
9 25 -4704
9 26 12042
9 27 28963
9 28 25539
9 29 35137
9 30 27124
9 31 -16506
9 32 -9007
9 33 15371
9 34 24912
9 35 22993
9 36 44476
9 37 42925
9 38 3878
9 39 -7399
9 40 -3093
9 41 32508
9 42 36484
9 43 26026
9 44 612
9 45 27030
9 46 20825
9 47 36536
9 48 32747
9 49 16751
9 50 -5518
9 51 13772
9 52 26370
9 53 16047
9 54 25288
9 55 -1575
9 56 16086
9 57 34840
9 58 1817
9 59 12183
9 60 52221
9 61 31241
9 62 28218
9 63 20906
9 64 19766
9 65 14777
9 66 3197
9 67 18868
9 68 24175
9 69 44955
9 70 50617
9 71 57924
9 72 6048
9 73 30992
9 74 35171
9 75 22722
9 76 22091
10 1 35427
10 2 27674
10 3 20305
10 4 23042
10 5 34080
10 6 24685
10 7 11100
10 8 17350
10 9 -2921
10 11 -11072
10 12 9018
10 13 28156
10 14 1638
10 15 38674
10 16 24036
10 17 16033
10 18 17330
10 19 16882
10 20 38033
10 21 33586
10 22 41465
10 23 37283
10 24 13485
10 25 8087
10 26 12218
10 27 26016
10 28 31856
10 29 34886
10 30 30115
10 31 -20772
10 32 5986
10 33 24931
10 34 22159
10 35 14561
10 36 45763
10 37 42100
10 38 -11258
10 39 140
10 40 5926
10 41 44672
10 42 47856
10 43 37568
10 44 14702
10 45 26750
10 46 16994
10 47 38387
10 48 34544
10 49 31110
10 50 10006
10 51 22703
10 52 22675
10 53 4471
10 54 17308
10 55 9274
10 56 29903
10 57 30717
10 58 -6219
10 59 -2033
10 60 51853
10 61 37439
10 62 36087
10 63 32475
10 64 30581
10 65 -854
10 66 -12390
10 67 17888
10 68 28600
10 69 47748
10 70 49363
10 71 58530
10 72 4803
10 73 39944
10 74 39734
10 75 25645
10 76 24490
11 1 42091
11 2 30856
11 3 31431
11 4 23264
11 5 30696
11 6 29941
11 7 8043
11 8 11543
11 9 11041
11 10 -3427
11 12 17620
11 13 20949
11 14 -11502
11 15 32854
11 16 33213
11 17 23360
11 18 31629
11 19 6842
11 20 32068
11 21 33586
11 22 46187
11 23 46970
11 24 26063
11 25 23013
11 26 15794
11 27 21675
11 28 34531
11 29 32240
11 30 30807
11 31 -7825
11 32 18896
11 33 31599
11 34 19797
11 35 7629
11 36 43049
11 37 37568
11 38 -10196
11 39 13973
11 40 16213
11 41 52680
11 42 54974
11 43 45103
11 44 26542
11 45 24742
11 46 13938
11 47 36665
11 48 33391
11 49 42286
11 50 24080
11 51 30318
11 52 18389
11 53 -5022
11 54 7344
11 55 24286
11 56 39893
11 57 23686
11 58 3592
11 59 -17067
11 60 47030
11 61 39290
11 62 40491
11 63 40789
11 64 36768
11 65 -4553
11 66 -23138
11 67 18453
11 68 31774
11 69 46152
11 70 43854
11 71 54772
11 72 17609
11 73 45627
11 74 41168
11 75 28410
11 76 27645
12 1 19668
12 2 12494
12 3 7217
12 4 10509
12 5 22588
12 6 9045
12 7 7265
12 8 12424
12 9 -6531
12 10 -2649
12 11 -1692
12 13 21528
12 14 5527
12 15 29445
12 16 9043
12 17 226
12 18 11233
12 19 15623
12 20 28165
12 21 19486
12 22 25698
12 23 22723
12 24 2381
12 25 7204
12 26 3
12 27 16924
12 28 16607
12 29 23357
12 30 16252
12 31 -8908
12 32 -3065
12 33 9141
12 34 12903
12 35 12654
12 36 33228
12 37 31148
12 38 951
12 39 -1226
12 40 -7843
12 41 29285
12 42 32218
12 43 22011
12 44 2847
12 45 15194
12 46 8951
12 47 25416
12 48 21534
12 49 17932
12 50 3696
12 51 6964
12 52 14392
12 53 7859
12 54 14037
12 55 10410
12 56 15589
12 57 22811
12 58 -1923
12 59 5236
12 60 40597
12 61 22317
12 62 20414
12 63 17099
12 64 14817
12 65 12583
12 66 -4
12 67 6827
12 68 13787
12 69 34283
12 70 38811
12 71 46523
12 72 5993
12 73 24138
12 74 25135
12 75 11511
12 76 10573
13 1 29947
13 2 14988
13 3 34187
13 4 8641
13 5 2249
13 6 20945
13 7 11441
13 8 3750
13 9 24694
13 10 19553
13 11 4701
13 12 24592
13 14 -132
13 15 2261
13 16 29537
13 17 23310
13 18 41766
13 19 1457
13 20 1273
13 21 8860
13 22 28837
13 23 40959
13 24 28840
13 25 38535
13 26 15900
13 27 -2254
13 28 14622
13 29 6579
13 30 11027
13 31 17174
13 32 27645
13 33 21868
13 34 7302
13 35 9182
13 36 14289
13 37 7419
13 38 16180
13 39 29086
13 40 22399
13 41 41377
13 42 41637
13 43 33498
13 44 31541
13 45 2387
13 46 3631
13 47 9740
13 48 8637
13 49 41602
13 50 34558
13 51 26790
13 52 -86
13 53 10065
13 54 -11679
13 55 41691
13 56 33526
13 57 -7064
13 58 21083
13 59 -2017
13 60 16434
13 61 16255
13 62 24354
13 63 33589
13 64 20415
13 65 25376
13 66 6918
13 67 11758
13 68 19622
13 69 18189
13 70 13097
13 71 24789
13 72 33790
13 73 32666
13 74 20361
13 75 18736
13 76 21051
14 1 41039
14 2 27934
14 3 34705
14 4 19444
14 5 23352
14 6 28942
14 7 6124
14 8 5435
14 9 17483
14 10 5310
14 11 -15475
14 12 20866
14 13 12143
14 15 24261
14 16 34590
14 17 24726
14 18 37766
14 19 -2543
14 20 23081
14 21 27974
14 22 43498
14 23 48150
14 24 30015
14 25 30541
14 26 15900
14 27 14717
14 28 30699
14 29 25698
14 30 26362
14 31 2133
14 32 23982
14 33 30978
14 34 15111
14 35 2528
14 36 35716
14 37 29367
14 38 -765
14 39 20618
14 40 19815
14 41 52267
14 42 53861
14 43 44461
14 44 30505
14 45 18934
14 46 9194
14 47 30097
14 48 27464
14 49 45000
14 50 30091
14 51 31138
14 52 11986
14 53 -6022
14 54 -2726
14 55 32609
14 56 41138
14 57 14542
14 58 9985
14 59 -21470
14 60 38408
14 61 34551
14 62 37931
14 63 41222
14 64 34750
14 65 6068
14 66 -14607
14 67 16045
14 68 29480
14 69 39289
14 70 34965
14 71 46725
14 72 24159
14 73 44082
14 74 36780
14 75 26377
14 76 26293
15 1 27938
15 2 13551
15 3 38050
15 4 11889
15 5 -6242
15 6 22604
15 7 20868
15 8 13679
15 9 31637
15 10 28953
15 11 15488
15 12 31391
15 13 1143
15 14 10868
15 16 31245
15 17 28174
15 18 46668
15 19 12457
15 20 -9335
15 21 1530
15 22 24290
15 23 40638
15 24 31450
15 25 45208
15 26 22607
15 27 2882
15 28 9767
15 29 3323
15 30 9108
15 31 26313
15 32 33188
15 33 21717
15 34 14302
15 35 19555
15 36 4165
15 37 -3461
15 38 26340
15 39 36644
15 40 28289
15 41 38724
15 42 38211
15 43 31066
15 44 36037
15 45 2803
15 46 11688
15 47 1416
15 48 3156
15 49 43435
15 50 39939
15 51 29797
15 52 7495
15 53 20712
15 54 -1769
15 55 48435
15 56 32649
15 57 -11365
15 58 29971
15 59 8692
15 60 5470
15 61 8929
15 62 21262
15 63 33718
15 64 15352
15 65 35915
15 66 17842
15 67 18132
15 68 21171
15 69 8271
15 70 2294
15 71 13874
15 72 41993
15 73 30978
15 74 16095
15 75 22199
15 76 25693
16 1 1924
16 2 5502
16 3 985
16 4 15662
16 5 23273
16 6 4094
16 7 24434
16 8 26714
16 9 4964
16 10 17051
16 11 18583
16 12 13725
16 13 31155
16 14 23933
16 15 33981
16 17 7368
16 18 8081
16 19 31177
16 20 29985
16 21 12962
16 22 10184
16 23 2287
16 24 -11087
16 25 13284
16 26 14554
16 27 24734
16 28 6020
16 29 25698
16 30 14169
16 31 7005
16 32 811
16 33 -6027
16 34 23577
16 35 29399
16 36 30052
16 37 31613
16 38 21441
16 39 14110
16 40 3701
16 41 9260
16 42 12963
16 43 2515
16 44 529
16 45 19001
16 46 21187
16 47 22221
16 48 19725
16 49 732
16 50 3961
16 51 2092
16 52 24431
16 53 26940
16 54 26782
16 55 14744
16 56 -4759
16 57 29303
16 58 18391
16 59 24336
16 60 38970
16 61 10847
16 62 7371
16 63 -2625
16 64 -3768
16 65 33064
16 66 20494
16 67 18112
16 68 12802
16 69 28133
16 70 38802
16 71 43680
16 72 24778
16 73 9394
16 74 18573
16 75 15671
16 76 17906
17 1 12485
17 2 5722
17 3 4027
17 4 6641
17 5 18254
17 6 1928
17 7 10260
17 8 13566
17 9 -2020
17 10 4627
17 11 4309
17 12 487
17 13 20507
17 14 9648
17 15 26489
17 16 2947
17 18 11590
17 19 17732
17 20 24493
17 21 13329
17 22 18427
17 23 16684
17 24 -720
17 25 10612
17 26 439
17 27 14841
17 28 9678
17 29 19298
17 30 10594
17 31 -2164
17 32 -2005
17 33 1924
17 34 11766
17 35 15433
17 36 28002
17 37 26942
17 38 7819
17 39 4757
17 40 -6234
17 41 22441
17 42 25145
17 43 15027
17 44 1178
17 45 11410
17 46 8704
17 47 20031
17 48 16297
17 49 13352
17 50 4713
17 51 -49
17 52 13210
17 53 12532
17 54 14643
17 55 13722
17 56 9655
17 57 20627
17 58 5245
17 59 9959
17 60 35976
17 61 15424
17 62 13200
17 63 10397
17 64 7610
17 65 19440
17 66 6460
17 67 5539
17 68 7622
17 69 28410
17 70 34638
17 71 41511
17 72 13118
17 73 16859
17 74 18734
17 75 6544
17 76 6552
18 1 24289
18 2 27835
18 3 8264
18 4 33318
18 5 44108
18 6 24486
18 7 33669
18 8 38840
18 9 -1310
18 10 14113
18 11 20767
18 12 19683
18 13 47152
18 14 30877
18 15 53172
18 16 11849
18 17 19779
18 19 42057
18 20 50698
18 21 35879
18 22 32886
18 23 17552
18 24 -13586
18 25 -3686
18 26 25719
18 27 41665
18 28 29314
18 29 45556
18 30 35346
18 31 -4494
18 32 -2876
18 33 17277
18 34 38313
18 35 39019
18 36 52391
18 37 52756
18 38 21036
18 39 9856
18 40 8898
18 41 27351
18 42 32585
18 43 22451
18 44 2951
18 45 37936
18 46 34865
18 47 44399
18 48 41240
18 49 9760
18 50 -10920
18 51 19797
18 52 39836
18 53 32989
18 54 40419
18 55 -6955
18 56 7785
18 57 47455
18 58 19038
18 59 29422
18 60 61060
18 61 34130
18 62 30690
18 63 19523
18 64 16009
18 65 31700
18 66 20178
18 67 31999
18 68 32553
18 69 51166
18 70 60320
18 71 66060
18 72 23299
18 73 32693
18 74 41242
18 75 33004
18 76 33376
19 1 35595
19 2 21533
19 3 33095
19 4 13042
19 5 14558
19 6 24130
19 7 4398
19 8 -841
19 9 19070
19 10 9965
19 11 -7720
19 12 20373
19 13 3143
19 14 -13132
19 15 15261
19 16 31245
19 17 22221
19 18 38357
19 20 14129
19 21 19792
19 22 36857
19 23 44262
19 24 28488
19 25 32760
19 26 13288
19 27 6327
19 28 23476
19 29 17291
19 30 19072
19 31 7547
19 32 24093
19 33 26077
19 34 8724
19 35 -91
19 36 26873
19 37 20380
19 38 5173
19 39 22654
19 40 19120
19 41 47066
19 42 48168
19 43 39173
19 44 29529
19 45 11020
19 46 3123
19 47 21530
19 48 19252
19 49 42502
19 50 30756
19 51 27753
19 52 4176
19 53 -1620
19 54 -10887
19 55 35471
19 56 37179
19 57 5605
19 58 12841
19 59 -14211
19 60 29415
19 61 26702
19 62 31534
19 63 36987
19 64 28359
19 65 13436
19 66 -5903
19 67 11401
19 68 23841
19 69 30554
19 70 26002
19 71 37744
19 72 26540
19 73 38416
19 74 29343
19 75 21242
19 76 21899
20 1 32609
20 2 19785
20 3 46629
20 4 21339
20 5 -1774
20 6 30516
20 7 31627
20 8 24437
20 9 41635
20 10 39678
20 11 26068
20 12 41477
20 13 11521
20 14 21054
20 15 2031
20 16 38615
20 17 37544
20 18 55560
20 19 22691
20 21 2458
20 22 26659
20 23 46235
20 24 39003
20 25 55007
20 26 32801
20 27 13500
20 28 12671
20 29 11564
20 30 15945
20 31 36971
20 32 42578
20 33 28091
20 34 24831
20 35 30272
20 36 689
20 37 -6598
20 38 37104
20 39 46890
20 40 37970
20 41 42319
20 42 41159
20 43 35044
20 44 44929
20 45 12014
20 46 22358
20 47 2447
20 48 8151
20 49 50605
20 50 49148
20 51 38202
20 52 18203
20 53 31363
20 54 7530
20 55 58205
20 56 37640
20 57 -2570
20 58 40620
20 59 18060
20 60 -4432
20 61 8354
20 62 25510
20 63 39995
20 64 16445
20 65 46617
20 66 28276
20 67 28373
20 68 29377
20 69 3815
20 70 -8198
20 71 6041
20 72 52464
20 73 36240
20 74 20417
20 75 31358
20 76 35260
21 1 11658
21 2 2738
21 3 31393
21 4 13664
21 5 -1266
21 6 15635
21 7 29715
21 8 25381
21 9 30823
21 10 34691
21 11 27046
21 12 32258
21 13 18568
21 14 25407
21 15 12356
21 16 21052
21 17 25840
21 18 40201
21 19 27814
21 20 1918
21 22 4647
21 23 25730
21 24 20895
21 25 42706
21 26 25329
21 27 14382
21 28 -8906
21 29 8389
21 30 3041
21 31 30101
21 32 29433
21 33 9454
21 34 21961
21 35 31230
21 36 -1520
21 37 3444
21 38 34827
21 39 37519
21 40 26618
21 41 20485
21 42 19176
21 43 13431
21 44 30410
21 45 7415
21 46 20426
21 47 -7259
21 48 -2218
21 49 32120
21 50 34945
21 51 23565
21 52 18296
21 53 32332
21 54 16746
21 55 45379
21 56 16490
21 57 9631
21 58 34951
21 59 25145
21 60 7302
21 61 -12064
21 62 4665
21 63 20703
21 64 -5260
21 65 45691
21 66 29997
21 67 22390
21 68 16420
21 69 -4236
21 70 8363
21 71 11639
21 72 44847
21 73 16226
21 74 1796
21 75 20976
21 76 25785
22 1 -2263
22 2 3875
22 3 24373
22 4 20710
22 5 15529
22 6 14064
22 7 36334
22 8 34729
22 9 27427
22 10 36358
22 11 33435
22 12 32258
22 13 32333
22 14 34719
22 15 28904
22 16 12062
22 17 24726
22 18 30996
22 19 38667
22 20 19907
22 21 -1565
22 23 10694
22 24 8772
22 25 36788
22 26 28442
22 27 26480
22 28 -8906
22 29 22194
22 30 11404
22 31 28972
22 32 23982
22 33 1371
22 34 30427
22 35 39640
22 36 16200
22 37 21378
22 38 38751
22 39 35648
22 40 24274
22 41 2796
22 42 1204
22 43 -3543
22 44 23884
22 45 18798
22 46 28881
22 47 10499
22 48 12247
22 49 20165
22 50 27465
22 51 19721
22 52 28907
22 53 39675
22 54 30160
22 55 38212
22 56 -36
22 57 25829
22 58 36822
22 59 35257
22 60 24421
22 61 -10487
22 62 -2925
22 63 9320
22 64 -21742
22 65 50223
22 66 36230
22 67 28043
22 68 18863
22 69 10579
22 70 26113
22 71 28595
22 72 44847
22 73 7023
22 74 9386
22 75 24430
22 76 28904
23 1 418
23 2 12554
23 3 11708
23 4 26354
23 5 30417
23 6 14732
23 7 37009
23 8 38713
23 9 15865
23 10 29342
23 11 31384
23 12 26449
23 13 41621
23 14 36537
23 15 42418
23 16 1331
23 17 20149
23 18 12828
23 19 43238
23 20 36649
23 21 16684
23 22 7860
23 24 -11215
23 25 21497
23 26 27179
23 27 35082
23 28 8440
23 29 34174
23 30 22065
23 31 17774
23 32 11095
23 33 404
23 34 35106
23 35 41822
23 36 34655
23 37 38014
23 38 34087
23 39 25694
23 40 16127
23 41 -719
23 42 4719
23 43 -4909
23 44 10890
23 45 28438
23 46 32972
23 47 27526
23 48 26494
23 49 1562
23 50 11364
23 51 14643
23 52 35517
23 53 39675
23 54 38000
23 55 21021
23 56 -17529
23 57 38401
23 58 30967
23 59 37016
23 60 43551
23 61 10608
23 62 9629
23 63 512
23 64 -11998
23 65 45691
23 66 33237
23 67 30143
23 68 22998
23 69 30740
23 70 44325
23 71 47865
23 72 36993
23 73 12470
23 74 23817
23 75 27009
23 76 29875
24 1 13695
24 2 21089
24 3 6127
24 4 30474
24 5 38922
24 6 19442
24 7 35798
24 8 39585
24 9 6266
24 10 21764
24 11 26697
24 12 22327
24 13 45722
24 14 34622
24 15 49450
24 16 4177
24 17 18965
24 18 -2090
24 19 43684
24 20 45637
24 21 28069
24 22 22158
24 23 5005
24 25 8259
24 26 26325
24 27 39511
24 28 20504
24 29 41229
24 30 29815
24 31 6578
24 32 1810
24 33 8972
24 34 37407
24 35 41137
24 36 45468
24 37 47261
24 38 27883
24 39 17079
24 40 11100
24 41 14712
24 42 20242
24 43 10427
24 44 3395
24 45 34309
24 46 34604
24 47 37729
24 48 35368
24 49 -1417
24 50 -1656
24 51 15909
24 52 38635
24 53 36978
24 54 40544
24 55 6175
24 56 -5332
24 57 44558
24 58 24902
24 59 34308
24 60 54435
24 61 24317
24 62 21540
24 63 9677
24 64 3490
24 65 39150
24 66 27383
24 67 31386
24 68 28112
24 69 42999
24 70 54402
24 71 59044
24 72 29750
24 73 23564
24 74 33958
24 75 30186
24 76 31626
25 1 30185
25 2 29959
25 3 11401
25 4 31952
25 5 43834
25 6 25928
25 7 28079
25 8 34028
25 9 -8277
25 10 4627
25 11 11908
25 12 15411
25 13 43678
25 14 23409
25 15 51469
25 16 16809
25 17 18558
25 18 -3929
25 19 36217
25 20 49902
25 21 38141
25 22 38435
25 23 25978
25 24 -3480
25 26 22193
25 27 39090
25 28 32871
25 29 44787
25 30 36046
25 31 -15787
25 32 -4135
25 33 21510
25 34 35106
25 35 33126
25 36 53500
25 37 52511
25 38 11809
25 39 2079
25 40 6163
25 41 35501
25 42 40199
25 43 29806
25 44 5021
25 45 36768
25 46 31090
25 47 45492
25 48 41847
25 49 17988
25 50 -8674
25 51 21279
25 52 36592
25 53 25617
25 54 35547
25 55 -11771
25 56 17162
25 57 44997
25 58 11126
25 59 20900
25 60 61587
25 61 38339
25 62 34893
25 63 25424
25 64 23691
25 65 21917
25 66 10374
25 67 28982
25 68 32982
25 69 53423
25 70 60213
25 71 67061
25 72 15432
25 73 37209
25 74 43383
25 75 32113
25 76 31732
26 1 18498
26 2 8090
26 3 12010
26 4 3346
26 5 15226
26 6 6350
26 7 2081
26 8 5579
26 9 1276
26 10 1565
26 11 -2504
26 12 1017
26 13 13850
26 14 1575
26 15 21675
26 16 10886
26 17 1192
26 18 18283
26 19 9552
26 20 20503
26 21 13571
26 22 22896
26 23 24467
26 24 7393
26 25 15000
26 27 9114
26 28 12201
26 29 15950
26 30 10103
26 31 -2603
26 32 4030
26 33 8043
26 34 5119
26 35 7189
26 36 26315
26 37 23678
26 38 2623
26 39 6282
26 40 -1237
26 41 29248
26 42 31390
26 43 21592
26 44 8629
26 45 7745
26 46 1363
26 47 18696
26 48 14800
26 49 21595
26 50 10937
26 51 7440
26 52 6634
26 53 4782
26 54 6987
26 55 18214
26 56 17457
26 57 15002
26 58 1817
26 59 2032
26 60 33255
26 61 17617
26 62 17244
26 63 17693
26 64 13206
26 65 14008
26 66 111
26 67 -970
26 68 8881
26 69 27900
26 70 31288
26 71 39416
26 72 12225
26 73 22055
26 74 19753
26 75 5700
26 76 4573
27 1 23002
27 2 8090
27 3 27720
27 4 1691
27 5 -304
27 6 13928
27 7 8995
27 8 2543
27 9 19715
27 10 16881
27 11 4895
27 12 19456
27 13 -2786
27 14 1910
27 15 3468
27 16 22584
27 17 17112
27 18 35747
27 19 4109
27 20 2720
27 21 4142
27 22 22452
27 23 33888
27 24 22097
27 25 33415
27 26 10632
27 28 8514
27 29 1669
27 30 4425
27 31 14148
27 32 21861
27 33 14799
27 34 2112
27 35 8629
27 36 12061
27 37 6966
27 38 14727
27 39 24547
27 40 16740
27 41 34475
27 42 34880
27 43 26580
27 44 25299
27 45 -4210
27 46 -463
27 47 6063
27 48 3603
27 49 34698
27 50 28731
27 51 20024
27 52 -4507
27 53 9978
27 54 -5597
27 55 36637
27 56 26460
27 57 -3401
27 58 17798
27 59 1441
27 60 16691
27 61 11144
27 62 17666
27 63 26520
27 64 14063
27 65 24722
27 66 7635
27 67 6179
27 68 12568
27 69 15361
27 70 14033
27 71 23914
27 72 29795
27 73 25710
27 74 14252
27 75 11942
27 76 14645
28 1 2206
28 2 -2476
28 3 24187
28 4 13112
28 5 6092
28 6 10039
28 7 29394
28 8 26771
28 9 25359
28 10 31789
28 11 26819
28 12 28207
28 13 23158
28 14 26960
28 15 19421
28 16 12938
28 17 21017
28 18 32464
28 19 30326
28 20 10959
28 21 -10078
28 22 -3866
28 23 16314
28 24 12158
28 25 36264
28 26 22787
28 27 17582
28 29 12848
28 30 2809
28 31 25907
28 32 22999
28 33 1182
28 34 22604
28 35 32075
28 36 7965
28 37 12339
28 38 33162
28 39 32761
28 40 21424
28 41 11258
28 42 10259
28 43 4030
28 44 23457
28 45 9905
28 46 21122
28 47 1449
28 48 2766
28 49 23340
28 50 27801
28 51 17318
28 52 20439
28 53 32596
28 54 21119
28 55 38515
28 56 7004
28 57 16345
28 58 32064
28 59 27305
28 60 16755
28 61 -12644
28 62 -4584
28 63 11810
28 64 -12518
28 65 44421
28 66 29748
28 67 21230
28 68 12802
28 69 4156
28 70 17818
28 71 21040
28 72 40993
28 73 7292
28 74 137
28 75 18232
28 76 23005
29 1 18153
29 2 3474
29 3 28344
29 4 3043
29 5 -7596
29 6 12544
29 7 16315
29 8 10778
29 9 23439
29 10 23301
29 11 13010
29 12 23439
29 13 3597
29 14 10441
29 15 1459
29 16 21098
29 17 19119
29 18 37188
29 19 12623
29 20 -1666
29 21 -4301
29 22 15716
29 23 30530
29 24 21365
29 25 36662
29 26 15018
29 27 -781
29 28 1330
29 30 -997
29 31 20005
29 32 24143
29 33 11544
29 34 8444
29 35 16816
29 36 4165
29 37 920
29 38 22053
29 39 28975
29 40 19616
29 41 29236
29 42 29056
29 43 21469
29 44 26542
29 45 -6141
29 46 6624
29 47 -2404
29 48 -4759
29 49 33273
29 50 30714
29 51 19968
29 52 3536
29 53 18123
29 54 1724
29 55 39837
29 56 22651
29 57 -2570
29 58 23837
29 59 9948
29 60 10430
29 61 2918
29 62 11817
29 63 23541
29 64 7201
29 65 32421
29 66 15853
29 67 10837
29 68 11191
29 69 7038
29 70 8606
29 71 16775
29 72 35006
29 73 21058
29 74 7150
29 75 12924
29 76 16929
30 1 9266
30 2 -5526
30 3 21054
30 4 861
30 5 -888
30 6 4734
30 7 17232
30 8 14015
30 9 18548
30 10 21652
30 11 14699
30 12 19456
30 13 11167
30 14 14227
30 15 10366
30 16 12691
30 17 13537
30 18 30100
30 19 17526
30 20 5837
30 21 -6527
30 22 8048
30 23 21543
30 24 13073
30 25 31043
30 26 12293
30 27 5097
30 28 -5587
30 29 2125
30 31 17194
30 32 17987
30 33 2634
30 34 9954
30 35 19462
30 36 7456
30 37 7567
30 38 21942
30 39 24879
30 40 14353
30 41 20516
30 42 20622
30 43 12688
30 44 19642
30 45 -2551
30 46 8482
30 47 -546
30 48 -4091
30 49 24754
30 50 24117
30 51 12653
30 52 7649
30 53 20220
30 54 8813
30 55 34009
30 56 13654
30 57 6415
30 58 21913
30 59 14515
30 60 15784
30 61 -1504
30 62 3331
30 63 14637
30 64 -343
30 65 32929
30 66 17665
30 67 9498
30 68 4141
30 69 8034
30 70 15008
30 71 21040
30 72 31921
30 73 12103
30 74 442
30 75 8047
30 76 12808
31 1 42633
31 2 37723
31 3 24558
31 4 34965
31 5 46622
31 6 33976
31 7 24434
31 8 30748
31 9 -853
31 10 -5006
31 11 296
31 12 18525
31 13 41543
31 14 14227
31 15 51800
31 16 29756
31 17 25008
31 18 14489
31 19 30230
31 20 51092
31 21 44762
31 22 49845
31 23 41481
31 24 14065
31 25 3439
31 26 23816
31 27 39049
31 28 41740
31 29 47356
31 30 41423
31 32 8480
31 33 32636
31 34 35008
31 35 28013
31 36 57933
31 37 54862
31 38 610
31 39 4509
31 40 13077
31 41 50220
31 42 54190
31 43 43736
31 44 18261
31 45 39156
31 46 30039
31 47 50307
31 48 46405
31 49 33997
31 50 8692
31 51 30602
31 52 35788
31 53 17588
31 54 30721
31 55 849
31 56 33438
31 57 44033
31 58 6139
31 59 8704
31 60 64572
31 61 47484
31 62 45022
31 63 38589
31 64 37437
31 65 8301
31 66 -4112
31 67 30143
31 68 39105
31 69 59412
31 70 62281
31 71 70961
31 72 13485
31 73 48132
31 74 50453
31 75 36670
31 76 35598
32 1 18888
32 2 17888
32 3 47
32 4 20847
32 5 32365
32 6 13882
32 7 20392
32 8 25499
32 9 -11362
32 10 3744
32 11 9009
32 12 6360
32 13 34006
32 14 18068
32 15 40667
32 16 5554
32 17 7159
32 18 -1901
32 19 28768
32 20 38691
32 21 26086
32 22 26847
32 23 16794
32 24 -8711
32 25 -2917
32 26 12441
32 27 28754
32 28 20824
32 29 33486
32 30 24208
32 31 -9528
32 33 9702
32 34 25173
32 35 25765
32 36 41640
32 37 41059
32 38 9920
32 39 -892
32 40 -4398
32 41 25599
32 42 29782
32 43 19320
32 44 -6372
32 45 25622
32 46 21609
32 47 33618
32 48 30069
32 49 9540
32 50 -9304
32 51 9200
32 52 26711
32 53 20220
32 54 27084
32 55 -182
32 56 8889
32 57 34641
32 58 7094
32 59 17144
32 60 49907
32 61 26347
32 62 22969
32 63 14379
32 64 13165
32 65 21133
32 66 9407
32 67 18868
32 68 21151
32 69 41383
32 70 48738
32 71 55244
32 72 11758
32 73 25406
32 74 31324
32 75 20728
32 76 20694
33 1 -4050
33 2 -2086
33 3 8748
33 4 11566
33 5 16060
33 6 530
33 7 24122
33 8 24664
33 9 11427
33 10 21100
33 11 20123
33 12 16977
33 13 26640
33 14 23475
33 15 27607
33 16 -2873
33 17 9499
33 18 16663
33 19 29163
33 20 22615
33 21 4518
33 22 2647
33 23 4514
33 24 -3138
33 25 21139
33 26 14865
33 27 20103
33 28 -2582
33 29 19298
33 30 7266
33 31 13039
33 32 8113
33 34 20703
33 35 28434
33 36 21878
33 37 24089
33 38 24286
33 39 19735
33 40 8436
33 41 6675
33 42 8760
33 43 -1063
33 44 8176
33 45 13408
33 46 18771
33 47 14201
33 48 12247
33 49 8155
33 50 12235
33 51 3988
33 52 20781
33 53 27289
33 54 23231
33 55 23020
33 56 -2964
33 57 23443
33 58 21796
33 59 24123
33 60 30856
33 61 2386
33 62 -1138
33 63 -2625
33 64 -8942
33 65 35884
33 66 22591
33 67 16395
33 68 8188
33 69 19602
33 70 30979
33 71 35443
33 72 29273
33 73 1077
33 74 10377
33 75 12770
33 76 16294
34 1 21175
34 2 7273
34 3 21413
34 4 -1288
34 5 6312
34 6 9956
34 7 2232
34 8 -1386
34 9 12037
34 10 9397
34 11 -610
34 12 11808
34 13 3143
34 14 -1323
34 15 11261
34 16 17800
34 17 10410
34 18 28768
34 19 2879
34 20 10424
34 21 8094
34 22 22772
34 23 30285
34 24 16366
34 25 25804
34 26 3010
34 27 -1515
34 28 9909
34 29 7267
34 30 5655
34 31 6480
34 32 14653
34 33 11772
34 35 3809
34 36 18305
34 37 14245
34 38 7915
34 39 16762
34 40 9419
34 41 32654
34 42 33759
34 43 24757
34 44 18612
34 45 -613
34 46 -7171
34 47 11416
34 48 7943
34 49 29565
34 50 21564
34 51 14572
34 52 -4158
34 53 4698
34 54 -2460
34 55 29009
34 56 23127
34 57 4241
34 58 10142
34 59 -859
34 60 23996
34 61 14076
34 62 17297
34 63 22915
34 64 14154
34 65 18376
34 66 2339
34 67 -1242
34 68 9431
34 69 20947
34 70 21579
34 71 30778
34 72 21993
34 73 23996
34 74 16095
34 75 7085
34 76 8490
35 1 31166
35 2 18084
35 3 26351
35 4 9669
35 5 15696
35 6 19131
35 7 -2768
35 8 -3457
35 9 11791
35 10 3472
35 11 -11105
35 12 13232
35 13 6696
35 14 -12233
35 15 18187
35 16 25295
35 17 15750
35 18 31147
35 19 -4263
35 20 17538
35 21 19036
35 22 33658
35 23 38674
35 24 21769
35 25 25497
35 26 6753
35 27 6675
35 28 21053
35 29 17312
35 30 16836
35 31 1158
35 32 16918
35 33 21176
35 34 5482
35 36 28052
35 37 22674
35 38 -369
35 39 15404
35 40 12058
35 41 42439
35 42 43973
35 43 34615
35 44 22588
35 45 10003
35 46 -463
35 47 21771
35 48 18671
35 49 36155
35 50 23527
35 51 21779
35 52 3412
35 53 -6022
35 54 -4489
35 55 28253
35 56 31649
35 57 9472
35 58 5809
35 59 -11582
35 60 32242
35 61 25233
35 62 28064
35 63 31603
35 64 24865
35 65 8992
35 66 -8327
35 67 6179
35 68 19581
35 69 31218
35 70 29219
35 71 39816
35 72 19354
35 73 34188
35 74 27275
35 75 16494
35 76 16518
36 1 22064
36 2 11557
36 3 40089
36 4 18212
36 5 -4254
36 6 23818
36 7 32432
36 8 26557
36 9 37863
36 10 39263
36 11 28904
36 12 38395
36 13 16392
36 14 25544
36 15 7386
36 16 30537
36 17 32908
36 18 49108
36 19 27290
36 20 -7456
36 21 -9125
36 22 14807
36 23 36096
36 24 30689
36 25 50460
36 26 30468
36 27 14696
36 28 1532
36 29 9250
36 30 9419
36 31 35667
36 32 37382
36 33 19209
36 34 24567
36 35 32641
36 37 -4871
36 38 38178
36 39 43940
36 40 33706
36 41 30815
36 42 29364
36 43 23846
36 44 38858
36 45 9783
36 46 22733
36 47 -7181
36 48 1368
36 49 41990
36 50 43388
36 51 31836
36 52 19370
36 53 33989
36 54 14126
36 55 53413
36 56 26929
36 57 4640
36 58 39704
36 59 24221
36 60 -2968
36 61 -4255
36 62 15013
36 63 30738
36 64 3976
36 65 48509
36 66 31655
36 67 26615
36 68 23557
36 69 -7842
36 70 -2032
36 71 1710
36 72 50481
36 73 26392
36 74 10939
36 75 27059
36 76 31596
37 1 26527
37 2 13875
37 3 41189
37 4 16641
37 5 -7233
37 6 24943
37 7 28633
37 8 21957
37 9 37033
37 10 36321
37 11 24144
37 12 37036
37 13 10243
37 14 19916
37 15 481
37 16 32819
37 17 32569
37 18 50194
37 19 21518
37 20 -14022
37 21 -3440
37 22 20706
37 23 40176
37 24 33203
37 25 50192
37 26 28552
37 27 10322
37 28 6627
37 29 6726
37 30 10251
37 31 33317
37 32 37522
37 33 22141
37 34 21228
37 35 27984
37 36 -4150
37 38 34373
37 39 42561
37 40 33156
37 41 36278
37 42 35170
37 43 28976
37 44 39617
37 45 7415
37 46 19053
37 47 -3584
37 48 2254
37 49 44738
37 50 43957
37 51 32753
37 52 15140
37 53 29275
37 54 7437
37 55 53339
37 56 31558
37 57 -2608
37 58 37025
37 59 17910
37 60 -2925
37 61 2938
37 62 19427
37 63 34012
37 64 10755
37 65 44278
37 66 26661
37 67 24260
37 68 23964
37 69 -187
37 70 -4978
37 71 4689
37 72 48471
37 73 30183
37 74 14350
37 75 26377
37 76 30506
38 1 38494
38 2 28959
38 3 25407
38 4 22705
38 5 32386
38 6 26856
38 7 8511
38 8 14015
38 9 3563
38 10 -11460
38 11 -18043
38 12 12416
38 13 24581
38 14 -4639
38 15 35859
38 16 28224
38 17 19023
38 18 24051
38 19 11888
38 20 35257
38 21 33520
38 22 43656
38 23 41826
38 24 19402
38 25 15067
38 26 13074
38 27 23660
38 28 33027
38 29 33436
38 30 30203
38 31 -15358
38 32 11960
38 33 27915
38 34 20475
38 35 10518
38 36 44476
38 37 39950
38 39 6506
38 40 10403
38 41 48452
38 42 51216
38 43 41098
38 44 20152
38 45 25512
38 46 14924
38 47 37504
38 48 33849
38 49 36334
38 50 16606
38 51 25998
38 52 20232
38 53 -980
38 54 12527
38 55 16225
38 56 34623
38 57 27345
38 58 -2999
38 59 -9013
38 60 49658
38 61 38306
38 62 38054
38 63 36292
38 64 33541
38 65 -6624
38 66 -18756
38 67 17456
38 68 29744
38 69 47020
38 70 46835
38 71 56808
38 72 10409
38 73 42497
38 74 40264
38 75 26478
38 76 25416
39 1 26721
39 2 21999
39 3 9478
39 4 20796
39 5 32866
39 6 18101
39 7 14593
39 8 20698
39 9 -14450
39 10 -6798
39 11 -610
39 12 3503
39 13 30751
39 14 10008
39 15 39427
39 16 14157
39 17 9225
39 18 6135
39 19 22633
39 20 38307
39 21 29476
39 22 33817
39 23 26697
39 24 1862
39 25 -1399
39 26 9997
39 27 26744
39 28 25890
39 29 33622
39 30 26404
39 31 -18195
39 32 -5588
39 33 16628
39 34 22586
39 35 19555
39 36 43502
39 37 41402
39 38 -230
39 40 -2942
39 41 34851
39 42 38543
39 43 28119
39 44 3529
39 45 25443
39 46 18252
39 47 35660
39 48 31791
39 49 19937
39 50 -1396
39 51 14572
39 52 23928
39 53 12157
39 54 22104
39 55 1370
39 56 19078
39 57 32496
39 58 -2219
39 59 8100
39 60 50883
39 61 31638
39 62 29013
39 63 22915
39 64 21666
39 65 10737
39 66 -871
39 67 16804
39 68 23699
39 69 44411
39 70 49048
39 71 56816
39 72 1993
39 73 32103
39 74 34965
39 75 21725
39 76 20851
40 1 17008
40 2 12213
40 3 2281
40 4 12854
40 5 24747
40 6 8207
40 7 12232
40 8 17038
40 9 -8724
40 10 408
40 11 3050
40 12 -1694
40 13 25484
40 14 10625
40 15 32492
40 16 5168
40 17 -346
40 18 6597
40 19 20519
40 20 30807
40 21 19995
40 22 23863
40 23 18550
40 24 -2697
40 25 4105
40 26 3898
40 27 20357
40 28 15973
40 29 25683
40 30 17298
40 31 -8207
40 32 -7674
40 33 6749
40 34 16663
40 35 17629
40 36 34688
40 37 33417
40 38 5087
40 39 -1522
40 41 25826
40 42 29159
40 43 18810
40 44 -2251
40 45 17671
40 46 13065
40 47 26727
40 48 22970
40 49 13145
40 50 -765
40 51 4593
40 52 18203
40 53 12940
40 54 18590
40 55 7293
40 56 11295
40 57 26273
40 58 1923
40 59 10279
40 60 42571
40 61 21713
40 62 19013
40 63 13653
40 64 12091
40 65 16660
40 66 4410
40 67 10373
40 68 14327
40 69 35107
40 70 41119
40 71 48174
40 72 8173
40 73 22151
40 74 25357
40 75 13046
40 76 12632
41 1 -932
41 2 13106
41 3 21396
41 4 29231
41 5 28801
41 6 18947
41 7 42561
41 8 42856
41 9 25699
41 10 37976
41 11 38339
41 12 34256
41 13 43284
41 14 41899
41 15 41749
41 16 9549
41 17 27151
41 18 23872
41 19 47287
41 20 33978
41 21 12684
41 22 1207
41 23 526
41 24 -263
41 25 32265
41 26 33205
41 27 36914
41 28 4629
41 29 34125
41 30 22283
41 31 27758
41 32 21145
41 33 3810
41 34 38720
41 35 46832
41 36 30619
41 37 35361
41 38 41958
41 39 35093
41 40 24648
41 42 -5598
41 43 -10733
41 44 20809
41 45 29549
41 46 36918
41 47 24469
41 48 25060
41 49 12512
41 50 22195
41 51 21351
41 52 38327
41 53 45706
41 54 40519
41 55 32047
41 56 -13360
41 57 38327
41 58 39094
41 59 42553
41 60 38970
41 61 3707
41 62 7261
41 63 6556
41 64 -22974
41 65 53591
41 66 40645
41 67 34773
41 68 26068
41 69 25109
41 70 40547
41 71 43147
41 72 45758
41 73 12531
41 74 21894
41 75 31054
41 76 34725
42 1 -1482
42 2 11661
42 3 23560
42 4 28261
42 5 26143
42 6 18835
42 7 42442
42 8 42149
42 9 27752
42 10 39237
42 11 38710
42 12 35266
42 13 41621
42 14 41570
42 15 39313
42 16 11329
42 17 27932
42 18 27183
42 19 46466
42 20 30895
42 21 9452
42 22 -2308
42 23 4041
42 24 3344
42 25 35040
42 26 33424
42 27 35396
42 28 1707
42 29 32022
42 30 20466
42 31 29805
42 32 23405
42 33 3972
42 34 37902
42 35 46443
42 36 27245
42 37 32330
42 38 42799
42 39 36862
42 40 26058
42 41 -7521
42 43 -10106
42 44 23054
42 45 27871
42 46 36200
42 47 21430
42 48 22572
42 49 15699
42 50 25080
42 51 22201
42 52 37163
42 53 45706
42 54 39103
42 55 35232
42 56 -9147
42 57 36054
42 58 40136
42 59 42230
42 60 35380
42 61 -222
42 62 5168
42 63 8055
42 64 -26343
42 65 54414
42 66 41192
42 67 34410
42 68 25372
42 69 21348
42 70 37154
42 71 39550
42 72 47153
42 73 11598
42 74 19444
42 75 30616
42 76 34559
43 1 -5404
43 2 8664
43 3 18461
43 4 24762
43 5 24709
43 6 14600
43 7 38243
43 8 38415
43 9 22658
43 10 34313
43 11 34203
43 12 30423
43 13 38846
43 14 37534
43 15 37532
43 16 6245
43 17 23178
43 18 22413
43 19 42835
43 20 30144
43 21 9071
43 22 -1691
43 23 -223
43 24 -1107
43 25 30011
43 26 28990
43 27 32460
43 28 842
43 29 29799
43 30 17896
43 31 24715
43 32 18307
43 33 -487
43 34 34264
43 35 42449
43 36 27091
43 37 31500
43 38 38045
43 39 31802
43 40 21073
43 41 -7292
43 42 -4742
43 44 17957
43 45 25122
43 46 32474
43 47 20650
43 48 20900
43 49 10928
43 50 20094
43 51 17402
43 52 33855
43 53 41430
43 54 36054
43 55 30361
43 56 -11698
43 57 34041
43 58 35289
43 59 38192
43 60 35659
43 61 1160
43 62 3049
43 63 2997
43 64 -21307
43 65 49670
43 66 36589
43 67 30387
43 68 21616
43 69 22109
43 70 36998
43 71 39861
43 72 42181
43 73 8061
43 74 17755
43 75 26645
43 76 30380
44 1 13907
44 2 14101
44 3 -5015
44 4 18936
44 5 29741
44 6 10367
44 7 21301
44 8 25675
44 9 -6490
44 10 7713
44 11 11908
44 12 7525
44 13 33155
44 14 19844
44 15 38769
44 16 525
44 17 5595
44 18 -821
44 19 29457
44 20 36295
44 21 22316
44 22 22002
44 23 11842
44 24 -11873
44 25 1492
44 26 12293
44 27 27445
44 28 16535
44 29 31138
44 30 21116
44 31 -4494
44 32 -11119
44 33 5018
44 34 24385
44 35 26688
44 36 38369
44 37 38407
44 38 13365
44 39 3478
44 40 -3722
44 41 20516
44 42 24684
44 43 14223
44 45 23519
44 46 21187
44 47 30348
44 48 27022
44 49 4966
44 50 -6920
44 51 5590
44 52 25852
44 53 22149
44 54 27041
44 55 3606
44 56 4099
44 57 33146
44 58 10253
44 59 19446
44 60 46892
44 61 21904
44 62 18424
44 63 9320
44 64 8074
44 65 24777
44 66 12849
44 67 18112
44 68 18211
44 69 37644
44 70 46010
44 71 52024
44 72 15432
44 73 20717
44 74 27572
44 75 18599
44 76 19106
45 1 17008
45 2 2034
45 3 24635
45 4 -1288
45 5 -3124
45 6 9392
45 7 12232
45 8 7354
45 9 19070
45 10 18903
45 11 9250
45 12 19014
45 13 3143
45 14 7415
45 15 4677
45 16 18139
45 17 14969
45 18 33306
45 19 10090
45 20 2522
45 21 -1537
45 22 16058
45 23 28532
45 24 18183
45 25 32381
45 26 10551
45 27 -2922
45 28 2125
45 29 -2403
45 30 -1935
45 31 15543
45 32 20017
45 33 9392
45 34 4302
45 35 13245
45 36 8436
45 37 5347
45 38 17867
45 39 24534
45 40 15342
45 41 28398
45 42 28643
45 43 20530
45 44 22661
45 46 2635
45 47 1416
45 48 -1942
45 49 30345
45 50 26680
45 51 16395
45 52 314
45 53 14437
45 54 759
45 55 35578
45 56 20923
45 57 -311
45 58 19404
45 59 7346
45 60 14900
45 61 5091
45 62 11374
45 63 21292
45 64 7669
45 65 28376
45 66 12161
45 67 6373
45 68 7908
45 69 10947
45 70 13005
45 71 21210
45 72 30534
45 73 19748
45 74 7876
45 75 8852
45 76 12632
46 1 23116
46 2 9406
46 3 22135
46 4 861
46 5 8057
46 6 11626
46 7 294
46 8 -3457
46 9 11659
46 10 7941
46 11 -2760
46 12 11565
46 13 3181
46 14 -3531
46 15 12356
46 16 19119
46 17 11057
46 18 29029
46 19 987
46 20 11660
46 21 10268
46 22 24935
46 23 31860
46 24 17272
46 25 25497
46 26 2963
46 27 -381
46 28 12136
46 29 9156
46 30 7892
46 31 5220
46 32 14798
46 33 13549
46 34 -3462
46 35 1573
46 36 20180
46 37 15779
46 38 6073
46 39 16137
46 40 9530
46 41 34561
46 42 35766
46 43 26676
46 44 19123
46 45 1429
46 47 13435
46 48 10051
46 49 30717
46 50 21706
46 51 15752
46 52 -3630
46 53 2502
46 54 -3458
46 55 28658
46 56 24744
46 57 4910
46 58 8876
46 59 -3031
46 60 25532
46 61 16306
46 62 19427
46 63 24534
46 64 16281
46 65 16394
46 66 176
46 67 -627
46 68 11350
46 69 22960
46 70 22964
46 71 32494
46 72 21076
46 73 25978
46 74 18331
46 75 8728
46 76 9670
47 1 16750
47 2 5278
47 3 33710
47 4 12257
47 5 -7233
47 6 17423
47 7 27232
47 8 21957
47 9 31547
47 10 33511
47 11 24144
47 12 32207
47 13 13467
47 14 21549
47 15 6261
47 16 24330
47 17 26561
47 18 42740
47 19 23571
47 20 -4074
47 21 -13240
47 22 10730
47 23 30591
47 24 24574
47 25 44076
47 26 24473
47 27 10322
47 28 -3360
47 29 4305
47 30 3041
47 31 29665
47 32 30984
47 33 13156
47 34 19302
47 35 27984
47 36 -5557
47 37 -2681
47 38 32830
47 39 37722
47 40 27369
47 41 26289
47 42 25173
47 43 19029
47 44 32461
47 45 4387
47 46 17612
47 48 -4837
47 49 35930
47 50 36987
47 51 25438
47 52 14715
47 53 29275
47 54 11575
47 55 47016
47 56 21762
47 57 3601
47 58 33879
47 59 20824
47 60 3174
47 61 -6051
47 62 9629
47 63 24833
47 64 1058
47 65 43376
47 66 27010
47 67 20832
47 68 17172
47 69 -4053
47 70 3266
47 71 8093
47 72 44427
47 73 20676
47 74 4914
47 75 20811
47 76 25416
48 1 13907
48 2 474
48 3 28110
48 4 5959
48 5 -7233
48 6 11777
48 7 21301
48 8 16543
48 9 25336
48 10 27246
48 11 18448
48 12 25903
48 13 9942
48 14 16494
48 15 5579
48 16 19412
48 17 20405
48 18 37159
48 19 18871
48 20 -792
48 21 -10621
48 22 10056
48 23 27137
48 24 19791
48 25 38009
48 26 18155
48 27 5440
48 28 -4465
48 29 -472
48 30 -2926
48 31 23341
48 32 25013
48 33 8780
48 34 13407
48 35 22462
48 36 570
48 37 735
48 38 26753
48 39 31431
48 40 21190
48 41 24458
48 42 23893
48 43 16857
48 44 26713
48 45 -1393
48 46 11806
48 47 -7259
48 49 31324
48 50 31184
48 51 19721
48 52 9398
48 53 23652
48 54 8097
48 55 41017
48 56 18830
48 57 2420
48 58 27593
48 59 16201
48 60 8715
48 61 -3485
48 62 7041
48 63 20703
48 64 1331
48 65 37417
48 66 21370
48 67 14586
48 68 11159
48 69 2064
48 70 8006
48 71 14055
48 72 38103
48 73 17191
48 74 1796
48 75 14534
48 76 19106
49 1 6756
49 2 14307
49 3 3387
49 4 24777
49 5 32311
49 6 13306
49 7 32082
49 8 35109
49 9 6666
49 10 21138
49 11 24669
49 12 19627
49 13 40233
49 14 31356
49 15 43184
49 16 -2255
49 17 14786
49 18 3005
49 19 39447
49 20 38988
49 21 21043
49 22 15300
49 23 -469
49 24 -19668
49 25 11476
49 26 22276
49 27 33861
49 28 13435
49 29 34886
49 30 23245
49 31 8259
49 32 1810
49 33 2014
49 34 32355
49 35 37272
49 36 38518
49 37 40545
49 38 26564
49 39 16903
49 40 8691
49 41 9236
49 42 14346
49 43 4211
49 44 1983
49 45 28220
49 46 29798
49 47 30834
49 48 28650
49 50 1328
49 51 10577
49 52 33370
49 53 33989
49 54 35593
49 55 11071
49 56 -9042
49 57 38521
49 58 23390
49 59 31461
49 60 47499
49 61 17306
49 62 14469
49 63 2606
49 64 -2207
49 65 38055
49 66 25982
49 67 26615
49 68 22015
49 69 35937
49 70 47576
49 71 52067
49 72 28821
49 73 16496
49 74 27021
49 75 24663
49 76 26561
50 1 22601
50 2 24094
50 3 4515
50 4 28261
50 5 39510
50 6 20353
50 7 27743
50 8 33028
50 9 -7171
50 10 8466
50 11 14895
50 12 13823
50 13 41621
50 14 24879
50 15 48120
50 16 9406
50 17 14579
50 18 -9243
50 19 36133
50 20 45963
50 21 32300
50 22 31032
50 23 17765
50 24 -11475
50 25 -6754
50 26 20050
50 27 36326
50 28 26328
50 29 40759
50 30 31040
50 31 -8614
50 32 -8602
50 33 14526
50 34 32786
50 35 33076
50 36 48348
50 37 48196
50 38 15268
50 39 4002
50 40 3213
50 41 27351
50 42 32159
50 43 21809
50 44 -1471
50 45 32987
50 46 29219
50 47 40323
50 48 36942
50 49 9760
50 51 15571
50 52 34323
50 53 26990
50 54 34631
50 55 -6125
50 56 8920
50 57 42193
50 58 13099
50 59 23479
50 60 56819
50 61 31537
50 62 28013
50 63 17768
50 64 15657
50 65 26072
50 66 14526
50 67 26479
50 68 28066
50 69 47629
50 70 55838
50 71 61996
50 72 17389
50 73 30154
50 74 37563
50 75 28046
50 76 28172
51 1 6273
51 2 2239
51 3 1985
51 4 8133
51 5 17898
51 6 -1669
51 7 15939
51 8 18226
51 9 1651
51 10 10695
51 11 10665
51 12 6623
51 13 23385
51 14 15458
51 15 27510
51 16 -2931
51 17 -651
51 18 11006
51 19 22662
51 20 24549
51 21 10452
51 22 12820
51 23 10576
51 24 -4378
51 25 12731
51 26 6085
51 27 17151
51 28 5377
51 29 19545
51 30 9108
51 31 2828
51 32 -566
51 33 -4189
51 34 15326
51 35 20860
51 36 26328
51 37 26524
51 38 14192
51 39 9502
51 40 -1897
51 41 16039
51 42 18812
51 43 8649
51 44 571
51 45 12234
51 46 12797
51 47 18306
51 48 15011
51 49 8541
51 50 5103
51 52 16390
51 53 18601
51 54 18564
51 55 15368
51 56 3566
51 57 22339
51 58 11488
51 59 15921
51 60 34867
51 61 11040
51 62 8039
51 63 4020
51 64 1427
51 65 25819
51 66 12860
51 67 9652
51 68 6356
51 69 25764
51 70 34072
51 71 39982
51 72 18833
51 73 11111
51 74 15688
51 75 7825
51 76 9535
52 1 23665
52 2 9107
52 3 25719
52 4 1128
52 5 3724
52 6 13306
52 7 4881
52 8 -1386
52 9 16427
52 10 12845
52 11 914
52 12 16229
52 13 -1313
52 14 -1516
52 15 7386
52 16 21586
52 17 14786
52 18 33223
52 19 1263
52 20 6728
52 21 7361
52 22 24184
52 23 33628
52 24 20526
52 25 30222
52 26 7457
52 27 -5202
52 28 10676
52 29 5291
52 30 6282
52 31 10192
52 32 19123
52 33 14782
52 34 -1226
52 35 4671
52 36 16040
52 37 11089
52 38 10604
52 39 21036
52 40 13891
52 41 35193
52 42 35952
52 43 27280
52 44 23011
52 45 -1669
52 46 -4407
52 47 9761
52 48 6866
52 49 33512
52 50 26033
52 51 18568
52 53 6004
52 54 -6147
52 55 33415
52 56 26369
52 57 -52
52 58 13858
52 59 -1571
52 60 20810
52 61 14021
52 62 19013
52 63 26220
52 64 15745
52 65 20625
52 66 3714
52 67 3222
52 68 12302
52 69 19181
52 70 18113
52 71 28016
52 72 26062
52 73 26392
52 74 16538
52 75 10681
52 76 12632
53 1 35992
53 2 23833
53 3 28041
53 4 15807
53 5 22696
53 6 23756
53 7 834
53 8 3543
53 9 10496
53 10 -967
53 11 -18105
53 12 14088
53 13 13230
53 14 -15132
53 15 24995
53 16 28487
53 17 18500
53 18 30768
53 19 -141
53 20 24280
53 21 25789
53 22 39344
53 23 42178
53 24 23261
53 25 23639
53 26 9997
53 27 13675
53 28 27225
53 29 24270
53 30 23245
53 31 -3616
53 32 17024
53 33 25682
53 34 12022
53 35 -371
53 36 35051
53 37 29616
53 38 -6216
53 39 13657
53 40 13020
53 41 46964
53 42 48887
53 43 39247
53 44 23700
53 45 16846
53 46 6117
53 47 28713
53 48 25512
53 49 38523
53 50 23092
53 51 25171
53 52 10396
53 54 511
53 55 25849
53 56 35163
53 57 16015
53 58 3078
53 59 -15547
53 60 39129
53 61 31730
53 62 33667
53 63 35496
53 64 30262
53 65 2304
53 66 -15285
53 67 11401
53 68 24950
53 69 38182
53 70 36022
53 71 46793
53 72 17217
53 73 39256
53 74 33659
53 75 21645
53 76 21162
54 1 36735
54 2 21912
54 3 38159
54 4 14445
54 5 9883
54 6 26641
54 7 11467
54 8 4192
54 9 26204
54 10 18337
54 11 728
54 12 26733
54 13 -2047
54 14 -5369
54 15 8981
54 16 34796
54 17 27078
54 18 44665
54 19 -2941
54 20 6914
54 21 16670
54 22 36296
54 23 46970
54 24 33294
54 25 40036
54 26 18669
54 27 4567
54 28 22215
54 29 14338
54 30 18305
54 31 15984
54 32 30355
54 33 28091
54 34 11331
54 35 7629
54 36 21655
54 37 14245
54 38 13758
54 39 30071
54 40 25137
54 41 48244
54 42 48751
54 43 40338
54 44 35059
54 45 9635
54 46 6624
54 47 17480
54 48 16424
54 49 46594
54 50 37200
54 51 31601
54 52 4712
54 53 6978
54 55 42962
54 56 39703
54 57 -1466
54 58 20796
54 59 -8905
54 60 22491
54 61 24061
54 62 31557
54 63 39562
54 64 27903
54 65 21991
54 66 2155
54 67 15396
54 68 25622
54 69 25666
54 70 18817
54 71 31517
54 72 34209
54 73 39441
54 74 27939
54 75 23940
54 76 25509
55 1 37365
55 2 38582
55 3 19298
55 4 41138
55 5 52964
55 6 34648
55 7 36953
55 8 43021
55 9 843
55 10 11805
55 11 19172
55 12 24608
55 13 52825
55 14 31468
55 15 60687
55 16 24260
55 17 27659
55 18 -1207
55 19 44919
55 20 59091
55 21 46805
55 22 45850
55 23 31493
55 24 427
55 25 -5780
55 26 31398
55 27 48303
55 28 41113
55 29 53953
55 30 45003
55 31 -12386
55 32 4591
55 33 29382
55 34 44302
55 35 41873
55 36 62444
55 37 61649
55 38 18958
55 39 10839
55 40 15342
55 41 41274
55 42 46382
55 43 36147
55 44 13126
55 45 45956
55 46 40242
55 47 54423
55 48 50846
55 49 23574
55 50 -2054
55 51 29907
55 52 45776
55 53 33818
55 54 44464
55 56 21817
55 57 54206
55 58 19404
55 59 28199
55 60 70646
55 61 46386
55 62 42865
55 63 32523
55 64 29849
55 65 28376
55 66 16625
55 67 38195
55 68 41939
55 69 62122
55 70 69348
55 71 76039
55 72 23919
55 73 45019
55 74 52044
55 75 41243
55 76 40916
56 1 4167
56 2 17491
56 3 16985
56 4 31903
56 5 34950
56 6 20388
56 7 42838
56 8 44467
56 9 20873
56 10 34803
56 11 37148
56 12 32156
56 13 47029
56 14 42366
56 15 47270
56 16 7126
56 17 25961
56 18 15902
56 19 48996
56 20 40895
56 21 20285
56 22 9971
56 23 -4688
56 24 -8711
56 25 25522
56 26 33010
56 27 40495
56 28 11971
56 29 39136
56 30 27017
56 31 22572
56 32 16031
56 33 5767
56 34 40789
56 35 47638
56 36 38329
56 37 42237
56 38 39725
56 39 30916
56 40 21713
56 41 -1764
56 42 4372
56 43 -3543
56 44 15988
56 45 33670
56 46 38697
56 47 31538
56 48 31028
56 49 5830
56 50 15360
56 51 20474
56 52 41099
56 53 45501
56 54 43574
56 55 24186
56 57 43426
56 58 36576
56 59 42847
56 60 47055
56 61 12817
56 62 13528
56 63 6158
56 64 -13411
56 65 51312
56 66 38936
56 67 35917
56 68 28524
56 69 33701
56 70 48164
56 71 51287
56 72 42446
56 73 17002
56 74 28100
56 75 32701
56 76 35652
57 1 31178
57 2 16491
57 3 39524
57 4 13182
57 5 -2097
57 6 24685
57 7 19691
57 8 12134
57 9 31875
57 10 27865
57 11 13189
57 12 31626
57 13 -1313
57 14 8018
57 15 -4496
57 16 33436
57 17 29181
57 18 47820
57 19 9670
57 20 -7067
57 21 5674
57 22 28084
57 23 43490
57 24 33427
57 25 45605
57 26 22803
57 27 2882
57 28 13560
57 29 6163
57 30 12026
57 31 25415
57 32 34031
57 33 24422
57 34 14151
57 35 17709
57 36 8288
57 37 319
57 38 24695
57 39 36582
57 40 28939
57 41 42171
57 42 41821
57 43 34444
57 44 37283
57 45 4684
57 46 11111
57 47 5625
57 48 6866
57 49 45641
57 50 40881
57 51 31495
57 52 6926
57 53 18601
57 54 -5347
57 55 48823
57 56 35674
57 58 29181
57 59 5236
57 60 8392
57 61 13111
57 62 24706
57 63 36392
57 64 19283
57 65 33917
57 66 15288
57 67 18373
57 68 23198
57 69 12406
57 70 4828
57 71 17443
57 72 41591
57 73 34096
57 74 19696
57 75 23571
57 76 26668
58 1 29936
58 2 21708
58 3 16192
58 4 17136
58 5 28416
58 6 18854
58 7 6374
58 8 12756
58 9 -4537
58 10 -12460
58 11 -10294
58 12 3503
58 13 23445
58 14 72
58 15 33451
58 16 19135
58 17 10410
58 18 16014
58 19 13517
58 20 32734
58 21 27605
58 22 35688
58 23 32667
58 24 10382
58 25 8345
58 26 6229
58 27 20692
58 28 25890
58 29 29181
58 30 24135
58 31 -15868
58 32 3095
58 33 19386
58 34 16663
58 35 10657
58 36 39963
58 37 36563
58 38 -9038
58 39 -1522
58 40 1200
58 41 39549
58 42 42514
58 43 32303
58 44 11001
58 45 21010
58 46 11688
58 47 32514
58 48 28650
58 49 27121
58 50 8398
58 51 17255
58 52 17447
58 53 2275
58 54 13526
58 55 10632
58 56 25435
58 57 25792
58 59 -1835
58 60 46296
58 61 31454
58 62 30244
58 63 27348
58 64 25072
58 65 2518
58 66 -9609
58 67 12055
58 68 22613
58 69 41833
58 70 43940
58 71 52828
58 72 1993
58 73 34253
58 74 33734
58 75 19645
58 76 18490
59 1 51669
59 2 38464
59 3 44540
59 4 29929
59 5 32183
59 6 39562
59 7 16645
59 8 15750
59 9 25710
59 10 11607
59 11 -11072
59 12 30543
59 13 20226
59 14 -11502
59 15 32053
59 16 44961
59 17 35005
59 18 46279
59 19 6346
59 20 30055
59 21 37680
59 22 54004
59 23 58597
59 24 39669
59 25 38000
59 26 26325
59 27 24216
59 28 41012
59 29 35173
59 30 36618
59 31 6578
59 32 33026
59 33 41594
59 34 25543
59 35 13147
59 36 44361
59 37 37329
59 38 4829
59 39 28678
59 40 29437
59 41 62889
59 42 64489
59 43 55087
59 44 40075
59 45 28833
59 46 19662
59 47 39340
59 48 37139
59 49 55073
59 50 38659
59 51 41569
59 52 21899
59 53 3531
59 54 3706
59 55 39308
59 56 51587
59 57 21728
59 58 18046
59 60 45669
59 61 44537
59 62 48477
59 63 51757
59 64 45317
59 65 9257
59 66 -15154
59 67 26675
59 68 40092
59 69 48193
59 70 41945
59 71 54656
59 72 32221
59 73 54706
59 74 46988
59 75 37006
59 76 36909
60 1 33583
60 2 23083
60 3 51399
60 4 28000
60 5 4054
60 6 35067
60 7 40315
60 8 33519
60 9 48278
60 10 48023
60 11 35555
60 12 48434
60 13 21207
60 14 30906
60 15 11361
60 16 42125
60 17 43552
60 18 60447
60 19 32502
60 20 -9907
60 21 2367
60 22 25698
60 23 47662
60 24 42326
60 25 61217
60 26 40078
60 27 21996
60 28 12992
60 29 18185
60 30 20417
60 31 44976
60 32 48319
60 33 30857
60 34 32928
60 35 39501
60 36 -298
60 37 -976
60 38 46030
60 39 53991
60 40 44259
60 41 41836
60 42 40169
60 43 35084
60 44 50051
60 45 18917
60 46 30755
60 47 4220
60 48 12183
60 49 53641
60 50 54529
60 51 43045
60 52 26810
60 53 40737
60 54 17632
60 55 64285
60 56 38325
60 57 7414
60 58 48707
60 59 28199
60 61 5377
60 62 26590
60 63 42400
60 64 13667
60 65 55845
60 66 37941
60 67 35858
60 68 34488
60 69 -1053
60 70 -9726
60 71 -262
60 72 60056
60 73 38037
60 74 22578
60 75 37449
60 76 41757
61 1 9148
61 2 7474
61 3 33770
61 4 22005
61 5 9297
61 6 20088
61 7 38406
61 8 34925
61 9 35362
61 10 41673
61 11 35879
61 12 38218
61 13 29092
61 14 35113
61 15 22884
61 16 22066
61 17 31064
61 18 41581
61 19 37853
61 20 10943
61 21 -8935
61 22 -1146
61 23 22783
61 24 20272
61 25 46033
61 26 32504
61 27 24513
61 28 -8343
61 29 18737
61 30 11193
61 31 35952
61 32 32823
61 33 10451
61 34 31072
61 35 40556
61 36 6479
61 37 12951
61 38 42742
61 39 42810
61 40 31465
61 41 14637
61 42 12631
61 43 8649
61 44 33127
61 45 17172
61 46 29593
61 47 3059
61 48 8047
61 49 31512
61 50 37311
61 51 27282
61 52 28085
61 53 41402
61 54 27266
61 55 48089
61 56 12151
61 57 20197
61 58 41929
61 59 35131
61 60 13441
61 62 4245
61 63 20136
61 64 -14319
61 65 53889
61 66 38842
61 67 30481
61 68 22613
61 69 -911
61 70 15869
61 71 17661
61 72 51002
61 73 16103
61 74 8294
61 75 27902
61 76 32724
62 1 -3866
62 2 -4041
62 3 18556
62 4 12854
62 5 10696
62 6 6246
62 7 28288
62 8 26898
62 9 20632
62 10 28614
62 11 25373
62 12 24608
62 13 25484
62 14 26786
62 15 23510
62 16 6883
62 17 17133
62 18 26434
62 19 30978
62 20 16392
62 21 -3913
62 22 -5291
62 23 10097
62 24 5788
62 25 30880
62 26 20424
62 27 19328
62 28 -11990
62 29 15929
62 30 4321
62 31 21783
62 32 17738
62 33 -4780
62 34 22586
62 35 31680
62 36 14040
62 37 17733
62 38 30783
62 39 28478
62 40 17058
62 41 6484
62 42 6314
62 43 -1169
62 44 17940
62 45 11748
62 46 21007
62 47 7032
62 48 6866
62 49 16968
62 50 22080
62 51 12574
62 52 21370
62 53 31632
62 54 23055
62 55 32861
62 56 1155
62 57 20085
62 58 29012
62 59 27364
62 60 22947
62 61 -7462
62 63 5434
62 64 -14130
62 65 42228
62 66 28174
62 67 20000
62 68 10803
62 69 10559
62 70 23749
62 71 27289
62 72 37304
62 73 978
62 74 3734
62 75 16368
62 76 20851
63 1 -3866
63 2 3966
63 3 7018
63 4 17136
63 5 22097
63 6 5529
63 7 28288
63 8 29622
63 9 11041
63 10 22723
63 11 23392
63 12 19014
63 13 32440
63 14 27798
63 15 33687
63 16 -5392
63 17 12051
63 18 12988
63 19 34152
63 20 28598
63 21 9846
63 22 4675
63 23 -1299
63 24 -8354
63 25 19132
63 26 18594
63 27 25903
63 28 2125
63 29 25374
63 30 13348
63 31 13071
63 32 6869
63 33 -8546
63 34 25925
63 35 32940
63 36 27486
63 37 30039
63 38 26742
63 39 20101
63 40 9419
63 41 3500
63 42 6922
63 43 -3500
63 44 6557
63 45 19387
63 46 23835
63 47 19957
63 48 18249
63 49 2826
63 50 9556
63 51 6276
63 52 26298
63 53 31182
63 54 28781
63 55 20240
63 56 -8494
63 57 29492
63 58 23837
63 59 28365
63 60 36478
63 61 6150
63 62 3155
63 64 -9848
63 65 38376
63 66 25555
63 67 21104
63 68 13787
63 69 24646
63 70 36792
63 71 40964
63 72 30534
63 73 5198
63 74 16095
63 75 17835
63 76 20851
64 1 6273
64 2 17172
64 3 32432
64 4 34067
64 5 28416
64 6 26060
64 7 49241
64 8 48112
64 9 36536
64 10 47464
64 11 46006
64 12 43367
64 13 45901
64 14 47961
64 15 41956
64 16 20100
64 17 35899
64 18 36109
64 19 52159
64 20 31683
64 21 10518
64 22 248
64 23 12826
64 24 12094
64 25 44034
64 26 40742
64 27 40081
64 28 4432
64 29 35669
64 30 25003
64 31 38554
64 32 32290
64 33 11772
64 34 43799
64 35 52837
64 36 27359
64 37 33417
64 38 50626
64 39 45487
64 40 34492
64 41 605
64 42 -841
64 43 -1169
64 44 31946
64 45 32399
64 46 42217
64 47 22817
64 48 25512
64 49 24648
64 50 34080
64 51 30318
64 52 42458
64 53 52583
64 54 43757
64 55 44201
64 56 -1428
64 57 39018
64 58 48196
64 59 48560
64 60 34380
64 61 -1670
64 62 10226
64 63 16787
64 65 62200
64 66 48658
64 67 41007
64 68 31774
64 69 19961
64 70 36890
64 71 38639
64 72 55516
64 73 18450
64 74 22889
64 75 37253
64 76 41502
65 1 43458
65 2 33648
65 3 30273
65 4 26996
65 5 35945
65 6 31740
65 7 12232
65 8 17038
65 9 7828
65 10 -7690
65 11 -19034
65 12 17414
65 13 27143
65 14 -4440
65 15 38800
65 16 33213
65 17 24010
65 18 28081
65 19 13517
65 20 38136
65 21 37750
65 22 48494
65 23 46796
65 24 24035
65 25 18541
65 26 17825
65 27 27021
65 28 37652
65 29 37170
65 30 34556
65 31 -14301
65 32 16539
65 33 32879
65 34 24302
65 35 13245
65 36 48173
65 37 43221
65 38 -13258
65 39 10839
65 40 15342
65 41 53451
65 42 56197
65 43 46089
65 44 24930
65 45 29387
65 46 18611
65 47 41416
65 48 37879
65 49 41191
65 50 20776
65 51 30991
65 52 23619
65 53 906
65 54 14126
65 55 19009
65 56 39576
65 57 29933
65 58 1923
65 59 -11219
65 60 52839
65 61 42819
65 62 42865
65 63 41292
65 64 38481
65 66 -23138
65 67 21816
65 68 34436
65 69 50947
65 70 49833
65 71 60259
65 72 15021
65 73 47408
65 74 44724
65 75 31127
65 76 30113
66 1 48921
66 2 38041
66 3 36985
66 4 30538
66 5 37734
66 6 36872
66 7 15319
66 8 18617
66 9 15042
66 10 -432
66 11 -18825
66 12 23621
66 13 27479
66 14 -6321
66 15 39521
66 16 39437
66 17 29824
66 18 35353
66 19 12972
66 20 38589
66 21 40850
66 22 53295
66 23 53136
66 24 31062
66 25 25792
66 26 22722
66 27 28728
66 28 41773
66 29 39396
66 30 38086
66 31 -7920
66 32 23607
66 33 38380
66 34 27059
66 35 14720
66 36 50113
66 37 44398
66 38 -6596
66 39 18025
66 40 21886
66 41 59299
66 42 61769
66 43 51802
66 44 31796
66 45 31966
66 46 21187
66 47 43844
66 48 40626
66 49 47912
66 50 28024
66 51 36826
66 52 25502
66 53 2111
66 54 13084
66 55 26052
66 56 45994
66 57 30098
66 58 8590
66 59 -16836
66 60 53729
66 61 46566
66 62 47605
66 63 47265
66 64 43733
66 65 -4344
66 67 25684
66 68 38921
66 69 53306
66 70 50432
66 71 61669
66 72 22053
66 73 52582
66 74 48442
66 75 35555
66 76 34725
67 1 18368
67 2 5832
67 3 16172
67 4 -1359
67 5 9862
67 6 6350
67 7 1666
67 8 1983
67 9 6922
67 10 6055
67 11 -1025
67 12 6661
67 13 8528
67 14 540
67 15 16020
67 16 13264
67 17 5112
67 18 23383
67 19 6485
67 20 14895
67 21 9452
67 22 21317
67 23 26251
67 24 11274
67 25 20609
67 26 -2150
67 27 3481
67 28 9464
67 29 10589
67 30 6128
67 31 2544
67 32 9277
67 33 8393
67 34 -313
67 35 5435
67 36 21282
67 37 18206
67 38 5825
67 39 11909
67 40 4058
67 41 29636
67 42 31196
67 43 21809
67 44 13268
67 45 2387
67 46 -3407
67 47 13875
67 48 10051
67 49 24754
67 50 16186
67 51 9827
67 52 1219
67 53 5006
67 54 2534
67 55 23831
67 56 19184
67 57 9392
67 58 6463
67 59 1202
67 60 27855
67 61 14414
67 62 15640
67 63 19023
67 64 12291
67 65 16819
67 66 1893
67 68 6941
67 69 23275
67 70 25764
67 71 34199
67 72 17584
67 73 21434
67 74 16295
67 75 3716
67 76 3875
68 1 7304
68 2 -5246
68 3 12794
68 4 -1079
68 5 7097
68 6 -2973
68 7 13041
68 8 12352
68 9 10063
68 10 14601
68 11 10130
68 12 11455
68 13 14226
68 14 11809
68 15 16893
68 16 5788
68 17 5029
68 18 21771
68 19 16759
68 20 13733
68 21 1316
68 22 9971
68 23 16940
68 24 5834
68 25 22443
68 26 5535
68 27 7704
68 28 -1130
68 29 8777
68 30 -1395
68 31 9340
68 32 9394
68 33 -1980
68 34 8194
68 35 16671
68 36 16058
68 37 15744
68 38 15947
68 39 16638
68 40 5846
68 41 18765
68 42 19992
68 43 10872
68 44 11201
68 45 1756
68 46 6404
68 47 8049
68 48 4458
68 49 17988
68 50 15607
68 51 4365
68 52 8133
68 53 16389
68 54 10594
68 55 25409
68 56 9625
68 57 12051
68 58 14855
68 59 12453
68 60 24319
68 61 4380
68 62 4277
68 63 9540
68 64 892
68 65 27273
68 66 12964
68 67 4775
68 69 16332
68 70 23339
68 71 29639
68 72 24159
68 73 10191
68 74 6887
68 75 1117
68 76 5770
69 1 21175
69 2 13551
69 3 42205
69 4 23042
69 5 2459
69 6 26410
69 7 38232
69 8 32847
69 9 41435
69 10 44341
69 11 35100
69 12 42543
69 13 23385
69 14 32210
69 15 14585
69 16 31711
69 17 36409
69 18 50976
69 19 34064
69 20 -1237
69 21 -8748
69 22 12279
69 23 35274
69 24 31313
69 25 53476
69 26 35146
69 27 21089
69 28 816
69 29 15216
69 30 13090
69 31 40239
69 32 40218
69 33 20026
69 34 30302
69 35 38900
69 36 -4749
69 37 2185
69 38 43815
69 39 47942
69 40 37218
69 41 28398
69 42 26560
69 43 21957
69 44 41226
69 45 15387
69 46 28606
69 47 -2584
69 48 5955
69 49 42502
69 50 45762
69 51 34365
69 52 25604
69 53 40213
69 54 21230
69 55 56184
69 56 25394
69 57 11851
69 58 44667
69 59 31146
69 60 -630
69 61 -8552
69 62 14625
69 63 30991
69 64 -329
69 65 54376
69 66 37941
69 67 31701
69 68 26924
69 70 2294
69 71 3694
69 72 54967
69 73 26458
69 74 12602
69 75 31127
69 76 35853
70 1 34062
70 2 22460
70 3 50243
70 4 25846
70 5 1975
70 6 33940
70 7 37176
70 8 30144
70 9 46242
70 10 45101
70 11 31947
70 12 46216
70 13 17438
70 14 27031
70 15 7753
70 16 41525
70 17 41782
70 18 59275
70 19 28657
70 20 -14105
70 21 2996
70 22 26958
70 23 48004
70 24 41861
70 25 59411
70 26 37679
70 27 18906
70 28 13623
70 29 15929
70 30 19209
70 31 42253
70 32 46718
70 33 30548
70 34 30079
70 35 36046
70 36 206
70 37 -3461
70 38 42775
70 39 51724
70 40 42375
70 41 42981
70 42 41511
70 43 35991
70 44 48737
70 45 16590
70 46 27755
70 47 3880
70 48 11042
70 49 53286
70 50 53116
70 51 41818
70 52 23681
70 53 37198
70 54 13526
70 55 62555
70 56 39002
70 57 3418
70 58 45919
70 59 24043
70 60 -10158
70 61 7373
70 62 26960
70 63 42282
70 64 15745
70 65 52407
70 66 34212
70 67 33335
70 68 33076
70 69 1439
70 71 2255
70 72 57532
70 73 38132
70 74 22370
70 75 35594
70 76 39721
71 1 28607
71 2 18619
71 3 47157
71 4 24747
71 5 1220
71 6 30877
71 7 38123
71 8 31743
71 9 44712
71 10 45431
71 11 34028
71 12 45091
71 13 20293
71 14 29954
71 15 10496
71 16 37566
71 17 39818
71 18 56178
71 19 31562
71 20 -8703
71 21 -2565
71 22 20603
71 23 42707
71 24 37666
71 25 57422
71 26 36970
71 27 19950
71 28 8008
71 29 15261
71 30 16404
71 31 42096
71 32 44387
71 33 26175
71 34 30441
71 35 37806
71 36 -4889
71 37 -2631
71 38 43911
71 39 50655
71 40 40593
71 41 36744
71 42 35070
71 43 30017
71 44 45914
71 45 15958
71 46 28448
71 47 -130
71 48 8254
71 49 48940
71 50 50437
71 51 38891
71 52 24747
71 53 39132
71 54 17389
71 55 60409
71 56 33288
71 57 7196
71 58 45970
71 59 27917
71 60 -9531
71 61 328
71 62 21663
71 63 37617
71 64 8657
71 65 53996
71 66 36612
71 67 32933
71 68 30539
71 69 -5998
71 70 -6582
71 72 57001
71 73 33194
71 74 17941
71 75 33861
71 76 38315
72 1 28050
72 2 21489
72 3 12503
72 4 18567
72 5 30417
72 6 18005
72 7 10260
72 8 16543
72 9 -9518
72 10 -10650
72 11 -5489
72 12 2207
72 13 26940
72 14 5034
72 15 36261
72 16 16310
72 17 9071
72 18 11063
72 19 18004
72 20 35366
72 21 28289
72 22 34501
72 23 29481
72 24 6018
72 25 3439
72 26 7425
72 27 23477
72 28 25607
72 29 31138
72 30 24931
72 31 -17734
72 32 -1453
72 33 17651
72 34 19302
72 35 14990
72 36 41528
72 37 38797
72 38 -4842
72 39 -6522
72 40 -1762
72 41 37001
72 42 40319
72 43 29983
72 44 6968
72 45 22928
72 46 14676
72 47 33850
72 48 29948
72 49 23340
72 50 3476
72 51 15388
72 52 20439
72 53 7202
72 54 17727
72 55 5935
72 56 22093
72 57 28990
72 58 -7219
72 59 3128
72 60 48433
72 61 31315
72 62 29324
72 63 24833
72 64 23180
72 65 6404
72 66 -5358
72 67 13964
72 68 22705
72 69 42921
72 70 46341
72 71 54647
72 73 32856
72 74 34045
72 75 20182
72 76 19106
73 1 -6727
73 2 -3306
73 3 13825
73 4 12736
73 5 13980
73 6 3590
73 7 26945
73 8 26543
73 9 16441
73 10 25506
73 11 23544
73 12 21367
73 13 26831
73 14 25972
73 15 26261
73 16 1941
73 17 13827
73 18 21472
73 19 30895
73 20 20157
73 21 683
73 22 -2308
73 23 5973
73 24 847
73 25 26231
73 26 18270
73 27 20407
73 28 -7079
73 29 18205
73 30 6128
73 31 17928
73 32 13210
73 33 -9530
73 34 22320
73 35 30839
73 36 18454
73 37 21524
73 38 28261
73 39 24603
73 40 13231
73 41 4789
73 42 5779
73 43 -3122
73 44 13268
73 45 13157
73 46 20593
73 47 11114
73 48 10051
73 49 12030
73 50 17256
73 51 8681
73 52 21784
73 53 30256
73 54 23974
73 55 28050
73 56 -2336
73 57 22510
73 58 26056
73 59 26628
73 60 27429
73 61 -2569
73 62 -5987
73 63 512
73 64 -12871
73 65 39806
73 66 26186
73 67 18829
73 68 9752
73 69 15427
73 70 27956
73 71 31855
73 72 33871
73 74 7335
73 75 15030
73 76 19106
74 1 5999
74 2 -5315
74 3 23386
74 4 7452
74 5 696
74 6 7580
74 7 23855
74 8 20698
74 9 22864
74 10 27540
74 11 21329
74 12 24608
74 13 16770
74 14 20914
74 15 13622
74 16 13364
74 17 17946
74 18 32265
74 19 24066
74 20 6578
74 21 -11503
74 22 2299
74 23 19564
74 24 13485
74 25 34649
74 26 18212
74 27 11193
74 28 -11990
74 29 6541
74 30 -3289
74 31 22493
74 32 21372
74 33 2014
74 34 16663
74 35 26170
74 36 5245
74 37 7935
74 38 28272
74 39 29709
74 40 18681
74 41 16396
74 42 15869
74 43 8816
74 44 22367
74 45 3529
74 46 15190
74 47 -2404
74 48 -3100
74 49 24799
74 50 26909
74 51 15502
74 52 14174
74 53 26903
74 54 14716
74 55 37319
74 56 11006
74 57 10354
74 58 27781
74 59 21154
74 60 14214
74 61 -8134
74 62 -987
74 63 13653
74 64 -6188
74 65 39366
74 66 24290
74 67 15934
74 68 8692
74 69 3815
74 70 14438
74 71 18846
74 72 37304
74 73 9579
74 75 13645
74 76 18490
75 1 11319
75 2 -821
75 3 12601
75 4 -2974
75 5 8368
75 6 -456
75 7 8633
75 8 8543
75 9 7504
75 10 10540
75 11 5660
75 12 8073
75 13 12234
75 14 7600
75 15 16815
75 16 7551
75 17 2845
75 18 21116
75 19 13054
75 20 14608
75 21 4766
75 22 14432
75 23 19845
75 24 6802
75 25 20468
75 26 1248
75 27 5972
75 28 3194
75 29 9404
75 30 1405
75 31 5799
75 32 7865
75 33 1496
75 34 4742
75 35 12478
75 36 18454
75 37 17051
75 38 11575
75 39 13558
75 40 3459
75 41 22645
75 42 24130
75 43 14795
75 44 10483
75 45 1594
75 46 2676
75 47 10582
75 48 6727
75 49 19530
75 50 14481
75 51 4728
75 52 5406
75 53 11978
75 54 7806
75 55 23607
75 56 12696
75 57 11318
75 58 10781
75 59 8261
75 60 26174
75 61 8563
75 62 8736
75 63 12482
75 64 5265
75 65 22858
75 66 8492
75 67 444
75 68 11
75 69 19429
75 70 24751
75 71 31855
75 72 20530
75 73 14363
75 74 10734
75 76 1490
END
NODE_CONSUMPTION
0 1 18
0 2 26
0 3 11
0 4 30
0 5 21
0 6 19
0 7 15
0 8 16
0 9 29
0 10 26
0 11 37
0 12 16
0 13 12
0 14 31
0 15 8
0 16 19
0 17 20
0 18 13
0 19 15
0 20 22
0 21 28
0 22 12
0 23 6
0 24 27
0 25 14
0 26 18
0 27 17
0 28 29
0 29 13
0 30 22
0 31 25
0 32 28
0 33 27
0 34 19
0 35 10
0 36 12
0 37 14
0 38 24
0 39 16
0 40 33
0 41 15
0 42 11
0 43 18
0 44 17
0 45 21
0 46 27
0 47 19
0 48 20
0 49 5
0 50 22
0 51 12
0 52 19
0 53 22
0 54 16
0 55 7
0 56 26
0 57 14
0 58 21
0 59 24
0 60 13
0 61 15
0 62 18
0 63 11
0 64 28
0 65 9
0 66 37
0 67 30
0 68 10
0 69 8
0 70 11
0 71 3
0 72 1
0 73 6
0 74 10
0 75 20
END
