NAME : ./data/ESPPRC - Test Instances/E-n76-k7_a.simplified-vrp
SIZE : 77
DIRECTED : 1
CYCLIC : 1
ORIGIN : 0
DESTINATION : 76
RESOURCES : 1
RES_NAMES : 0
RES_TYPE
0 CAP
END
RES_BOUND
0 0 220
END
EDGE_COST
0 1 15493
0 2 8327
0 3 13815
0 4 -614
0 5 16251
0 6 5143
0 7 9812
0 8 10215
0 9 11771
0 10 16581
0 11 15755
0 12 7158
0 13 16238
0 14 16329
0 15 18915
0 16 12333
0 17 3476
0 18 26410
0 19 15117
0 20 26313
0 21 14784
0 22 19410
0 23 22768
0 24 15185
0 25 23299
0 26 513
0 27 10263
0 28 13448
0 29 14896
0 30 8786
0 31 9286
0 32 13225
0 33 10011
0 34 5763
0 35 13813
0 36 24385
0 37 23954
0 38 16016
0 39 15195
0 40 5469
0 41 30587
0 42 30723
0 43 23911
0 44 14247
0 45 9001
0 46 5403
0 47 19682
0 48 13488
0 49 18725
0 50 18593
0 51 7008
0 52 7859
0 53 14288
0 54 11869
0 55 25092
0 56 21158
0 57 19682
0 58 12356
0 59 13610
0 60 32142
0 61 17585
0 62 14126
0 63 14444
0 64 20791
0 65 24095
0 66 21607
0 67 -1345
0 68 4864
0 69 24829
0 70 35987
0 71 33561
0 72 16275
0 73 15850
0 74 14178
0 75 -181
1 2 8327
1 3 17190
1 4 18735
1 5 24312
1 6 12202
1 7 35268
1 8 34628
1 9 25386
1 10 38120
1 11 40803
1 12 26855
1 13 35736
1 14 41677
1 15 31762
1 16 6953
1 17 20011
1 18 27925
1 19 39415
1 20 34264
1 21 11259
1 22 -1155
1 23 3913
1 24 7856
1 25 32354
1 26 25040
1 27 29222
1 28 3251
1 29 26722
1 30 15846
1 31 26923
1 32 22021
1 33 269
1 34 29050
1 35 39063
1 36 25455
1 37 30577
1 38 39696
1 39 31667
1 40 20447
1 41 5532
1 42 5284
1 43 -1271
1 44 19650
1 45 23979
1 46 29451
1 47 21618
1 48 18891
1 49 9522
1 50 23624
1 51 14348
1 52 29494
1 53 39720
1 54 33697
1 55 32143
1 56 275
1 57 34794
1 58 34404
1 59 38972
1 60 34570
1 61 4611
1 62 11
1 63 329
1 64 -3836
1 65 48042
1 66 46405
1 67 23750
1 68 17000
1 69 20753
1 70 40930
1 71 34455
1 72 35821
1 73 619
1 74 12289
1 75 20250
1 76 22604
2 1 4597
2 3 18375
2 4 5043
2 5 11176
2 6 4467
2 7 23455
2 8 21274
2 9 22652
2 10 30781
2 11 29982
2 12 20095
2 13 21191
2 14 28986
2 15 17789
2 16 10945
2 17 13662
2 18 31885
2 19 25767
2 20 21854
2 21 2753
2 22 5397
2 23 16463
2 24 15664
2 25 32542
2 26 15046
2 27 14724
2 28 -1017
2 29 12457
2 30 1468
2 31 22427
2 32 21435
2 33 2647
2 34 15562
2 35 26395
2 36 15362
2 37 18339
2 38 30575
2 39 27359
2 40 16066
2 41 19984
2 42 18841
2 43 13211
2 44 20258
2 45 9419
2 46 16155
2 47 10560
2 48 5872
2 49 17487
2 50 25531
2 51 10728
2 52 15350
2 53 27975
2 54 19288
2 55 33774
2 56 14013
2 57 20521
2 58 26590
2 59 26181
2 60 24484
2 61 3351
2 62 250
2 63 8575
2 64 7477
2 65 38646
2 66 35939
2 67 11628
2 68 4864
2 69 13543
2 70 29742
2 71 24881
2 72 29674
2 73 4454
2 74 1389
2 75 8524
2 76 11708
3 1 13059
3 2 17974
3 4 18315
3 5 33453
3 6 12202
3 7 25098
3 8 28404
3 9 3036
3 10 18901
3 11 26046
3 12 10307
3 13 35879
3 14 31246
3 15 37777
3 16 1917
3 17 7456
3 18 7803
3 19 32818
3 20 44187
3 21 26897
3 22 21384
3 23 11106
3 24 -3809
3 25 9473
3 26 14455
3 27 29843
3 28 21135
3 29 32816
3 30 23537
3 31 4751
3 32 -917
3 33 8970
3 34 25191
3 35 30151
3 36 39383
3 37 41142
3 38 22512
3 39 10327
3 40 1623
3 41 23763
3 42 26229
3 43 18497
3 44 -3369
3 45 27509
3 46 24373
3 47 34481
3 48 28997
3 49 2056
3 50 1441
3 51 5963
3 52 27451
3 53 27672
3 54 31024
3 55 9979
3 56 8996
3 57 39043
3 58 16563
3 59 27746
3 60 48289
3 61 25136
3 62 18336
3 63 7116
3 64 18226
3 65 30760
3 66 30372
3 67 17457
3 68 18393
3 69 37686
3 70 53014
3 71 48908
3 72 16177
3 73 17074
3 74 25579
3 75 17435
3 76 16795
4 1 16457
4 2 6495
4 3 20168
4 5 9279
4 6 7965
4 7 11481
4 8 8546
4 9 18780
4 10 21982
4 11 18223
4 12 13943
4 13 10677
4 14 16329
4 15 11960
4 16 16938
4 17 10414
4 18 33201
4 19 13109
4 20 19241
4 21 9512
4 22 18065
4 23 26096
4 24 20882
4 25 30368
4 26 6135
4 27 4158
4 28 10404
4 29 7859
4 30 3688
4 31 15502
4 32 20227
4 33 12132
4 34 2834
4 35 13813
4 36 17850
4 37 16938
4 38 20154
4 39 21989
4 40 12540
4 41 31942
4 42 31274
4 43 25142
4 44 20926
4 45 1930
4 46 3443
4 47 13372
4 48 7190
4 49 23790
4 50 25531
4 51 12455
4 52 3204
4 53 15782
4 54 7654
4 55 32163
4 56 24258
4 57 13045
4 58 17851
4 59 13479
4 60 25234
4 61 13715
4 62 12978
4 63 17578
4 64 20205
4 65 27827
4 66 24269
4 67 270
4 68 4864
4 69 18867
4 70 28961
4 71 26842
4 72 22585
4 73 16329
4 74 9989
4 75 2204
4 76 4219
5 1 23098
5 2 13692
5 3 36370
5 4 10343
5 6 22000
5 7 26084
5 8 19404
5 9 36770
5 10 38965
5 11 31600
5 12 31967
5 13 10230
5 14 26182
5 15 -226
5 16 30494
5 17 27972
5 18 49936
5 19 20570
5 20 2073
5 21 527
5 22 18829
5 23 36104
5 24 35275
5 25 48195
5 26 23960
5 27 8108
5 28 9329
5 29 3165
5 30 7884
5 31 33104
5 32 37690
5 33 22571
5 34 16379
5 35 25785
5 36 1329
5 37 -991
5 38 35780
5 39 40004
5 40 30378
5 41 37457
5 42 35101
5 43 31034
5 44 37676
5 45 6039
5 46 16584
5 47 -173
5 48 -57
5 49 37269
5 50 42725
5 51 28165
5 52 11745
5 53 28616
5 54 9037
5 55 49934
5 56 33250
5 57 3711
5 58 35076
5 59 21678
5 60 7233
5 61 6952
5 62 16765
5 63 28484
5 64 20499
5 65 42721
5 66 37410
5 67 17436
5 68 18985
5 69 4229
5 70 11035
5 71 9260
5 72 40380
5 73 23518
5 74 9178
5 75 19491
5 76 22148
6 1 6316
6 2 2311
6 3 10447
6 4 4357
6 5 17328
6 7 19015
6 8 19001
6 9 14132
6 10 23338
6 11 24613
6 12 12192
6 13 22694
6 14 25540
6 15 22388
6 16 5083
6 17 5414
6 18 24082
6 19 23910
6 20 28131
6 21 11196
6 22 11132
6 23 14187
6 24 9563
6 25 24057
6 26 8852
6 27 16108
6 28 7044
6 29 17073
6 30 7274
6 31 14226
6 32 12975
6 33 809
6 34 13791
6 35 22988
6 36 23169
6 37 24953
6 38 24018
6 39 19007
6 40 7606
6 41 21371
6 42 21561
6 43 14693
6 44 12070
6 45 12323
6 46 13921
6 47 18251
6 48 12721
6 49 12032
6 50 17336
6 51 2366
6 52 15095
6 53 23444
6 54 19563
6 55 25386
6 56 12456
6 57 24261
6 58 19282
6 59 22825
6 60 32014
6 61 11511
6 62 6083
6 63 5684
6 64 11911
6 65 32284
6 66 30316
6 67 7692
6 68 2683
6 69 21948
6 70 36768
6 71 32685
6 72 21736
6 73 6896
6 74 9830
6 75 4435
6 76 6368
7 1 29635
7 2 21552
7 3 23596
7 4 8126
7 5 21665
7 6 19268
7 8 1475
7 9 13802
7 10 9449
7 11 2411
7 12 10108
7 13 12886
7 14 2418
7 15 20348
7 16 25119
7 17 13442
7 18 32961
7 19 3874
7 20 28938
7 21 24972
7 22 33098
7 23 36160
7 24 25615
7 25 25904
7 26 4279
7 27 10871
7 28 26095
7 29 20540
7 30 19468
7 31 4380
7 32 19181
7 33 24097
7 34 5763
7 35 785
7 36 31479
7 37 28339
7 38 5369
7 39 15195
7 40 11327
7 41 44681
7 42 44864
7 43 38032
7 44 22700
7 45 14859
7 46 2285
7 47 27756
7 48 21941
7 49 30504
7 50 24422
7 51 19670
7 52 6366
7 53 218
7 54 4085
7 55 27387
7 56 34602
7 57 18963
7 58 6498
7 59 -396
7 60 36958
7 61 29525
7 62 27821
7 63 28139
7 64 34788
7 65 12472
7 66 8459
7 67 2704
7 68 18393
7 69 33466
7 70 39700
7 71 39627
7 72 13687
7 73 29947
7 74 25801
7 75 13220
7 76 11290
8 1 30261
8 2 20637
8 3 28168
8 4 6457
8 5 16251
8 6 20520
8 7 2741
8 9 20372
8 10 16388
8 11 6600
8 12 15956
8 13 5884
8 14 2418
8 15 13848
8 16 28088
8 17 17437
8 18 38821
8 19 -676
8 20 22437
8 21 21327
8 22 32182
8 23 38553
8 24 30091
8 25 32542
8 26 8466
8 27 5108
8 28 24161
8 29 15692
8 30 16940
8 31 11383
8 32 24977
8 33 25328
8 34 2834
8 35 785
8 36 26293
8 37 22352
8 38 11562
8 39 21989
8 40 16822
8 41 45665
8 42 45260
8 43 38893
8 44 27763
8 45 10670
8 46 -777
8 47 23170
8 48 17872
8 49 34220
8 50 30396
8 51 22646
8 52 788
8 53 3616
8 54 -2501
8 55 34144
8 56 36920
8 57 12095
8 58 13569
8 59 -602
8 60 30851
8 61 26733
8 62 27120
8 63 30162
8 64 34348
8 65 17967
8 66 12446
8 67 3710
8 68 18393
8 69 28770
8 70 33357
8 71 33936
8 72 20659
8 73 30234
8 74 23333
8 75 13819
8 76 12959
9 1 27253
9 2 28249
9 3 9034
9 4 22925
9 5 39851
9 6 21885
9 7 21302
9 8 26606
9 10 6233
9 11 16214
9 12 7117
9 13 36944
9 14 24582
9 15 41922
9 16 16454
9 17 11967
9 18 8787
9 19 29351
9 20 49751
9 21 36885
9 22 34996
9 23 25821
9 24 6888
9 25 353
9 26 14279
9 27 32396
9 28 32865
9 29 38469
9 30 31589
9 31 -10102
9 32 -1768
9 33 22207
9 34 26373
9 35 26149
9 36 47715
9 37 47544
9 38 11226
9 39 -3043
9 40 1176
9 41 38624
9 42 40979
9 43 33252
9 44 5714
9 45 32502
9 46 24455
9 47 42876
9 48 36781
9 49 15893
9 50 313
9 51 16187
9 52 28717
9 53 20685
9 54 29627
9 55 2082
9 56 23442
9 57 41952
9 58 6392
9 59 19474
9 60 55726
9 61 37286
9 62 30970
9 63 21697
9 64 32888
9 65 18873
9 66 18987
9 67 18765
9 68 26220
9 69 47474
9 70 59571
9 71 57021
9 72 4714
9 73 30248
9 74 35615
9 75 22896
9 76 20749
10 1 37576
10 2 33967
10 3 22488
10 4 23716
10 5 39635
10 6 28680
10 7 14538
10 8 20211
10 9 3822
10 11 1633
10 12 10886
10 13 31690
10 14 12296
10 15 39125
10 16 28428
10 17 18501
10 18 24097
10 19 20133
10 20 47681
10 21 40640
10 22 43814
10 23 39185
10 24 22273
10 25 13144
10 26 14455
10 27 29449
10 28 39182
10 29 38218
10 30 34580
10 31 -14368
10 32 13225
10 33 31767
10 34 23620
10 35 17717
10 36 49002
10 37 46719
10 38 -3910
10 39 4496
10 40 10195
10 41 50788
10 42 52351
10 43 44794
10 44 19804
10 45 32222
10 46 20624
10 47 44727
10 48 38578
10 49 30252
10 50 15837
10 51 25118
10 52 25022
10 53 9109
10 54 21647
10 55 12931
10 56 37259
10 57 37829
10 58 -1644
10 59 5258
10 60 55358
10 61 43484
10 62 38839
10 63 33266
10 64 43703
10 65 3242
10 66 3400
10 67 17785
10 68 30645
10 69 50267
10 70 58317
10 71 57627
10 72 3469
10 73 39200
10 74 40178
10 75 25819
10 76 23148
11 1 44240
11 2 37149
11 3 33614
11 4 23938
11 5 36251
11 6 33936
11 7 11481
11 8 14404
11 9 17784
11 10 5614
11 12 19488
11 13 24483
11 14 -844
11 15 33305
11 16 37605
11 17 25828
11 18 38396
11 19 10093
11 20 41716
11 21 40640
11 22 48536
11 23 48872
11 24 34851
11 25 28070
11 26 18031
11 27 25108
11 28 41857
11 29 35572
11 30 35272
11 31 -1421
11 32 26135
11 33 38435
11 34 21258
11 35 10785
11 36 46288
11 37 42187
11 38 -2848
11 39 18329
11 40 20482
11 41 58796
11 42 59469
11 43 52329
11 44 31644
11 45 30214
11 46 17568
11 47 43005
11 48 37425
11 49 41428
11 50 29911
11 51 32733
11 52 20736
11 53 -384
11 54 11683
11 55 27943
11 56 47249
11 57 30798
11 58 8167
11 59 -9776
11 60 50535
11 61 45335
11 62 43243
11 63 41580
11 64 49890
11 65 -457
11 66 -7348
11 67 18350
11 68 33819
11 69 48671
11 70 52808
11 71 53869
11 72 16275
11 73 44883
11 74 41612
11 75 28584
11 76 26303
12 1 21817
12 2 18787
12 3 9400
12 4 11183
12 5 28143
12 6 13040
12 7 10703
12 8 15285
12 9 212
12 10 6392
12 11 11013
12 13 25062
12 14 16185
12 15 29896
12 16 13435
12 17 2694
12 18 18000
12 19 18874
12 20 37813
12 21 26540
12 22 28047
12 23 24625
12 24 11169
12 25 12261
12 26 2240
12 27 20357
12 28 23933
12 29 26689
12 30 20717
12 31 -2504
12 32 4174
12 33 15977
12 34 14364
12 35 15810
12 36 36467
12 37 35767
12 38 8299
12 39 3130
12 40 -3574
12 41 35401
12 42 36713
12 43 29237
12 44 7949
12 45 20666
12 46 12581
12 47 31756
12 48 25568
12 49 17074
12 50 9527
12 51 9379
12 52 16739
12 53 12497
12 54 18376
12 55 14067
12 56 22945
12 57 29923
12 58 2652
12 59 12527
12 60 44102
12 61 28362
12 62 23166
12 63 17890
12 64 27939
12 65 16679
12 66 15786
12 67 6724
12 68 15832
12 69 36802
12 70 47765
12 71 45620
12 72 4659
12 73 23394
12 74 25579
12 75 11685
12 76 9231
13 1 32096
13 2 21281
13 3 36370
13 4 9315
13 5 7804
13 6 24940
13 7 14879
13 8 6611
13 9 31437
13 10 28594
13 11 17406
13 12 26460
13 14 10526
13 15 2712
13 16 33929
13 17 25778
13 18 48533
13 19 4708
13 20 10921
13 21 15914
13 22 31186
13 23 42861
13 24 37628
13 25 43592
13 26 18137
13 27 1179
13 28 21948
13 29 9911
13 30 15492
13 31 23578
13 32 34884
13 33 28704
13 34 8763
13 35 12338
13 36 17528
13 37 12038
13 38 23528
13 39 33442
13 40 26668
13 41 47493
13 42 46132
13 43 40724
13 44 36643
13 45 7859
13 46 7261
13 47 16080
13 48 12671
13 49 40744
13 50 40389
13 51 29205
13 52 2261
13 53 14703
13 54 -7340
13 55 45348
13 56 40882
13 57 48
13 58 25658
13 59 5274
13 60 19939
13 61 22300
13 62 27106
13 63 34380
13 64 33537
13 65 29472
13 66 22708
13 67 11655
13 68 21667
13 69 20708
13 70 22051
13 71 23886
13 72 32456
13 73 31922
13 74 20805
13 75 18910
13 76 19709
14 1 43188
14 2 34227
14 3 36888
14 4 20118
14 5 28907
14 6 32937
14 7 9562
14 8 8296
14 9 24226
14 10 14351
14 11 -2770
14 12 22734
14 13 15677
14 15 24712
14 16 38982
14 17 27194
14 18 44533
14 19 708
14 20 32729
14 21 35028
14 22 45847
14 23 50052
14 24 38803
14 25 35598
14 26 18137
14 27 18150
14 28 38025
14 29 29030
14 30 30827
14 31 8537
14 32 31221
14 33 37814
14 34 16572
14 35 5684
14 36 38955
14 37 33986
14 38 6583
14 39 24974
14 40 24084
14 41 58383
14 42 58356
14 43 51687
14 44 35607
14 45 24406
14 46 12824
14 47 36437
14 48 31498
14 49 44142
14 50 35922
14 51 33553
14 52 14333
14 53 -1384
14 54 1613
14 55 36266
14 56 48494
14 57 21654
14 58 14560
14 59 -14179
14 60 41913
14 61 40596
14 62 40683
14 63 42013
14 64 47872
14 65 10164
14 66 1183
14 67 15942
14 68 31525
14 69 41808
14 70 43919
14 71 45822
14 72 22825
14 73 43338
14 74 37224
14 75 26551
14 76 24951
15 1 30087
15 2 19844
15 3 40233
15 4 12563
15 5 -687
15 6 26599
15 7 24306
15 8 16540
15 9 38380
15 10 37994
15 11 28193
15 12 33259
15 13 4677
15 14 21526
15 16 35637
15 17 30642
15 18 53435
15 19 15708
15 20 313
15 21 8584
15 22 26639
15 23 42540
15 24 40238
15 25 50265
15 26 24844
15 27 6315
15 28 17093
15 29 6655
15 30 13573
15 31 32717
15 32 40427
15 33 28553
15 34 15763
15 35 22711
15 36 7404
15 37 1158
15 38 33688
15 39 41000
15 40 32558
15 41 44840
15 42 42706
15 43 38292
15 44 41139
15 45 8275
15 46 15318
15 47 7756
15 48 7190
15 49 42577
15 50 45770
15 51 32212
15 52 9842
15 53 25350
15 54 2570
15 55 52092
15 56 40005
15 57 -4253
15 58 34546
15 59 15983
15 60 8975
15 61 14974
15 62 24014
15 63 34509
15 64 28474
15 65 40011
15 66 33632
15 67 18029
15 68 23216
15 69 10790
15 70 11248
15 71 12971
15 72 40659
15 73 30234
15 74 16539
15 75 22373
15 76 24351
16 1 4073
16 2 11795
16 3 3168
16 4 16336
16 5 28828
16 6 8089
16 7 27872
16 8 29575
16 9 11707
16 10 26092
16 11 31288
16 12 15593
16 13 34689
16 14 34591
16 15 34432
16 17 9836
16 18 14848
16 19 34428
16 20 39633
16 21 20016
16 22 12533
16 23 4189
16 24 -2299
16 25 18341
16 26 16791
16 27 28167
16 28 13346
16 29 29030
16 30 18634
16 31 13409
16 32 8050
16 33 809
16 34 25038
16 35 32555
16 36 33291
16 37 36232
16 38 28789
16 39 18466
16 40 7970
16 41 15376
16 42 17458
16 43 9741
16 44 5631
16 45 24473
16 46 24817
16 47 28561
16 48 23759
16 49 -126
16 50 9792
16 51 4507
16 52 26778
16 53 31578
16 54 31121
16 55 18401
16 56 2597
16 57 36415
16 58 22966
16 59 31627
16 60 42475
16 61 16892
16 62 10123
16 63 -1834
16 64 9354
16 65 37160
16 66 36284
16 67 18009
16 68 14847
16 69 30652
16 70 47756
16 71 42777
16 72 23444
16 73 8650
16 74 19017
16 75 15845
16 76 16564
17 1 14634
17 2 12015
17 3 6210
17 4 7315
17 5 23809
17 6 5923
17 7 13698
17 8 16427
17 9 4723
17 10 13668
17 11 17014
17 12 2355
17 13 24041
17 14 20306
17 15 26940
17 16 7339
17 18 18357
17 19 20983
17 20 34141
17 21 20383
17 22 20776
17 23 18586
17 24 8068
17 25 15669
17 26 2676
17 27 18274
17 28 17004
17 29 22630
17 30 15059
17 31 4240
17 32 5234
17 33 8760
17 34 13227
17 35 18589
17 36 31241
17 37 31561
17 38 15167
17 39 9113
17 40 -1965
17 41 28557
17 42 29640
17 43 22253
17 44 6280
17 45 16882
17 46 12334
17 47 26371
17 48 20331
17 49 12494
17 50 10544
17 51 2366
17 52 15557
17 53 17170
17 54 18982
17 55 17379
17 56 17011
17 57 27739
17 58 9820
17 59 17250
17 60 39481
17 61 21469
17 62 15952
17 63 11188
17 64 20732
17 65 23536
17 66 22250
17 67 5436
17 68 9667
17 69 30929
17 70 43592
17 71 40608
17 72 11784
17 73 16115
17 74 19178
17 75 6718
17 76 5210
18 1 26438
18 2 34128
18 3 10447
18 4 33992
18 5 49663
18 6 28481
18 7 37107
18 8 41701
18 9 5433
18 10 23154
18 11 33472
18 12 21551
18 13 50686
18 14 41535
18 15 53623
18 16 16241
18 17 22247
18 19 45308
18 20 60346
18 21 42933
18 22 35235
18 23 19454
18 24 -4798
18 25 1371
18 26 27956
18 27 45098
18 28 36640
18 29 48888
18 30 39811
18 31 1910
18 32 4363
18 33 24113
18 34 39774
18 35 42175
18 36 55630
18 37 57375
18 38 28384
18 39 14212
18 40 13167
18 41 33467
18 42 37080
18 43 29677
18 44 8053
18 45 43408
18 46 38495
18 47 50739
18 48 45274
18 49 8902
18 50 -5089
18 51 22212
18 52 42183
18 53 37627
18 54 44758
18 55 -3298
18 56 15141
18 57 54567
18 58 23613
18 59 36713
18 60 64565
18 61 40175
18 62 33442
18 63 20314
18 64 29131
18 65 35796
18 66 35968
18 67 31896
18 68 34598
18 69 53685
18 70 69274
18 71 65157
18 72 21965
18 73 31949
18 74 41686
18 75 33178
18 76 32034
19 1 37744
19 2 27826
19 3 35278
19 4 13716
19 5 20113
19 6 28125
19 7 7836
19 8 2020
19 9 25813
19 10 19006
19 11 4985
19 12 22241
19 13 6677
19 14 -2474
19 15 15712
19 16 35637
19 17 24689
19 18 45124
19 20 23777
19 21 26846
19 22 39206
19 23 46164
19 24 37276
19 25 37817
19 26 15525
19 27 9760
19 28 30802
19 29 20623
19 30 23537
19 31 13951
19 32 31332
19 33 32913
19 34 10185
19 35 3065
19 36 30112
19 37 24999
19 38 12521
19 39 27010
19 40 23389
19 41 53182
19 42 52663
19 43 46399
19 44 34631
19 45 16492
19 46 6753
19 47 27870
19 48 23286
19 49 41644
19 50 36587
19 51 30168
19 52 6523
19 53 3018
19 54 -6548
19 55 39128
19 56 44535
19 57 12717
19 58 17416
19 59 -6920
19 60 32920
19 61 32747
19 62 34286
19 63 37778
19 64 41481
19 65 17532
19 66 9887
19 67 11298
19 68 25886
19 69 33073
19 70 34956
19 71 36841
19 72 25206
19 73 37672
19 74 29787
19 75 21416
19 76 20557
20 1 34758
20 2 26078
20 3 48812
20 4 22013
20 5 3781
20 6 34511
20 7 35065
20 8 27298
20 9 48378
20 10 48719
20 11 38773
20 12 43345
20 13 15055
20 14 31712
20 15 2482
20 16 43007
20 17 40012
20 18 62327
20 19 25942
20 21 9512
20 22 29008
20 23 48137
20 24 47791
20 25 60064
20 26 35038
20 27 16933
20 28 19997
20 29 14896
20 30 20410
20 31 43375
20 32 49817
20 33 34927
20 34 26292
20 35 33428
20 36 3928
20 37 -1979
20 38 44452
20 39 51246
20 40 42239
20 41 48435
20 42 45654
20 43 42270
20 44 50031
20 45 17486
20 46 25988
20 47 8787
20 48 12185
20 49 49747
20 50 54979
20 51 40617
20 52 20550
20 53 36001
20 54 11869
20 55 61862
20 56 44996
20 57 4542
20 58 45195
20 59 25351
20 60 -927
20 61 14399
20 62 28262
20 63 40786
20 64 29567
20 65 50713
20 66 44066
20 67 28270
20 68 31422
20 69 6334
20 70 756
20 71 5138
20 72 51130
20 73 35496
20 74 20861
20 75 31532
20 76 33918
21 1 13807
21 2 9031
21 3 33576
21 4 14338
21 5 4289
21 6 19630
21 7 33153
21 8 28242
21 9 37566
21 10 43732
21 11 39751
21 12 34126
21 13 22102
21 14 36065
21 15 12807
21 16 25444
21 17 28308
21 18 46968
21 19 31065
21 20 11566
21 22 6996
21 23 27632
21 24 29683
21 25 47763
21 26 27566
21 27 17815
21 28 -1580
21 29 11721
21 30 7506
21 31 36505
21 32 36672
21 33 16290
21 34 23422
21 35 34386
21 36 1719
21 37 8063
21 38 42175
21 39 41875
21 40 30887
21 41 26601
21 42 23671
21 43 20657
21 44 35512
21 45 12887
21 46 24056
21 47 -919
21 48 1816
21 49 31262
21 50 40776
21 51 25980
21 52 20643
21 53 36970
21 54 21085
21 55 49036
21 56 23846
21 57 16743
21 58 39526
21 59 32436
21 60 10807
21 61 -6019
21 62 7417
21 63 21494
21 64 7862
21 65 49787
21 66 45787
21 67 22287
21 68 18465
21 69 -1717
21 70 17317
21 71 10736
21 72 43513
21 73 15482
21 74 2240
21 75 21150
21 76 24443
22 1 -114
22 2 10168
22 3 26556
22 4 21384
22 5 21084
22 6 18059
22 7 39772
22 8 37590
22 9 34170
22 10 45399
22 11 46140
22 12 34126
22 13 35867
22 14 45377
22 15 29355
22 16 16454
22 17 27194
22 18 37763
22 19 41918
22 20 29555
22 21 5489
22 23 12596
22 24 17560
22 25 41845
22 26 30679
22 27 29913
22 28 -1580
22 29 25526
22 30 15869
22 31 35376
22 32 31221
22 33 8207
22 34 31888
22 35 42796
22 36 19439
22 37 25997
22 38 46099
22 39 40004
22 40 28543
22 41 8912
22 42 5699
22 43 3683
22 44 28986
22 45 24270
22 46 32511
22 47 16839
22 48 16281
22 49 19307
22 50 33296
22 51 22136
22 52 31254
22 53 44313
22 54 34499
22 55 41869
22 56 7320
22 57 32941
22 58 41397
22 59 42548
22 60 27926
22 61 -4442
22 62 -173
22 63 10111
22 64 -8620
22 65 54319
22 66 52020
22 67 27940
22 68 20908
22 69 13098
22 70 35067
22 71 27692
22 72 43513
22 73 6279
22 74 9830
22 75 24604
22 76 27562
23 1 2567
23 2 18847
23 3 13891
23 4 27028
23 5 35972
23 6 18727
23 7 40447
23 8 41574
23 9 22608
23 10 38383
23 11 44089
23 12 28317
23 13 45155
23 14 47195
23 15 42869
23 16 5723
23 17 22617
23 18 19595
23 19 46489
23 20 46297
23 21 23738
23 22 10209
23 24 -2427
23 25 26554
23 26 29416
23 27 38515
23 28 15766
23 29 37506
23 30 26530
23 31 24178
23 32 18334
23 33 7240
23 34 36567
23 35 44978
23 36 37894
23 37 42633
23 38 41435
23 39 30050
23 40 20396
23 41 5397
23 42 9214
23 43 2317
23 44 15992
23 45 33910
23 46 36602
23 47 33866
23 48 30528
23 49 704
23 50 17195
23 51 17058
23 52 37864
23 53 44313
23 54 42339
23 55 24678
23 56 -10173
23 57 45513
23 58 35542
23 59 44307
23 60 47056
23 61 16653
23 62 12381
23 63 1303
23 64 1124
23 65 49787
23 66 49027
23 67 30040
23 68 25043
23 69 33259
23 70 53279
23 71 46962
23 72 35659
23 73 11726
23 74 24261
23 75 27183
23 76 28533
24 1 15844
24 2 27382
24 3 8310
24 4 31148
24 5 44477
24 6 23437
24 7 39236
24 8 42446
24 9 13009
24 10 30805
24 11 39402
24 12 24195
24 13 49256
24 14 45280
24 15 49901
24 16 8569
24 17 21433
24 18 4677
24 19 46935
24 20 55285
24 21 35123
24 22 24507
24 23 6907
24 25 13316
24 26 28562
24 27 42944
24 28 27830
24 29 44561
24 30 34280
24 31 12982
24 32 9049
24 33 15808
24 34 38868
24 35 44293
24 36 48707
24 37 51880
24 38 35231
24 39 21435
24 40 15369
24 41 20828
24 42 24737
24 43 17653
24 44 8497
24 45 39781
24 46 38234
24 47 44069
24 48 39402
24 49 -2275
24 50 4175
24 51 18324
24 52 40982
24 53 41616
24 54 44883
24 55 9832
24 56 2024
24 57 51670
24 58 29477
24 59 41599
24 60 57940
24 61 30362
24 62 24292
24 63 10468
24 64 16612
24 65 43246
24 66 43173
24 67 31283
24 68 30157
24 69 45518
24 70 63356
24 71 58141
24 72 28416
24 73 22820
24 74 34402
24 75 30360
24 76 30284
25 1 32334
25 2 36252
25 3 13584
25 4 32626
25 5 49389
25 6 29923
25 7 31517
25 8 36889
25 9 -1534
25 10 13668
25 11 24613
25 12 17279
25 13 47212
25 14 34067
25 15 51920
25 16 21201
25 17 21026
25 18 2838
25 19 39468
25 20 59550
25 21 45195
25 22 40784
25 23 27880
25 24 5308
25 26 24430
25 27 42523
25 28 40197
25 29 48119
25 30 40511
25 31 -9383
25 32 3104
25 33 28346
25 34 36567
25 35 36282
25 36 56739
25 37 57130
25 38 19157
25 39 6435
25 40 10432
25 41 41617
25 42 44694
25 43 37032
25 44 10123
25 45 42240
25 46 34720
25 47 51832
25 48 45881
25 49 17130
25 50 -2843
25 51 23694
25 52 38939
25 53 30255
25 54 39886
25 55 -8114
25 56 24518
25 57 52109
25 58 15701
25 59 28191
25 60 65092
25 61 44384
25 62 37645
25 63 26215
25 64 36813
25 65 26013
25 66 26164
25 67 28879
25 68 35027
25 69 55942
25 70 69167
25 71 66158
25 72 14098
25 73 36465
25 74 43827
25 75 32287
25 76 30390
26 1 20647
26 2 14383
26 3 14193
26 4 4020
26 5 20781
26 6 10345
26 7 5519
26 8 8440
26 9 8019
26 10 10606
26 11 10201
26 12 2885
26 13 17384
26 14 12233
26 15 22126
26 16 15278
26 17 3660
26 18 25050
26 19 12803
26 20 30151
26 21 20625
26 22 25245
26 23 26369
26 24 16181
26 25 20057
26 27 12547
26 28 19527
26 29 19282
26 30 14568
26 31 3801
26 32 11269
26 33 14879
26 34 6580
26 35 10345
26 36 29554
26 37 28297
26 38 9971
26 39 10638
26 40 3032
26 41 35364
26 42 35885
26 43 28818
26 44 13731
26 45 13217
26 46 4993
26 47 25036
26 48 18834
26 49 20737
26 50 16768
26 51 9855
26 52 8981
26 53 9420
26 54 11326
26 55 21871
26 56 24813
26 57 22114
26 58 6392
26 59 9323
26 60 36760
26 61 23662
26 62 19996
26 63 18484
26 64 26328
26 65 18104
26 66 15901
26 67 -1073
26 68 10926
26 69 30419
26 70 40242
26 71 38513
26 72 10891
26 73 21311
26 74 20197
26 75 5874
26 76 3231
27 1 25151
27 2 14383
27 3 29903
27 4 2365
27 5 5251
27 6 17923
27 7 12433
27 8 5404
27 9 26458
27 10 25922
27 11 17600
27 12 21324
27 13 748
27 14 12568
27 15 3919
27 16 26976
27 17 19580
27 18 42514
27 19 7360
27 20 12368
27 21 11196
27 22 24801
27 23 35790
27 24 30885
27 25 38472
27 26 12869
27 28 15840
27 29 5001
27 30 8890
27 31 20552
27 32 29100
27 33 21635
27 34 3573
27 35 11785
27 36 15300
27 37 11585
27 38 22075
27 39 28903
27 40 21009
27 41 40591
27 42 39375
27 43 33806
27 44 30401
27 45 1262
27 46 3167
27 47 12403
27 48 7637
27 49 33840
27 50 34562
27 51 22439
27 52 -2160
27 53 14616
27 54 -1258
27 55 40294
27 56 33816
27 57 3711
27 58 22373
27 59 8732
27 60 20196
27 61 17189
27 62 20418
27 63 27311
27 64 27185
27 65 28818
27 66 23425
27 67 6076
27 68 14613
27 69 17880
27 70 22987
27 71 23011
27 72 28461
27 73 24966
27 74 14696
27 75 12116
27 76 13303
28 1 4355
28 2 3817
28 3 26370
28 4 13786
28 5 11647
28 6 14034
28 7 32832
28 8 29632
28 9 32102
28 10 40830
28 11 39524
28 12 30075
28 13 26692
28 14 37618
28 15 19872
28 16 17330
28 17 23485
28 18 39231
28 19 33577
28 20 20607
28 21 -3024
28 22 -1517
28 23 18216
28 24 20946
28 25 41321
28 26 25024
28 27 21015
28 29 16180
28 30 7274
28 31 32311
28 32 30238
28 33 8018
28 34 24065
28 35 35231
28 36 11204
28 37 16958
28 38 40510
28 39 37117
28 40 25693
28 41 17374
28 42 14754
28 43 11256
28 44 28559
28 45 15377
28 46 24752
28 47 7789
28 48 6800
28 49 22482
28 50 33632
28 51 19733
28 52 22786
28 53 37234
28 54 25458
28 55 42172
28 56 14360
28 57 23457
28 58 36639
28 59 34596
28 60 20260
28 61 -6599
28 62 -1832
28 63 12601
28 64 604
28 65 48517
28 66 45538
28 67 21127
28 68 14847
28 69 6675
28 70 26772
28 71 20137
28 72 39659
28 73 6548
28 74 581
28 75 18406
28 76 21663
29 1 20302
29 2 9767
29 3 30527
29 4 3717
29 5 -2041
29 6 16539
29 7 19753
29 8 13639
29 9 30182
29 10 32342
29 11 25715
29 12 25307
29 13 7131
29 14 21099
29 15 1910
29 16 25490
29 17 21587
29 18 43955
29 19 15874
29 20 7982
29 21 2753
29 22 18065
29 23 32432
29 24 30153
29 25 41719
29 26 17255
29 27 2652
29 28 8656
29 30 3468
29 31 26409
29 32 31382
29 33 18380
29 34 9905
29 35 19972
29 36 7404
29 37 5539
29 38 29401
29 39 33331
29 40 23885
29 41 35352
29 42 33551
29 43 28695
29 44 31644
29 45 -669
29 46 10254
29 47 3936
29 48 -725
29 49 32415
29 50 36545
29 51 22383
29 52 5883
29 53 22761
29 54 6063
29 55 43494
29 56 30007
29 57 4542
29 58 28412
29 59 17239
29 60 13935
29 61 8963
29 62 14569
29 63 24332
29 64 20323
29 65 36517
29 66 31643
29 67 10734
29 68 13236
29 69 9557
29 70 17560
29 71 15872
29 72 33672
29 73 20314
29 74 7594
29 75 13098
29 76 15587
30 1 11415
30 2 767
30 3 23237
30 4 1535
30 5 4667
30 6 8729
30 7 20670
30 8 16876
30 9 25291
30 10 30693
30 11 27404
30 12 21324
30 13 14701
30 14 24885
30 15 10817
30 16 17083
30 17 16005
30 18 36867
30 19 20777
30 20 15485
30 21 527
30 22 10397
30 23 23445
30 24 21861
30 25 36100
30 26 14530
30 27 8530
30 28 1739
30 29 5457
30 31 23598
30 32 25226
30 33 9470
30 34 11415
30 35 22618
30 36 10695
30 37 12186
30 38 29290
30 39 29235
30 40 18622
30 41 26632
30 42 25117
30 43 19914
30 44 24744
30 45 2921
30 46 12112
30 47 5794
30 48 -57
30 49 23896
30 50 29948
30 51 15068
30 52 9996
30 53 24858
30 54 13152
30 55 37666
30 56 21010
30 57 13527
30 58 26488
30 59 21806
30 60 19289
30 61 4541
30 62 6083
30 63 15428
30 64 12779
30 65 37025
30 66 33455
30 67 9395
30 68 6186
30 69 10553
30 70 23962
30 71 20137
30 72 30587
30 73 11359
30 74 886
30 75 8221
30 76 11466
31 1 44782
31 2 44016
31 3 26741
31 4 35639
31 5 52177
31 6 37971
31 7 27872
31 8 33609
31 9 5890
31 10 4035
31 11 13001
31 12 20393
31 13 45077
31 14 24885
31 15 52251
31 16 34148
31 17 27476
31 18 21256
31 19 33481
31 20 60740
31 21 51816
31 22 52194
31 23 43383
31 24 22853
31 25 8496
31 26 26053
31 27 42482
31 28 49066
31 29 50688
31 30 45888
31 32 15719
31 33 39472
31 34 36469
31 35 31169
31 36 61172
31 37 59481
31 38 7958
31 39 8865
31 40 17346
31 41 56336
31 42 58685
31 43 50962
31 44 23363
31 45 44628
31 46 33669
31 47 56647
31 48 50439
31 49 33139
31 50 14523
31 51 33017
31 52 38135
31 53 22226
31 54 35060
31 55 4506
31 56 40794
31 57 51145
31 58 10714
31 59 15995
31 60 68077
31 61 53529
31 62 47774
31 63 39380
31 64 50559
31 65 12397
31 66 11678
31 67 30040
31 68 41150
31 69 61931
31 70 71235
31 71 70058
31 72 12151
31 73 47388
31 74 50897
31 75 36844
31 76 34256
32 1 21037
32 2 24181
32 3 2230
32 4 21521
32 5 37920
32 6 17877
32 7 23830
32 8 28360
32 9 -4619
32 10 12785
32 11 21714
32 12 8228
32 13 37540
32 14 28726
32 15 41118
32 16 9946
32 17 9627
32 18 4866
32 19 32019
32 20 48339
32 21 33140
32 22 29196
32 23 18696
32 24 77
32 25 2140
32 26 14678
32 27 32187
32 28 28150
32 29 36818
32 30 28673
32 31 -3124
32 33 16538
32 34 26634
32 35 28921
32 36 44879
32 37 45678
32 38 17268
32 39 3464
32 40 -129
32 41 31715
32 42 34277
32 43 26546
32 44 -1270
32 45 31094
32 46 25239
32 47 39958
32 48 34103
32 49 8682
32 50 -3473
32 51 11615
32 52 29058
32 53 24858
32 54 31423
32 55 3475
32 56 16245
32 57 41753
32 58 11669
32 59 24435
32 60 53412
32 61 32392
32 62 25721
32 63 15170
32 64 26287
32 65 25229
32 66 25197
32 67 18765
32 68 23196
32 69 43902
32 70 57692
32 71 54341
32 72 10424
32 73 24662
32 74 31768
32 75 20902
32 76 19352
33 1 -1901
33 2 4207
33 3 10931
33 4 12240
33 5 21615
33 6 4525
33 7 27560
33 8 27525
33 9 18170
33 10 30141
33 11 32828
33 12 18845
33 13 30174
33 14 34133
33 15 28058
33 16 1519
33 17 11967
33 18 23430
33 19 32414
33 20 32263
33 21 11572
33 22 4996
33 23 6416
33 24 5650
33 25 26196
33 26 17102
33 27 23536
33 28 4744
33 29 22630
33 30 11731
33 31 19443
33 32 15352
33 34 22164
33 35 31590
33 36 25117
33 37 28708
33 38 31634
33 39 24091
33 40 12705
33 41 12791
33 42 13255
33 43 6163
33 44 13278
33 45 18880
33 46 22401
33 47 20541
33 48 16281
33 49 7297
33 50 18066
33 51 6403
33 52 23128
33 53 31927
33 54 27570
33 55 26677
33 56 4392
33 57 30555
33 58 26371
33 59 31414
33 60 34361
33 61 8431
33 62 1614
33 63 -1834
33 64 4180
33 65 39980
33 66 38381
33 67 16292
33 68 10233
33 69 22121
33 70 39933
33 71 34540
33 72 27939
33 73 333
33 74 10821
33 75 12944
33 76 14952
34 1 23324
34 2 13566
34 3 23596
34 4 -614
34 5 11867
34 6 13951
34 7 5670
34 8 1475
34 9 18780
34 10 18438
34 11 12095
34 12 13676
34 13 6677
34 14 9335
34 15 11712
34 16 22192
34 17 12878
34 18 35535
34 19 6130
34 20 20072
34 21 15148
34 22 25121
34 23 32187
34 24 25154
34 25 30861
34 26 5247
34 27 1918
34 28 17235
34 29 10599
34 30 10120
34 31 12884
34 32 21892
34 33 18608
34 35 6965
34 36 21544
34 37 18864
34 38 15263
34 39 21118
34 40 13688
34 41 38770
34 42 38254
34 43 31983
34 44 23714
34 45 4859
34 46 -3541
34 47 17756
34 48 11977
34 49 28707
34 50 27395
34 51 16987
34 52 -1811
34 53 9336
34 54 1879
34 55 32666
34 56 30483
34 57 11353
34 58 14717
34 59 6432
34 60 27501
34 61 20121
34 62 20049
34 63 23706
34 64 27276
34 65 22472
34 66 18129
34 67 -1345
34 68 11476
34 69 23466
34 70 30533
34 71 29875
34 72 20659
34 73 23252
34 74 16539
34 75 7259
34 76 7148
35 1 33315
35 2 24377
35 3 28534
35 4 10343
35 5 21251
35 6 23126
35 7 670
35 8 -596
35 9 18534
35 10 12513
35 11 1600
35 12 15100
35 13 10230
35 14 -1575
35 15 18638
35 16 29687
35 17 18218
35 18 37914
35 19 -1012
35 20 27186
35 21 26090
35 22 36007
35 23 40576
35 24 30557
35 25 30554
35 26 8990
35 27 10108
35 28 28379
35 29 20644
35 30 21301
35 31 7562
35 32 24157
35 33 28012
35 34 6943
35 36 31291
35 37 27293
35 38 6979
35 39 19760
35 40 16327
35 41 48555
35 42 48468
35 43 41841
35 44 27690
35 45 15475
35 46 3167
35 47 28111
35 48 22705
35 49 35297
35 50 29358
35 51 24194
35 52 5759
35 53 -1384
35 54 -150
35 55 31910
35 56 39005
35 57 16584
35 58 10384
35 59 -4291
35 60 35747
35 61 31278
35 62 30816
35 63 32394
35 64 37987
35 65 13088
35 66 7463
35 67 6076
35 68 21626
35 69 33737
35 70 38173
35 71 38913
35 72 18020
35 73 33444
35 74 27719
35 75 16668
35 76 15176
36 1 24213
36 2 17850
36 3 42272
36 4 18886
36 5 1301
36 6 27813
36 7 35870
36 8 29418
36 9 44606
36 10 48304
36 11 41609
36 12 40263
36 13 19926
36 14 36202
36 15 7837
36 16 34929
36 17 35376
36 18 55875
36 19 30541
36 20 2192
36 21 -2071
36 22 17156
36 23 37998
36 24 39477
36 25 55517
36 26 32705
36 27 18129
36 28 8858
36 29 12582
36 30 13884
36 31 42071
36 32 44621
36 33 26045
36 34 26028
36 35 35797
36 37 -252
36 38 45526
36 39 48296
36 40 37975
36 41 36931
36 42 33859
36 43 31072
36 44 43960
36 45 15255
36 46 26363
36 47 -841
36 48 5402
36 49 41132
36 50 49219
36 51 34251
36 52 21717
36 53 38627
36 54 18465
36 55 57070
36 56 34285
36 57 11752
36 58 44279
36 59 31512
36 60 537
36 61 1790
36 62 17765
36 63 31529
36 64 17098
36 65 52605
36 66 47445
36 67 26512
36 68 25602
36 69 -5323
36 70 6922
36 71 807
36 72 49147
36 73 25648
36 74 11383
36 75 27233
36 76 30254
37 1 28676
37 2 20168
37 3 43372
37 4 17315
37 5 -1678
37 6 28938
37 7 32071
37 8 24818
37 9 43776
37 10 45362
37 11 36849
37 12 38904
37 13 13777
37 14 30574
37 15 932
37 16 37211
37 17 35037
37 18 56961
37 19 24769
37 20 -4374
37 21 3614
37 22 23055
37 23 42078
37 24 41991
37 25 55249
37 26 30789
37 27 13755
37 28 13953
37 29 10058
37 30 14716
37 31 39721
37 32 44761
37 33 28977
37 34 22689
37 35 31140
37 36 -911
37 38 41721
37 39 46917
37 40 37425
37 41 42394
37 42 39665
37 43 36202
37 44 44719
37 45 12887
37 46 22683
37 47 2756
37 48 6288
37 49 43880
37 50 49788
37 51 35168
37 52 17487
37 53 33913
37 54 11776
37 55 56996
37 56 38914
37 57 4504
37 58 41600
37 59 25201
37 60 580
37 61 8983
37 62 22179
37 63 34803
37 64 23877
37 65 48374
37 66 42451
37 67 24157
37 68 26009
37 69 2332
37 70 3976
37 71 3786
37 72 47137
37 73 29439
37 74 14794
37 75 26551
37 76 29164
38 1 40643
38 2 35252
38 3 27590
38 4 23379
38 5 37941
38 6 30851
38 7 11949
38 8 16876
38 9 10306
38 10 -2419
38 11 -5338
38 12 14284
38 13 28115
38 14 6019
38 15 36310
38 16 32616
38 17 21491
38 18 30818
38 19 15139
38 20 44905
38 21 40574
38 22 46005
38 23 43728
38 24 28190
38 25 20124
38 26 15311
38 27 27093
38 28 40353
38 29 36768
38 30 34668
38 31 -8954
38 32 19199
38 33 34751
38 34 21936
38 35 13674
38 36 47715
38 37 44569
38 39 10862
38 40 14672
38 41 54568
38 42 55711
38 43 48324
38 44 25254
38 45 30984
38 46 18554
38 47 43844
38 48 37883
38 49 35476
38 50 22437
38 51 28413
38 52 22579
38 53 3658
38 54 16866
38 55 19882
38 56 41979
38 57 34457
38 58 1576
38 59 -1722
38 60 53163
38 61 44351
38 62 40806
38 63 37083
38 64 46663
38 65 -2528
38 66 -2966
38 67 17353
38 68 31789
38 69 49539
38 70 55789
38 71 55905
38 72 9075
38 73 41753
38 74 40708
38 75 26652
38 76 24074
39 1 28870
39 2 28292
39 3 11661
39 4 21470
39 5 38421
39 6 22096
39 7 18031
39 8 23559
39 9 -7707
39 10 2243
39 11 12095
39 12 5371
39 13 34285
39 14 20666
39 15 39878
39 16 18549
39 17 11693
39 18 12902
39 19 25884
39 20 47955
39 21 36530
39 22 36166
39 23 28599
39 24 10650
39 25 3658
39 26 12234
39 27 30177
39 28 33216
39 29 36954
39 30 30869
39 31 -11791
39 32 1651
39 33 23464
39 34 24047
39 35 22711
39 36 46741
39 37 46021
39 38 7118
39 40 1327
39 41 40967
39 42 43038
39 43 35345
39 44 8631
39 45 30915
39 46 21882
39 47 42000
39 48 35825
39 49 19079
39 50 4435
39 51 16987
39 52 26275
39 53 16795
39 54 26443
39 55 5027
39 56 26434
39 57 39608
39 58 2356
39 59 15391
39 60 54388
39 61 37683
39 62 31765
39 63 23706
39 64 34788
39 65 14833
39 66 14919
39 67 16701
39 68 25744
39 69 46930
39 70 58002
39 71 55913
39 72 659
39 73 31359
39 74 35409
39 75 21899
39 76 19509
40 1 19157
40 2 18506
40 3 4464
40 4 13528
40 5 30302
40 6 12202
40 7 15670
40 8 19899
40 9 -1981
40 10 9449
40 11 15755
40 12 174
40 13 29018
40 14 21283
40 15 32943
40 16 9560
40 17 2122
40 18 13364
40 19 23770
40 20 40455
40 21 27049
40 22 26212
40 23 20452
40 24 6091
40 25 9162
40 26 6135
40 27 23790
40 28 23299
40 29 29015
40 30 21763
40 31 -1803
40 32 -435
40 33 13585
40 34 18124
40 35 20785
40 36 37927
40 37 38036
40 38 12435
40 39 2834
40 41 31942
40 42 33654
40 43 26036
40 44 2851
40 45 23143
40 46 16695
40 47 33067
40 48 27004
40 49 12287
40 50 5066
40 51 7008
40 52 20550
40 53 17578
40 54 22929
40 55 10950
40 56 18651
40 57 33385
40 58 6498
40 59 17570
40 60 46076
40 61 27758
40 62 21765
40 63 14444
40 64 25213
40 65 20756
40 66 20200
40 67 10270
40 68 16372
40 69 37626
40 70 50073
40 71 47271
40 72 6839
40 73 21407
40 74 25801
40 75 13220
40 76 11290
41 1 1217
41 2 19399
41 3 23579
41 4 29905
41 5 34356
41 6 22942
41 7 45999
41 8 45717
41 9 32442
41 10 47017
41 11 51044
41 12 36124
41 13 46818
41 14 52557
41 15 42200
41 16 13941
41 17 29619
41 18 30639
41 19 50538
41 20 43626
41 21 19738
41 22 3556
41 23 2428
41 24 8525
41 25 37322
41 26 35442
41 27 40347
41 28 11955
41 29 37457
41 30 26748
41 31 34162
41 32 28384
41 33 10646
41 34 40181
41 35 49988
41 36 33858
41 37 39980
41 38 49306
41 39 39449
41 40 28917
41 42 -1103
41 43 -3507
41 44 25911
41 45 35021
41 46 40548
41 47 30809
41 48 29094
41 49 11654
41 50 28026
41 51 23766
41 52 40674
41 53 50344
41 54 44858
41 55 35704
41 56 -6004
41 57 45439
41 58 43669
41 59 49844
41 60 42475
41 61 9752
41 62 10013
41 63 7347
41 64 -9852
41 65 57687
41 66 56435
41 67 34670
41 68 28113
41 69 27628
41 70 49501
41 71 42244
41 72 44424
41 73 11787
41 74 22338
41 75 31228
41 76 33383
42 1 667
42 2 17954
42 3 25743
42 4 28935
42 5 31698
42 6 22830
42 7 45880
42 8 45010
42 9 34495
42 10 48278
42 11 51415
42 12 37134
42 13 45155
42 14 52228
42 15 39764
42 16 15721
42 17 30400
42 18 33950
42 19 49717
42 20 40543
42 21 16506
42 22 41
42 23 5943
42 24 12132
42 25 40097
42 26 35661
42 27 38829
42 28 9033
42 29 35354
42 30 24931
42 31 36209
42 32 30644
42 33 10808
42 34 39363
42 35 49599
42 36 30484
42 37 36949
42 38 50147
42 39 41218
42 40 30327
42 41 -1405
42 43 -2880
42 44 28156
42 45 33343
42 46 39830
42 47 27770
42 48 26606
42 49 14841
42 50 30911
42 51 24616
42 52 39510
42 53 50344
42 54 43442
42 55 38889
42 56 -1791
42 57 43166
42 58 44711
42 59 49521
42 60 38885
42 61 5823
42 62 7920
42 63 8846
42 64 -13221
42 65 58510
42 66 56982
42 67 34307
42 68 27417
42 69 23867
42 70 46108
42 71 38647
42 72 45819
42 73 10854
42 74 19888
42 75 30790
42 76 33217
43 1 -3255
43 2 14957
43 3 20644
43 4 25436
43 5 30264
43 6 18595
43 7 41681
43 8 41276
43 9 29401
43 10 43354
43 11 46908
43 12 32291
43 13 42380
43 14 48192
43 15 37983
43 16 10637
43 17 25646
43 18 29180
43 19 46086
43 20 39792
43 21 16125
43 22 658
43 23 1679
43 24 7681
43 25 35068
43 26 31227
43 27 35893
43 28 8168
43 29 33131
43 30 22361
43 31 31119
43 32 25546
43 33 6349
43 34 35725
43 35 45605
43 36 30330
43 37 36119
43 38 45393
43 39 36158
43 40 25342
43 41 -1176
43 42 -247
43 44 23059
43 45 30594
43 46 36104
43 47 26990
43 48 24934
43 49 10070
43 50 25925
43 51 19817
43 52 36202
43 53 46068
43 54 40393
43 55 34018
43 56 -4342
43 57 41153
43 58 39864
43 59 45483
43 60 39164
43 61 7205
43 62 5801
43 63 3788
43 64 -8185
43 65 53766
43 66 52379
43 67 30284
43 68 23661
43 69 24628
43 70 45952
43 71 38958
43 72 40847
43 73 7317
43 74 18199
43 75 26819
43 76 29038
44 1 16056
44 2 20394
44 3 -2832
44 4 19610
44 5 35296
44 6 14362
44 7 24739
44 8 28536
44 9 253
44 10 16754
44 11 24613
44 12 9393
44 13 36689
44 14 30502
44 15 39220
44 16 4917
44 17 8063
44 18 5946
44 19 32708
44 20 45943
44 21 29370
44 22 24351
44 23 13744
44 24 -3085
44 25 6549
44 26 14530
44 27 30878
44 28 23861
44 29 34470
44 30 25581
44 31 1910
44 32 -3880
44 33 11854
44 34 25846
44 35 29844
44 36 41608
44 37 43026
44 38 20713
44 39 7834
44 40 547
44 41 26632
44 42 29179
44 43 21449
44 45 28991
44 46 24817
44 47 36688
44 48 31056
44 49 4108
44 50 -1089
44 51 8005
44 52 28199
44 53 26787
44 54 31380
44 55 7263
44 56 11455
44 57 40258
44 58 14828
44 59 26737
44 60 50397
44 61 27949
44 62 21176
44 63 10111
44 64 21196
44 65 28873
44 66 28639
44 67 18009
44 68 20256
44 69 40163
44 70 54964
44 71 51121
44 72 14098
44 73 19973
44 74 28016
44 75 18773
44 76 17764
45 1 19157
45 2 8327
45 3 26818
45 4 -614
45 5 2431
45 6 13387
45 7 15670
45 8 10215
45 9 25813
45 10 27944
45 11 21955
45 12 20882
45 13 6677
45 14 18073
45 15 5128
45 16 22531
45 17 17437
45 18 40073
45 19 13341
45 20 12170
45 21 5517
45 22 18407
45 23 30434
45 24 26971
45 25 37438
45 26 12788
45 27 511
45 28 9451
45 29 929
45 30 2530
45 31 21947
45 32 27256
45 33 16228
45 34 5763
45 35 16401
45 36 11675
45 37 9966
45 38 25215
45 39 28890
45 40 19611
45 41 34514
45 42 33138
45 43 27756
45 44 27763
45 46 6265
45 47 7756
45 48 2092
45 49 29487
45 50 32511
45 51 18810
45 52 2661
45 53 19075
45 54 5098
45 55 39235
45 56 28279
45 57 6801
45 58 23979
45 59 14637
45 60 18405
45 61 11136
45 62 14126
45 63 22083
45 64 20791
45 65 32472
45 66 27951
45 67 6270
45 68 9953
45 69 13466
45 70 21959
45 71 20307
45 72 29200
45 73 19004
45 74 8320
45 75 9026
45 76 11290
46 1 25265
46 2 15699
46 3 24318
46 4 1535
46 5 13612
46 6 15621
46 7 3732
46 8 -596
46 9 18402
46 10 16982
46 11 9945
46 12 13433
46 13 6715
46 14 7127
46 15 12807
46 16 23511
46 17 13525
46 18 35796
46 19 4238
46 20 21308
46 21 17322
46 22 27284
46 23 33762
46 24 26060
46 25 30554
46 26 5200
46 27 3052
46 28 19462
46 29 12488
46 30 12357
46 31 11624
46 32 22037
46 33 20385
46 34 -2001
46 35 4729
46 36 23419
46 37 20398
46 38 13421
46 39 20493
46 40 13799
46 41 40677
46 42 40261
46 43 33902
46 44 24225
46 45 6901
46 47 19775
46 48 14085
46 49 29859
46 50 27537
46 51 18167
46 52 -1283
46 53 7140
46 54 881
46 55 32315
46 56 32100
46 57 12022
46 58 13451
46 59 4260
46 60 29037
46 61 22351
46 62 22179
46 63 25325
46 64 29403
46 65 20490
46 66 15966
46 67 -730
46 68 13395
46 69 25479
46 70 31918
46 71 31591
46 72 19742
46 73 25234
46 74 18775
46 75 8902
46 76 8328
47 1 18899
47 2 11571
47 3 35893
47 4 12931
47 5 -1678
47 6 21418
47 7 30670
47 8 24818
47 9 38290
47 10 42552
47 11 36849
47 12 34075
47 13 17001
47 14 32207
47 15 6712
47 16 28722
47 17 29029
47 18 49507
47 19 26822
47 20 5574
47 21 -6186
47 22 13079
47 23 32493
47 24 33362
47 25 49133
47 26 26710
47 27 13755
47 28 3966
47 29 7637
47 30 7506
47 31 36069
47 32 38223
47 33 19992
47 34 20763
47 35 31140
47 36 -2318
47 37 1938
47 38 40178
47 39 42078
47 40 31638
47 41 32405
47 42 29668
47 43 26255
47 44 37563
47 45 9859
47 46 21242
47 48 -803
47 49 35072
47 50 42818
47 51 27853
47 52 17062
47 53 33913
47 54 15914
47 55 50673
47 56 29118
47 57 10713
47 58 38454
47 59 28115
47 60 6679
47 61 -6
47 62 12381
47 63 25624
47 64 14180
47 65 47472
47 66 42800
47 67 20729
47 68 19217
47 69 -1534
47 70 12220
47 71 7190
47 72 43093
47 73 19932
47 74 5358
47 75 20985
47 76 24074
48 1 16056
48 2 6767
48 3 30293
48 4 6633
48 5 -1678
48 6 15772
48 7 24739
48 8 19404
48 9 32079
48 10 36287
48 11 31153
48 12 27771
48 13 13476
48 14 27152
48 15 6030
48 16 23804
48 17 22873
48 18 43926
48 19 22122
48 20 8856
48 21 -3567
48 22 12405
48 23 29039
48 24 28579
48 25 43066
48 26 20392
48 27 8873
48 28 2861
48 29 2860
48 30 1539
48 31 29745
48 32 32252
48 33 15616
48 34 14868
48 35 25618
48 36 3809
48 37 5354
48 38 34101
48 39 35787
48 40 25459
48 41 30574
48 42 28388
48 43 24083
48 44 31815
48 45 4079
48 46 15436
48 47 -919
48 49 30466
48 50 37015
48 51 22136
48 52 11745
48 53 28290
48 54 12436
48 55 44674
48 56 26186
48 57 9532
48 58 32168
48 59 23492
48 60 12220
48 61 2560
48 62 9793
48 63 21494
48 64 14453
48 65 41513
48 66 37160
48 67 14483
48 68 13204
48 69 4583
48 70 16960
48 71 13152
48 72 36769
48 73 16447
48 74 2240
48 75 14708
48 76 17764
49 1 8905
49 2 20600
49 3 5570
49 4 25451
49 5 37866
49 6 17301
49 7 35520
49 8 37970
49 9 13409
49 10 30179
49 11 37374
49 12 21495
49 13 43767
49 14 42014
49 15 43635
49 16 2137
49 17 17254
49 18 9772
49 19 42698
49 20 48636
49 21 28097
49 22 17649
49 23 1433
49 24 -10880
49 25 16533
49 26 24513
49 27 37294
49 28 20761
49 29 38218
49 30 27710
49 31 14663
49 32 9049
49 33 8850
49 34 33816
49 35 40428
49 36 41757
49 37 45164
49 38 33912
49 39 21259
49 40 12960
49 41 15352
49 42 18841
49 43 11437
49 44 7085
49 45 33692
49 46 33428
49 47 37174
49 48 32684
49 50 7159
49 51 12992
49 52 35717
49 53 38627
49 54 39932
49 55 14728
49 56 -1686
49 57 45633
49 58 27965
49 59 38752
49 60 51004
49 61 23351
49 62 17221
49 63 3397
49 64 10915
49 65 42151
49 66 41772
49 67 26512
49 68 24060
49 69 38456
49 70 56530
49 71 51164
49 72 27487
49 73 15752
49 74 27465
49 75 24837
49 76 25219
50 1 24750
50 2 30387
50 3 6698
50 4 28935
50 5 45065
50 6 24348
50 7 31181
50 8 35889
50 9 -428
50 10 17507
50 11 27600
50 12 15691
50 13 45155
50 14 35537
50 15 48571
50 16 13798
50 17 17047
50 18 -2476
50 19 39384
50 20 55611
50 21 39354
50 22 33381
50 23 19667
50 24 -2687
50 25 -1697
50 26 22287
50 27 39759
50 28 33654
50 29 44091
50 30 35505
50 31 -2210
50 32 -1363
50 33 21362
50 34 34247
50 35 36232
50 36 51587
50 37 52815
50 38 22616
50 39 8358
50 40 7482
50 41 33467
50 42 36654
50 43 29035
50 44 3631
50 45 38459
50 46 32849
50 47 46663
50 48 40976
50 49 8902
50 51 17986
50 52 36670
50 53 31628
50 54 38970
50 55 -2468
50 56 16276
50 57 49305
50 58 17674
50 59 30770
50 60 60324
50 61 37582
50 62 30765
50 63 18559
50 64 28779
50 65 30168
50 66 30316
50 67 26376
50 68 30111
50 69 50148
50 70 64792
50 71 61093
50 72 16055
50 73 29410
50 74 38007
50 75 28220
50 76 26830
51 1 8422
51 2 8532
51 3 4168
51 4 8807
51 5 23453
51 6 2326
51 7 19377
51 8 21087
51 9 8394
51 10 19736
51 11 23370
51 12 8491
51 13 26919
51 14 26116
51 15 27961
51 16 1461
51 17 1817
51 18 17773
51 19 25913
51 20 34197
51 21 17506
51 22 15169
51 23 12478
51 24 4410
51 25 17788
51 26 8322
51 27 20584
51 28 12703
51 29 22877
51 30 13573
51 31 9232
51 32 6673
51 33 2647
51 34 16787
51 35 24016
51 36 29567
51 37 31143
51 38 21540
51 39 13858
51 40 2372
51 41 22155
51 42 23307
51 43 15875
51 44 5673
51 45 17706
51 46 16427
51 47 24646
51 48 19045
51 49 7683
51 50 10934
51 52 18737
51 53 23239
51 54 22903
51 55 19025
51 56 10922
51 57 29451
51 58 16063
51 59 23212
51 60 38372
51 61 17085
51 62 10791
51 63 4811
51 64 14549
51 65 29915
51 66 28650
51 67 9549
51 68 8401
51 69 28283
51 70 43026
51 71 39079
51 72 17499
51 73 10367
51 74 16132
51 75 7999
51 76 8193
52 1 25814
52 2 15400
52 3 27902
52 4 1802
52 5 9279
52 6 17301
52 7 8319
52 8 1475
52 9 23170
52 10 21886
52 11 13619
52 12 18097
52 13 2221
52 14 9142
52 15 7837
52 16 25978
52 17 17254
52 18 39990
52 19 4514
52 20 16376
52 21 14415
52 22 26533
52 23 35530
52 24 29314
52 25 35279
52 26 9694
52 27 -1769
52 28 18002
52 29 8623
52 30 10747
52 31 16596
52 32 26362
52 33 21618
52 34 235
52 35 7827
52 36 19279
52 37 15708
52 38 17952
52 39 25392
52 40 18160
52 41 41309
52 42 40447
52 43 34506
52 44 28113
52 45 3803
52 46 -777
52 47 16101
52 48 10900
52 49 32654
52 50 31864
52 51 20983
52 53 10642
52 54 -1808
52 55 37072
52 56 33725
52 57 7060
52 58 18433
52 59 5720
52 60 24315
52 61 20066
52 62 21765
52 63 27011
52 64 28867
52 65 24721
52 66 19504
52 67 3119
52 68 14347
52 69 21700
52 70 27067
52 71 27113
52 72 24728
52 73 25648
52 74 16982
52 75 10855
52 76 11290
53 1 38141
53 2 30126
53 3 30224
53 4 16481
53 5 28251
53 6 27751
53 7 4272
53 8 6404
53 9 17239
53 10 8074
53 11 -5400
53 12 15956
53 13 16764
53 14 -4474
53 15 25446
53 16 32879
53 17 20968
53 18 37535
53 19 3110
53 20 33928
53 21 32843
53 22 41693
53 23 44080
53 24 32049
53 25 28696
53 26 12234
53 27 17108
53 28 34551
53 29 27602
53 30 27710
53 31 2788
53 32 24263
53 33 32518
53 34 13483
53 35 2785
53 36 38290
53 37 34235
53 38 1132
53 39 18013
53 40 17289
53 41 53080
53 42 53382
53 43 46473
53 44 28802
53 45 22318
53 46 9747
53 47 35053
53 48 29546
53 49 37665
53 50 28923
53 51 27586
53 52 12743
53 54 4850
53 55 29506
53 56 42519
53 57 23127
53 58 7653
53 59 -8256
53 60 42634
53 61 37775
53 62 36419
53 63 36287
53 64 43384
53 65 6400
53 66 505
53 67 11298
53 68 26995
53 69 40701
53 70 44976
53 71 45890
53 72 15883
53 73 38512
53 74 34103
53 75 21819
53 76 19820
54 1 38884
54 2 28205
54 3 40342
54 4 15119
54 5 15438
54 6 30636
54 7 14905
54 8 7053
54 9 32947
54 10 27378
54 11 13433
54 12 28601
54 13 1487
54 14 5289
54 15 9432
54 16 39188
54 17 29546
54 18 51432
54 19 310
54 20 16562
54 21 23724
54 22 38645
54 23 48872
54 24 42082
54 25 45093
54 26 20906
54 27 8000
54 28 29541
54 29 17670
54 30 22770
54 31 22388
54 32 37594
54 33 34927
54 34 12792
54 35 10785
54 36 24894
54 37 18864
54 38 21106
54 39 34427
54 40 29406
54 41 54360
54 42 53246
54 43 47564
54 44 40161
54 45 15107
54 46 10254
54 47 23820
54 48 20458
54 49 45736
54 50 43031
54 51 34016
54 52 7059
54 53 11616
54 55 46619
54 56 47059
54 57 5646
54 58 25371
54 59 -1614
54 60 25996
54 61 30106
54 62 34309
54 63 40353
54 64 41025
54 65 26087
54 66 17945
54 67 15293
54 68 27667
54 69 28185
54 70 27771
54 71 30614
54 72 32875
54 73 38697
54 74 28383
54 75 24114
54 76 24167
55 1 39514
55 2 44875
55 3 21481
55 4 41812
55 5 58519
55 6 38643
55 7 40391
55 8 45882
55 9 7586
55 10 20846
55 11 31877
55 12 26476
55 13 56359
55 14 42126
55 15 61138
55 16 28652
55 17 30127
55 18 5560
55 19 48170
55 20 68739
55 21 53859
55 22 48199
55 23 33395
55 24 9215
55 25 -723
55 26 33635
55 27 51736
55 28 48439
55 29 57285
55 30 49468
55 31 -5982
55 32 11830
55 33 36218
55 34 45763
55 35 45029
55 36 65683
55 37 66268
55 38 26306
55 39 15195
55 40 19611
55 41 47390
55 42 50877
55 43 43373
55 44 18228
55 45 51428
55 46 43872
55 47 60763
55 48 54880
55 49 22716
55 50 3777
55 51 32322
55 52 48123
55 53 38456
55 54 48803
55 56 29173
55 57 61318
55 58 23979
55 59 35490
55 60 74151
55 61 52431
55 62 45617
55 63 33314
55 64 42971
55 65 32472
55 66 32415
55 67 38092
55 68 43984
55 69 64641
55 70 78302
55 71 75136
55 72 22585
55 73 44275
55 74 52488
55 75 41417
55 76 39574
56 1 6316
56 2 23784
56 3 19168
56 4 32577
56 5 40505
56 6 24383
56 7 46276
56 8 47328
56 9 27616
56 10 43844
56 11 49853
56 12 34024
56 13 50563
56 14 53024
56 15 47721
56 16 11518
56 17 28429
56 18 22669
56 19 52247
56 20 50543
56 21 27339
56 22 12320
56 23 -2786
56 24 77
56 25 30579
56 26 35247
56 27 43928
56 28 19297
56 29 42468
56 30 31482
56 31 28976
56 32 23270
56 33 12603
56 34 42250
56 35 50794
56 36 41568
56 37 46856
56 38 47073
56 39 35272
56 40 25982
56 41 4352
56 42 8867
56 43 3683
56 44 21090
56 45 39142
56 46 42327
56 47 37878
56 48 35062
56 49 4972
56 50 21191
56 51 22889
56 52 43446
56 53 50139
56 54 47913
56 55 27843
56 57 50538
56 58 41151
56 59 50138
56 60 50560
56 61 18862
56 62 16280
56 63 6949
56 64 -289
56 65 55408
56 66 54726
56 67 35814
56 68 30569
56 69 36220
56 70 57118
56 71 50384
56 72 41112
56 73 16258
56 74 28544
56 75 32875
56 76 34310
57 1 33327
57 2 22784
57 3 41707
57 4 13856
57 5 3458
57 6 28680
57 7 23129
57 8 14995
57 9 38618
57 10 36906
57 11 25894
57 12 33494
57 13 2221
57 14 18676
57 15 -4045
57 16 37828
57 17 31649
57 18 54587
57 19 12921
57 20 2581
57 21 12728
57 22 30433
57 23 45392
57 24 42215
57 25 50662
57 26 25040
57 27 6315
57 28 20886
57 29 9495
57 30 16491
57 31 31819
57 32 41270
57 33 31258
57 34 15612
57 35 20865
57 36 11527
57 37 4938
57 38 32043
57 39 40938
57 40 33208
57 41 48287
57 42 46316
57 43 41670
57 44 42385
57 45 10156
57 46 14741
57 47 11965
57 48 10900
57 49 44783
57 50 46712
57 51 33910
57 52 9273
57 53 23239
57 54 -1008
57 55 52480
57 56 43030
57 58 33756
57 59 12527
57 60 11897
57 61 19156
57 62 27458
57 63 37183
57 64 32405
57 65 38013
57 66 31078
57 67 18270
57 68 25243
57 69 14925
57 70 13782
57 71 16540
57 72 40257
57 73 33352
57 74 20140
57 75 23745
57 76 25326
58 1 32085
58 2 28001
58 3 18375
58 4 17810
58 5 33971
58 6 22849
58 7 9812
58 8 15617
58 9 2206
58 10 -3419
58 11 2411
58 12 5371
58 13 26979
58 14 10730
58 15 33902
58 16 23527
58 17 12878
58 18 22781
58 19 16768
58 20 42382
58 21 34659
58 22 38037
58 23 34569
58 24 19170
58 25 13402
58 26 8466
58 27 24125
58 28 33216
58 29 32513
58 30 28600
58 31 -9464
58 32 10334
58 33 26222
58 34 18124
58 35 13813
58 36 43202
58 37 41182
58 38 -1690
58 39 2834
58 40 5469
58 41 45665
58 42 47009
58 43 39529
58 44 16103
58 45 26482
58 46 15318
58 47 38854
58 48 32684
58 49 26263
58 50 14229
58 51 19670
58 52 19794
58 53 6913
58 54 17865
58 55 14289
58 56 32791
58 57 32904
58 59 5456
58 60 49801
58 61 37499
58 62 32996
58 63 28139
58 64 38194
58 65 6614
58 66 6181
58 67 11952
58 68 24658
58 69 44352
58 70 52894
58 71 51925
58 72 659
58 73 33509
58 74 34178
58 75 19819
58 76 17148
59 1 53818
59 2 44757
59 3 46723
59 4 30603
59 5 37738
59 6 43557
59 7 20083
59 8 18611
59 9 32453
59 10 20648
59 11 1633
59 12 32411
59 13 23760
59 14 -844
59 15 32504
59 16 49353
59 17 37473
59 18 53046
59 19 9597
59 20 39703
59 21 44734
59 22 56353
59 23 60499
59 24 48457
59 25 43057
59 26 28562
59 27 27649
59 28 48338
59 29 38505
59 30 41083
59 31 12982
59 32 40265
59 33 48430
59 34 27004
59 35 16303
59 36 47600
59 37 41948
59 38 12177
59 39 33034
59 40 33706
59 41 69005
59 42 68984
59 43 62313
59 44 45177
59 45 34305
59 46 23292
59 47 45680
59 48 41173
59 49 54215
59 50 44490
59 51 43984
59 52 24246
59 53 8169
59 54 8045
59 55 42965
59 56 58943
59 57 28840
59 58 22621
59 60 49174
59 61 50582
59 62 51229
59 63 52548
59 64 58439
59 65 13353
59 66 636
59 67 26572
59 68 42137
59 69 50712
59 70 50899
59 71 53753
59 72 30887
59 73 53962
59 74 47432
59 75 37180
59 76 35567
60 1 35732
60 2 29376
60 3 53582
60 4 28674
60 5 9609
60 6 39062
60 7 43753
60 8 36380
60 9 55021
60 10 57064
60 11 48260
60 12 50302
60 13 24741
60 14 41564
60 15 11812
60 16 46517
60 17 46020
60 18 67214
60 19 35753
60 20 -259
60 21 9421
60 22 28047
60 23 49564
60 24 51114
60 25 66274
60 26 42315
60 27 25429
60 28 20318
60 29 21517
60 30 24882
60 31 51380
60 32 55558
60 33 37693
60 34 34389
60 35 42657
60 36 2941
60 37 3643
60 38 53378
60 39 58347
60 40 48528
60 41 47952
60 42 44664
60 43 42310
60 44 55153
60 45 24389
60 46 34385
60 47 10560
60 48 16217
60 49 52783
60 50 60360
60 51 45460
60 52 29157
60 53 45375
60 54 21971
60 55 67942
60 56 45681
60 57 14526
60 58 53282
60 59 35490
60 61 11422
60 62 29342
60 63 43191
60 64 26789
60 65 59941
60 66 53731
60 67 35755
60 68 36533
60 69 1466
60 70 -772
60 71 -1165
60 72 58722
60 73 37293
60 74 23022
60 75 37623
60 76 40415
61 1 11297
61 2 13767
61 3 35953
61 4 22679
61 5 14852
61 6 24083
61 7 41844
61 8 37786
61 9 42105
61 10 50714
61 11 48584
61 12 40086
61 13 32626
61 14 45771
61 15 23335
61 16 26458
61 17 33532
61 18 48348
61 19 41104
61 20 20591
61 21 -1881
61 22 1203
61 23 24685
61 24 29060
61 25 51090
61 26 34741
61 27 27946
61 28 -1017
61 29 22069
61 30 15658
61 31 42356
61 32 40062
61 33 17287
61 34 32533
61 35 43712
61 36 9718
61 37 17570
61 38 50090
61 39 47166
61 40 35734
61 41 20753
61 42 17126
61 43 15875
61 44 38229
61 45 22644
61 46 33223
61 47 9399
61 48 12081
61 49 30654
61 50 43142
61 51 29697
61 52 30432
61 53 46040
61 54 31605
61 55 51746
61 56 19507
61 57 27309
61 58 46504
61 59 42422
61 60 16946
61 62 6997
61 63 20927
61 64 -1197
61 65 57985
61 66 54632
61 67 30378
61 68 24658
61 69 1608
61 70 24823
61 71 16758
61 72 49668
61 73 15359
61 74 8738
61 75 28076
61 76 31382
62 1 -1717
62 2 2252
62 3 20739
62 4 13528
62 5 16251
62 6 10241
62 7 31726
62 8 29759
62 9 27375
62 10 37655
62 11 38078
62 12 26476
62 13 29018
62 14 37444
62 15 23961
62 16 11275
62 17 19601
62 18 33201
62 19 34229
62 20 26040
62 21 3141
62 22 -2942
62 23 11999
62 24 14576
62 25 35937
62 26 22661
62 27 22761
62 28 -4664
62 29 19261
62 30 8786
62 31 28187
62 32 24977
62 33 2056
62 34 24047
62 35 34836
62 36 17279
62 37 22352
62 38 38131
62 39 32834
62 40 21327
62 41 12600
62 42 10809
62 43 6057
62 44 23042
62 45 17220
62 46 24637
62 47 13372
62 48 10900
62 49 16110
62 50 27911
62 51 14989
62 52 23717
62 53 36270
62 54 27394
62 55 36518
62 56 8511
62 57 27197
62 58 33587
62 59 34655
62 60 26452
62 61 -1417
62 63 6225
62 64 -1008
62 65 46324
62 66 43964
62 67 19897
62 68 12848
62 69 13078
62 70 32703
62 71 26386
62 72 35970
62 73 234
62 74 4178
62 75 16542
62 76 19509
63 1 -1717
63 2 10259
63 3 9201
63 4 17810
63 5 27652
63 6 9524
63 7 31726
63 8 32483
63 9 17784
63 10 31764
63 11 36097
63 12 20882
63 13 35974
63 14 38456
63 15 34138
63 16 -1000
63 17 14519
63 18 19755
63 19 37403
63 20 38246
63 21 16900
63 22 7024
63 23 603
63 24 434
63 25 24189
63 26 20831
63 27 29336
63 28 9451
63 29 28706
63 30 17813
63 31 19475
63 32 14108
63 33 -1710
63 34 27386
63 35 36096
63 36 30725
63 37 34658
63 38 34090
63 39 24457
63 40 13688
63 41 9616
63 42 11417
63 43 3726
63 44 11659
63 45 24859
63 46 27465
63 47 26297
63 48 22283
63 49 1968
63 50 15387
63 51 8691
63 52 28645
63 53 35820
63 54 33120
63 55 23897
63 56 -1138
63 57 36604
63 58 28412
63 59 35656
63 60 39983
63 61 12195
63 62 5907
63 64 3274
63 65 42472
63 66 41345
63 67 21001
63 68 15832
63 69 27165
63 70 45746
63 71 40061
63 72 29200
63 73 4454
63 74 16539
63 75 18009
63 76 19509
64 1 8422
64 2 23465
64 3 34615
64 4 34741
64 5 33971
64 6 30055
64 7 52679
64 8 50973
64 9 43279
64 10 56505
64 11 58711
64 12 45235
64 13 49435
64 14 58619
64 15 42407
64 16 24492
64 17 38367
64 18 42876
64 19 55410
64 20 41331
64 21 17572
64 22 2597
64 23 14728
64 24 20882
64 25 49091
64 26 42979
64 27 43514
64 28 11758
64 29 39001
64 30 29468
64 31 44958
64 32 39529
64 33 18608
64 34 45260
64 35 55993
64 36 30598
64 37 38036
64 38 57974
64 39 49843
64 40 38761
64 41 6721
64 42 3654
64 43 6057
64 44 37048
64 45 37871
64 46 45847
64 47 29157
64 48 29546
64 49 23790
64 50 39911
64 51 32733
64 52 44805
64 53 57221
64 54 48096
64 55 47858
64 56 5928
64 57 46130
64 58 52771
64 59 55851
64 60 37885
64 61 4375
64 62 12978
64 63 17578
64 65 66296
64 66 64448
64 67 40904
64 68 33819
64 69 22480
64 70 45844
64 71 37736
64 72 54182
64 73 17706
64 74 23333
64 75 37427
64 76 40160
65 1 45607
65 2 39941
65 3 32456
65 4 27670
65 5 41500
65 6 35735
65 7 15670
65 8 19899
65 9 14571
65 10 1351
65 11 -6329
65 12 19282
65 13 30677
65 14 6218
65 15 39251
65 16 37605
65 17 26478
65 18 34848
65 19 16768
65 20 47784
65 21 44804
65 22 50843
65 23 48698
65 24 32823
65 25 23598
65 26 20062
65 27 30454
65 28 44978
65 29 40502
65 30 39021
65 31 -7897
65 32 23778
65 33 39715
65 34 25763
65 35 16401
65 36 51412
65 37 47840
65 38 -5910
65 39 15195
65 40 19611
65 41 59567
65 42 60692
65 43 53315
65 44 30032
65 45 34859
65 46 22241
65 47 47756
65 48 41913
65 49 40333
65 50 26607
65 51 33406
65 52 25966
65 53 5544
65 54 18465
65 55 22666
65 56 46932
65 57 37045
65 58 6498
65 59 -3928
65 60 56344
65 61 48864
65 62 45617
65 63 42083
65 64 51603
65 66 -7348
65 67 21713
65 68 36481
65 69 53466
65 70 58787
65 71 59356
65 72 13687
65 73 46664
65 74 45168
65 75 31301
65 76 28771
66 1 51070
66 2 44334
66 3 39168
66 4 31212
66 5 43289
66 6 40867
66 7 18757
66 8 21478
66 9 21785
66 10 8609
66 11 -6120
66 12 25489
66 13 31013
66 14 4337
66 15 39972
66 16 43829
66 17 32292
66 18 42120
66 19 16223
66 20 48237
66 21 47904
66 22 55644
66 23 55038
66 24 39850
66 25 30849
66 26 24959
66 27 32161
66 28 49099
66 29 42728
66 30 42551
66 31 -1516
66 32 30846
66 33 45216
66 34 28520
66 35 17876
66 36 53352
66 37 49017
66 38 752
66 39 22381
66 40 26155
66 41 65415
66 42 66264
66 43 59028
66 44 36898
66 45 37438
66 46 24817
66 47 50184
66 48 44660
66 49 47054
66 50 33855
66 51 39241
66 52 27849
66 53 6749
66 54 17423
66 55 29709
66 56 53350
66 57 37210
66 58 13165
66 59 -9545
66 60 57234
66 61 52611
66 62 50357
66 63 48056
66 64 56855
66 65 -248
66 67 25581
66 68 40966
66 69 55825
66 70 59386
66 71 60766
66 72 20719
66 73 51838
66 74 48886
66 75 35729
66 76 33383
67 1 20517
67 2 12125
67 3 18355
67 4 -685
67 5 15417
67 6 10345
67 7 5104
67 8 4844
67 9 13665
67 10 15096
67 11 11680
67 12 8529
67 13 12062
67 14 11198
67 15 16471
67 16 17656
67 17 7580
67 18 30150
67 19 9736
67 20 24543
67 21 16506
67 22 23666
67 23 28153
67 24 20062
67 25 25666
67 26 87
67 27 6914
67 28 16790
67 29 13921
67 30 10593
67 31 8948
67 32 16516
67 33 15229
67 34 1148
67 35 8591
67 36 24521
67 37 22825
67 38 13173
67 39 16265
67 40 8327
67 41 35752
67 42 35691
67 43 29035
67 44 18370
67 45 7859
67 46 223
67 47 20215
67 48 14085
67 49 23896
67 50 22017
67 51 12242
67 52 3566
67 53 9644
67 54 6873
67 55 27488
67 56 26540
67 57 16504
67 58 11038
67 59 8493
67 60 31360
67 61 20459
67 62 18392
67 63 19814
67 64 25413
67 65 20915
67 66 17683
67 68 8986
67 69 25794
67 70 34718
67 71 33296
67 72 16250
67 73 20690
67 74 16739
67 75 3890
67 76 2533
68 1 9453
68 2 1047
68 3 14977
68 4 -405
68 5 12652
68 6 1022
68 7 16479
68 8 15213
68 9 16806
68 10 23642
68 11 22835
68 12 13323
68 13 17760
68 14 22467
68 15 17344
68 16 10180
68 17 7497
68 18 28538
68 19 20010
68 20 23381
68 21 8370
68 22 12320
68 23 18842
68 24 14622
68 25 27500
68 26 7772
68 27 11137
68 28 6196
68 29 12109
68 30 3070
68 31 15744
68 32 16633
68 33 4856
68 34 9655
68 35 19827
68 36 19297
68 37 20363
68 38 23295
68 39 20994
68 40 10115
68 41 24881
68 42 24487
68 43 18098
68 44 16303
68 45 7228
68 46 10034
68 47 14389
68 48 8492
68 49 17130
68 50 21438
68 51 6780
68 52 10480
68 53 21027
68 54 14933
68 55 29066
68 56 16981
68 57 19163
68 58 19430
68 59 19744
68 60 27824
68 61 10425
68 62 7029
68 63 10331
68 64 14014
68 65 31369
68 66 28754
68 67 4672
68 69 18851
68 70 32293
68 71 28736
68 72 22825
68 73 9447
68 74 7331
68 75 1291
68 76 4428
69 1 23324
69 2 19844
69 3 44388
69 4 23716
69 5 8014
69 6 30405
69 7 41670
69 8 35708
69 9 48178
69 10 53382
69 11 47805
69 12 44411
69 13 26919
69 14 42868
69 15 15036
69 16 36103
69 17 38877
69 18 57743
69 19 37315
69 20 8411
69 21 -1694
69 22 14628
69 23 37176
69 24 40101
69 25 58533
69 26 37383
69 27 24522
69 28 8142
69 29 18548
69 30 17555
69 31 46643
69 32 47457
69 33 26862
69 34 31763
69 35 42056
69 36 -1510
69 37 6804
69 38 51163
69 39 52298
69 40 41487
69 41 34514
69 42 31055
69 43 29183
69 44 46328
69 45 20859
69 46 32236
69 47 3756
69 48 9989
69 49 41644
69 50 51593
69 51 36780
69 52 27951
69 53 44851
69 54 25569
69 55 59841
69 56 32750
69 57 18963
69 58 49242
69 59 38437
69 60 2875
69 61 -2507
69 62 17377
69 63 31782
69 64 12793
69 65 58472
69 66 53731
69 67 31598
69 68 28969
69 70 11248
69 71 2791
69 72 53633
69 73 25714
69 74 13046
69 75 31301
69 76 34511
70 1 36211
70 2 28753
70 3 52426
70 4 26520
70 5 7530
70 6 37935
70 7 40614
70 8 33005
70 9 52985
70 10 54142
70 11 44652
70 12 48084
70 13 20972
70 14 37689
70 15 8204
70 16 45917
70 17 44250
70 18 66042
70 19 31908
70 20 -4457
70 21 10050
70 22 29307
70 23 49906
70 24 50649
70 25 64468
70 26 39916
70 27 22339
70 28 20949
70 29 19261
70 30 23674
70 31 48657
70 32 53957
70 33 37384
70 34 31540
70 35 39202
70 36 3445
70 37 1158
70 38 50123
70 39 56080
70 40 46644
70 41 49097
70 42 46006
70 43 43217
70 44 53839
70 45 22062
70 46 31385
70 47 10220
70 48 15076
70 49 52428
70 50 58947
70 51 44233
70 52 26028
70 53 41836
70 54 17865
70 55 66212
70 56 46358
70 57 10530
70 58 50494
70 59 31334
70 60 -6653
70 61 13418
70 62 29712
70 63 43073
70 64 28867
70 65 56503
70 66 50002
70 67 33232
70 68 35121
70 69 3958
70 71 1352
70 72 56198
70 73 37388
70 74 22814
70 75 35768
70 76 38379
71 1 30756
71 2 24912
71 3 49340
71 4 25421
71 5 6775
71 6 34872
71 7 41561
71 8 34604
71 9 51455
71 10 54472
71 11 46733
71 12 46959
71 13 23827
71 14 40612
71 15 10947
71 16 41958
71 17 42286
71 18 62945
71 19 34813
71 20 945
71 21 4489
71 22 22952
71 23 44609
71 24 46454
71 25 62479
71 26 39207
71 27 23383
71 28 15334
71 29 18593
71 30 20869
71 31 48500
71 32 51626
71 33 33011
71 34 31902
71 35 40962
71 36 -1650
71 37 1988
71 38 51259
71 39 55011
71 40 44862
71 41 42860
71 42 39565
71 43 37243
71 44 51016
71 45 21430
71 46 32078
71 47 6210
71 48 12288
71 49 48082
71 50 56268
71 51 41306
71 52 27094
71 53 43770
71 54 21728
71 55 64066
71 56 40644
71 57 14308
71 58 50545
71 59 35208
71 60 -6026
71 61 6373
71 62 24415
71 63 38408
71 64 21779
71 65 58092
71 66 52402
71 67 32830
71 68 32584
71 69 -3479
71 70 2372
71 72 55667
71 73 32450
71 74 18385
71 75 34035
71 76 36973
72 1 30199
72 2 27782
72 3 14686
72 4 19241
72 5 35972
72 6 22000
72 7 13698
72 8 19404
72 9 -2775
72 10 -1609
72 11 7216
72 12 4075
72 13 30474
72 14 15692
72 15 36712
72 16 20702
72 17 11539
72 18 17830
72 19 21255
72 20 45014
72 21 35343
72 22 36850
72 23 31383
72 24 14806
72 25 8496
72 26 9662
72 27 26910
72 28 32933
72 29 34470
72 30 29396
72 31 -11330
72 32 5786
72 33 24487
72 34 20763
72 35 18146
72 36 44767
72 37 43416
72 38 2506
72 39 -2166
72 40 2507
72 41 43117
72 42 44814
72 43 37209
72 44 12070
72 45 28400
72 46 18306
72 47 40190
72 48 33982
72 49 22482
72 50 9307
72 51 17803
72 52 22786
72 53 11840
72 54 22066
72 55 9592
72 56 29449
72 57 36102
72 58 -2644
72 59 10419
72 60 51938
72 61 37360
72 62 32076
72 63 25624
72 64 36302
72 65 10500
72 66 10432
72 67 13861
72 68 24750
72 69 45440
72 70 55295
72 71 53744
72 73 32112
72 74 34489
72 75 20356
72 76 17764
73 1 -4578
73 2 2987
73 3 16008
73 4 13410
73 5 19535
73 6 7585
73 7 30383
73 8 29404
73 9 23184
73 10 34547
73 11 36249
73 12 23235
73 13 30365
73 14 36630
73 15 26712
73 16 6333
73 17 16295
73 18 28239
73 19 34146
73 20 29805
73 21 7737
73 22 41
73 23 7875
73 24 9635
73 25 31288
73 26 20507
73 27 23840
73 28 247
73 29 21537
73 30 10593
73 31 24332
73 32 20449
73 33 -2694
73 34 23781
73 35 33995
73 36 21693
73 37 26143
73 38 35609
73 39 28959
73 40 17500
73 41 10905
73 42 10274
73 43 4104
73 44 18370
73 45 18629
73 46 24223
73 47 17454
73 48 14085
73 49 11172
73 50 23087
73 51 11096
73 52 24131
73 53 34894
73 54 28313
73 55 31707
73 56 5020
73 57 29622
73 58 30631
73 59 33919
73 60 30934
73 61 3476
73 62 -3235
73 63 1303
73 64 251
73 65 43902
73 66 41976
73 67 18726
73 68 11797
73 69 17946
73 70 36910
73 71 30952
73 72 32537
73 74 7779
73 75 15204
73 76 17764
74 1 8148
74 2 978
74 3 25569
74 4 8126
74 5 6251
74 6 11575
74 7 27293
74 8 23559
74 9 29607
74 10 36581
74 11 34034
74 12 26476
74 13 20304
74 14 31572
74 15 14073
74 16 17756
74 17 20414
74 18 39032
74 19 27317
74 20 16226
74 21 -4449
74 22 4648
74 23 21466
74 24 22273
74 25 39706
74 26 20449
74 27 14626
74 28 -4664
74 29 9873
74 30 1176
74 31 28897
74 32 28611
74 33 8850
74 34 18124
74 35 29326
74 36 8484
74 37 12554
74 38 35620
74 39 34065
74 40 22950
74 41 22512
74 42 20364
74 43 16042
74 44 27469
74 45 9001
74 46 18820
74 47 3936
74 48 934
74 49 23941
74 50 32740
74 51 17917
74 52 16521
74 53 31541
74 54 19055
74 55 40976
74 56 18362
74 57 17466
74 58 32356
74 59 28445
74 60 17719
74 61 -2089
74 62 1765
74 63 14444
74 64 6934
74 65 43462
74 66 40080
74 67 15831
74 68 10737
74 69 6334
74 70 23392
74 71 17943
74 72 35970
74 73 8835
74 75 13819
74 76 17148
75 1 13468
75 2 5472
75 3 14784
75 4 -2300
75 5 13923
75 6 3539
75 7 12071
75 8 11404
75 9 14247
75 10 19581
75 11 18365
75 12 9941
75 13 15768
75 14 18258
75 15 17266
75 16 11943
75 17 5313
75 18 27883
75 19 16305
75 20 24256
75 21 11820
75 22 16781
75 23 21747
75 24 15590
75 25 25525
75 26 3485
75 27 9405
75 28 10520
75 29 12736
75 30 5870
75 31 12203
75 32 15104
75 33 8332
75 34 6203
75 35 15634
75 36 21693
75 37 21670
75 38 18923
75 39 17914
75 40 7728
75 41 28761
75 42 28625
75 43 22021
75 44 15585
75 45 7066
75 46 6306
75 47 16922
75 48 10761
75 49 18672
75 50 20312
75 51 7143
75 52 7753
75 53 16616
75 54 12145
75 55 27264
75 56 20052
75 57 18430
75 58 15356
75 59 15552
75 60 29679
75 61 14608
75 62 11488
75 63 13273
75 64 18387
75 65 26954
75 66 24282
75 67 341
75 68 2056
75 69 21948
75 70 33705
75 71 30952
75 72 19196
75 73 13619
75 74 11178
75 76 148
END
NODE_CONSUMPTION
0 1 18
0 2 26
0 3 11
0 4 30
0 5 21
0 6 19
0 7 15
0 8 16
0 9 29
0 10 26
0 11 37
0 12 16
0 13 12
0 14 31
0 15 8
0 16 19
0 17 20
0 18 13
0 19 15
0 20 22
0 21 28
0 22 12
0 23 6
0 24 27
0 25 14
0 26 18
0 27 17
0 28 29
0 29 13
0 30 22
0 31 25
0 32 28
0 33 27
0 34 19
0 35 10
0 36 12
0 37 14
0 38 24
0 39 16
0 40 33
0 41 15
0 42 11
0 43 18
0 44 17
0 45 21
0 46 27
0 47 19
0 48 20
0 49 5
0 50 22
0 51 12
0 52 19
0 53 22
0 54 16
0 55 7
0 56 26
0 57 14
0 58 21
0 59 24
0 60 13
0 61 15
0 62 18
0 63 11
0 64 28
0 65 9
0 66 37
0 67 30
0 68 10
0 69 8
0 70 11
0 71 3
0 72 1
0 73 6
0 74 10
0 75 20
END
