NAME : ./data/ESPPRC - Test Instances/E-n76-k10_a.simplified-vrp
SIZE : 77
DIRECTED : 1
CYCLIC : 1
ORIGIN : 0
DESTINATION : 76
RESOURCES : 1
RES_NAMES : 0
RES_TYPE
0 CAP
END
RES_BOUND
0 0 140
END
EDGE_COST
0 1 16276
0 2 4602
0 3 12009
0 4 292
0 5 14478
0 6 1910
0 7 7353
0 8 8119
0 9 9967
0 10 10713
0 11 9448
0 12 5370
0 13 14807
0 14 12851
0 15 19584
0 16 9504
0 17 1014
0 18 21295
0 19 13376
0 20 21488
0 21 11297
0 22 17637
0 23 21407
0 24 10613
0 25 20222
0 26 -559
0 27 8922
0 28 11148
0 29 11876
0 30 6116
0 31 7912
0 32 10153
0 33 6059
0 34 5545
0 35 13124
0 36 22624
0 37 20192
0 38 15787
0 39 14563
0 40 2548
0 41 26075
0 42 27905
0 43 20596
0 44 12479
0 45 6171
0 46 3638
0 47 17031
0 48 10136
0 49 21637
0 50 16521
0 51 5834
0 52 6208
0 53 10900
0 54 9693
0 55 25106
0 56 18389
0 57 15558
0 58 10201
0 59 9690
0 60 32702
0 61 14737
0 62 13721
0 63 14637
0 64 15324
0 65 21483
0 66 12899
0 67 -207
0 68 4533
0 69 23524
0 70 31105
0 71 33452
0 72 15857
0 73 15109
0 74 13337
0 75 -2370
1 2 4602
1 3 15384
1 4 19641
1 5 22539
1 6 8969
1 7 32809
1 8 32532
1 9 23582
1 10 32252
1 11 34496
1 12 25067
1 13 34305
1 14 38199
1 15 32431
1 16 4124
1 17 17549
1 18 22810
1 19 37674
1 20 29439
1 21 7772
1 22 -2928
1 23 2552
1 24 3284
1 25 29277
1 26 23968
1 27 27881
1 28 951
1 29 23702
1 30 13176
1 31 25549
1 32 18949
1 33 -3683
1 34 28832
1 35 38374
1 36 23694
1 37 26815
1 38 39467
1 39 31035
1 40 17526
1 41 1020
1 42 2466
1 43 -4586
1 44 17882
1 45 21149
1 46 27686
1 47 18967
1 48 15539
1 49 12434
1 50 21552
1 51 13174
1 52 27843
1 53 36332
1 54 31521
1 55 32157
1 56 -2494
1 57 30670
1 58 32249
1 59 35052
1 60 35130
1 61 1763
1 62 -394
1 63 522
1 64 -9303
1 65 45430
1 66 37697
1 67 24888
1 68 16669
1 69 19448
1 70 36048
1 71 34346
1 72 35403
1 73 -122
1 74 11448
1 75 18061
1 76 25117
2 1 5380
2 3 16569
2 4 5949
2 5 9403
2 6 1234
2 7 20996
2 8 19178
2 9 20848
2 10 24913
2 11 23675
2 12 18307
2 13 19760
2 14 25508
2 15 18458
2 16 8116
2 17 11200
2 18 26770
2 19 24026
2 20 17029
2 21 -734
2 22 3624
2 23 15102
2 24 11092
2 25 29465
2 26 13974
2 27 13383
2 28 -3317
2 29 9437
2 30 -1202
2 31 21053
2 32 18363
2 33 -1305
2 34 15344
2 35 25706
2 36 13601
2 37 14577
2 38 30346
2 39 26727
2 40 13145
2 41 15472
2 42 16023
2 43 9896
2 44 18490
2 45 6589
2 46 14390
2 47 7909
2 48 2520
2 49 20399
2 50 23459
2 51 9554
2 52 13699
2 53 24587
2 54 17112
2 55 33788
2 56 11244
2 57 16397
2 58 24435
2 59 22261
2 60 25044
2 61 503
2 62 -155
2 63 8768
2 64 2010
2 65 36034
2 66 27231
2 67 12766
2 68 4533
2 69 12238
2 70 24860
2 71 24772
2 72 29256
2 73 3713
2 74 548
2 75 6335
2 76 14221
3 1 13842
3 2 14249
3 4 19221
3 5 31680
3 6 8969
3 7 22639
3 8 26308
3 9 1232
3 10 13033
3 11 19739
3 12 8519
3 13 34448
3 14 27768
3 15 38446
3 16 -912
3 17 4994
3 18 2688
3 19 31077
3 20 39362
3 21 23410
3 22 19611
3 23 9745
3 24 -8381
3 25 6396
3 26 13383
3 27 28502
3 28 18835
3 29 29796
3 30 20867
3 31 3377
3 32 -3989
3 33 5018
3 34 24973
3 35 29462
3 36 37622
3 37 37380
3 38 22283
3 39 9695
3 40 -1298
3 41 19251
3 42 23411
3 43 15182
3 44 -5137
3 45 24679
3 46 22608
3 47 31830
3 48 25645
3 49 4968
3 50 -631
3 51 4789
3 52 25800
3 53 24284
3 54 28848
3 55 9993
3 56 6227
3 57 34919
3 58 14408
3 59 23826
3 60 48849
3 61 22288
3 62 17931
3 63 7309
3 64 12759
3 65 28148
3 66 21664
3 67 18595
3 68 18062
3 69 36381
3 70 48132
3 71 48799
3 72 15759
3 73 16333
3 74 24738
3 75 15246
3 76 19308
4 1 17240
4 2 2770
4 3 18362
4 5 7506
4 6 4732
4 7 9022
4 8 6450
4 9 16976
4 10 16114
4 11 11916
4 12 12155
4 13 9246
4 14 12851
4 15 12629
4 16 14109
4 17 7952
4 18 28086
4 19 11368
4 20 14416
4 21 6025
4 22 16292
4 23 24735
4 24 16310
4 25 27291
4 26 5063
4 27 2817
4 28 8104
4 29 4839
4 30 1018
4 31 14128
4 32 17155
4 33 8180
4 34 2616
4 35 13124
4 36 16089
4 37 13176
4 38 19925
4 39 21357
4 40 9619
4 41 27430
4 42 28456
4 43 21827
4 44 19158
4 45 -900
4 46 1678
4 47 10721
4 48 3838
4 49 26702
4 50 23459
4 51 11281
4 52 1553
4 53 12394
4 54 5478
4 55 32177
4 56 21489
4 57 8921
4 58 15696
4 59 9559
4 60 25794
4 61 10867
4 62 12573
4 63 17771
4 64 14738
4 65 25215
4 66 15561
4 67 1408
4 68 4533
4 69 17562
4 70 24079
4 71 26733
4 72 22167
4 73 15588
4 74 9148
4 75 15
4 76 6732
5 1 23881
5 2 9967
5 3 34564
5 4 11249
5 6 18767
5 7 23625
5 8 17308
5 9 34966
5 10 33097
5 11 25293
5 12 30179
5 13 8799
5 14 22704
5 15 443
5 16 27665
5 17 25510
5 18 44821
5 19 18829
5 20 -2752
5 21 -2960
5 22 17056
5 23 34743
5 24 30703
5 25 45118
5 26 22888
5 27 6767
5 28 7029
5 29 145
5 30 5214
5 31 31730
5 32 34618
5 33 18619
5 34 16161
5 35 25096
5 36 -432
5 37 -4753
5 38 35551
5 39 39372
5 40 27457
5 41 32945
5 42 32283
5 43 27719
5 44 35908
5 45 3209
5 46 14819
5 47 -2824
5 48 -3409
5 49 40181
5 50 40653
5 51 26991
5 52 10094
5 53 25228
5 54 6861
5 55 49948
5 56 30481
5 57 -413
5 58 32921
5 59 17758
5 60 7793
5 61 4104
5 62 16360
5 63 28677
5 64 15032
5 65 40109
5 66 28702
5 67 18574
5 68 18654
5 69 2924
5 70 6153
5 71 9151
5 72 39962
5 73 22777
5 74 8337
5 75 17302
5 76 24661
6 1 7099
6 2 -1414
6 3 8641
6 4 5263
6 5 15555
6 7 16556
6 8 16905
6 9 12328
6 10 17470
6 11 18306
6 12 10404
6 13 21263
6 14 22062
6 15 23057
6 16 2254
6 17 2952
6 18 18967
6 19 22169
6 20 23306
6 21 7709
6 22 9359
6 23 12826
6 24 4991
6 25 20980
6 26 7780
6 27 14767
6 28 4744
6 29 14053
6 30 4604
6 31 12852
6 32 9903
6 33 -3143
6 34 13573
6 35 22299
6 36 21408
6 37 21191
6 38 23789
6 39 18375
6 40 4685
6 41 16859
6 42 18743
6 43 11378
6 44 10302
6 45 9493
6 46 12156
6 47 15600
6 48 9369
6 49 14944
6 50 15264
6 51 1192
6 52 13444
6 53 20056
6 54 17387
6 55 25400
6 56 9687
6 57 20137
6 58 17127
6 59 18905
6 60 32574
6 61 8663
6 62 5678
6 63 5877
6 64 6444
6 65 29672
6 66 21608
6 67 8830
6 68 2352
6 69 20643
6 70 31886
6 71 32576
6 72 21318
6 73 6155
6 74 8989
6 75 2246
6 76 8881
7 1 30418
7 2 17827
7 3 21790
7 4 9032
7 5 19892
7 6 16035
7 8 -621
7 9 11998
7 10 3581
7 11 -3896
7 12 8320
7 13 11455
7 14 -1060
7 15 21017
7 16 22290
7 17 10980
7 18 27846
7 19 2133
7 20 24113
7 21 21485
7 22 31325
7 23 34799
7 24 21043
7 25 22827
7 26 3207
7 27 9530
7 28 23795
7 29 17520
7 30 16798
7 31 3006
7 32 16109
7 33 20145
7 34 5545
7 35 96
7 36 29718
7 37 24577
7 38 5140
7 39 14563
7 40 8406
7 41 40169
7 42 42046
7 43 34717
7 44 20932
7 45 12029
7 46 520
7 47 25105
7 48 18589
7 49 33416
7 50 22350
7 51 18496
7 52 4715
7 53 -3170
7 54 1909
7 55 27401
7 56 31833
7 57 14839
7 58 4343
7 59 -4316
7 60 37518
7 61 26677
7 62 27416
7 63 28332
7 64 29321
7 65 9860
7 66 -249
7 67 3842
7 68 18062
7 69 32161
7 70 34818
7 71 39518
7 72 13269
7 73 29206
7 74 24960
7 75 11031
7 76 13803
8 1 31044
8 2 16912
8 3 26362
8 4 7363
8 5 14478
8 6 17287
8 7 282
8 9 18568
8 10 10520
8 11 293
8 12 14168
8 13 4453
8 14 -1060
8 15 14517
8 16 25259
8 17 14975
8 18 33706
8 19 -2417
8 20 17612
8 21 17840
8 22 30409
8 23 37192
8 24 25519
8 25 29465
8 26 7394
8 27 3767
8 28 21861
8 29 12672
8 30 14270
8 31 10009
8 32 21905
8 33 21376
8 34 2616
8 35 96
8 36 24532
8 37 18590
8 38 11333
8 39 21357
8 40 13901
8 41 41153
8 42 42442
8 43 35578
8 44 25995
8 45 7840
8 46 -2542
8 47 20519
8 48 14520
8 49 37132
8 50 28324
8 51 21472
8 52 -863
8 53 228
8 54 -4677
8 55 34158
8 56 34151
8 57 7971
8 58 11414
8 59 -4522
8 60 31411
8 61 23885
8 62 26715
8 63 30355
8 64 28881
8 65 15355
8 66 3738
8 67 4848
8 68 18062
8 69 27465
8 70 28475
8 71 33827
8 72 20241
8 73 29493
8 74 22492
8 75 11630
8 76 15472
9 1 28036
9 2 24524
9 3 7228
9 4 23831
9 5 38078
9 6 18652
9 7 18843
9 8 24510
9 10 365
9 11 9907
9 12 5329
9 13 35513
9 14 21104
9 15 42591
9 16 13625
9 17 9505
9 18 3672
9 19 27610
9 20 44926
9 21 33398
9 22 33223
9 23 24460
9 24 2316
9 25 -2724
9 26 13207
9 27 31055
9 28 30565
9 29 35449
9 30 28919
9 31 -11476
9 32 -4840
9 33 18255
9 34 26155
9 35 25460
9 36 45954
9 37 43782
9 38 10997
9 39 -3675
9 40 -1745
9 41 34112
9 42 38161
9 43 29937
9 44 3946
9 45 29672
9 46 22690
9 47 40225
9 48 33429
9 49 18805
9 50 -1759
9 51 15013
9 52 27066
9 53 17297
9 54 27451
9 55 2096
9 56 20673
9 57 37828
9 58 4237
9 59 15554
9 60 56286
9 61 34438
9 62 30565
9 63 21890
9 64 27421
9 65 16261
9 66 10279
9 67 19903
9 68 25889
9 69 46169
9 70 54689
9 71 56912
9 72 4296
9 73 29507
9 74 34774
9 75 20707
9 76 23262
10 1 38359
10 2 30242
10 3 20682
10 4 24622
10 5 37862
10 6 25447
10 7 12079
10 8 18115
10 9 2018
10 11 -4674
10 12 9098
10 13 30259
10 14 8818
10 15 39794
10 16 25599
10 17 16039
10 18 18982
10 19 18392
10 20 42856
10 21 37153
10 22 42041
10 23 37824
10 24 17701
10 25 10067
10 26 13383
10 27 28108
10 28 36882
10 29 35198
10 30 31910
10 31 -15742
10 32 10153
10 33 27815
10 34 23402
10 35 17028
10 36 47241
10 37 42957
10 38 -4139
10 39 3864
10 40 7274
10 41 46276
10 42 49533
10 43 41479
10 44 18036
10 45 29392
10 46 18859
10 47 42076
10 48 35226
10 49 33164
10 50 13765
10 51 23944
10 52 23371
10 53 5721
10 54 19471
10 55 12945
10 56 34490
10 57 33705
10 58 -3799
10 59 1338
10 60 55918
10 61 40636
10 62 38434
10 63 33459
10 64 38236
10 65 630
10 66 -5308
10 67 18923
10 68 30314
10 69 48962
10 70 53435
10 71 57518
10 72 3051
10 73 38459
10 74 39337
10 75 23630
10 76 25661
11 1 45023
11 2 33424
11 3 31808
11 4 24844
11 5 34478
11 6 30703
11 7 9022
11 8 12308
11 9 15980
11 10 -254
11 12 17700
11 13 23052
11 14 -4322
11 15 33974
11 16 34776
11 17 23366
11 18 33281
11 19 8352
11 20 36891
11 21 37153
11 22 46763
11 23 47511
11 24 30279
11 25 24993
11 26 16959
11 27 23767
11 28 39557
11 29 32552
11 30 32602
11 31 -2795
11 32 23063
11 33 34483
11 34 21040
11 35 10096
11 36 44527
11 37 38425
11 38 -3077
11 39 17697
11 40 17561
11 41 54284
11 42 56651
11 43 49014
11 44 29876
11 45 27384
11 46 15803
11 47 40354
11 48 34073
11 49 44340
11 50 27839
11 51 31559
11 52 19085
11 53 -3772
11 54 9507
11 55 27957
11 56 44480
11 57 26674
11 58 6012
11 59 -13696
11 60 51095
11 61 42487
11 62 42838
11 63 41773
11 64 44423
11 65 -3069
11 66 -16056
11 67 19488
11 68 33488
11 69 47366
11 70 47926
11 71 53760
11 72 15857
11 73 44142
11 74 40771
11 75 26395
11 76 28816
12 1 22600
12 2 15062
12 3 7594
12 4 12089
12 5 26370
12 6 9807
12 7 8244
12 8 13189
12 9 -1592
12 10 524
12 11 4706
12 13 23631
12 14 12707
12 15 30565
12 16 10606
12 17 232
12 18 12885
12 19 17133
12 20 32988
12 21 23053
12 22 26274
12 23 23264
12 24 6597
12 25 9184
12 26 1168
12 27 19016
12 28 21633
12 29 23669
12 30 18047
12 31 -3878
12 32 1102
12 33 12025
12 34 14146
12 35 15121
12 36 34706
12 37 32005
12 38 8070
12 39 2498
12 40 -6495
12 41 30889
12 42 33895
12 43 25922
12 44 6181
12 45 17836
12 46 10816
12 47 29105
12 48 22216
12 49 19986
12 50 7455
12 51 8205
12 52 15088
12 53 9109
12 54 16200
12 55 14081
12 56 20176
12 57 25799
12 58 497
12 59 8607
12 60 44662
12 61 25514
12 62 22761
12 63 18083
12 64 22472
12 65 14067
12 66 7078
12 67 7862
12 68 15501
12 69 35497
12 70 42883
12 71 45511
12 72 4241
12 73 22653
12 74 24738
12 75 9496
12 76 11744
13 1 32879
13 2 17556
13 3 34564
13 4 10221
13 5 6031
13 6 21707
13 7 12420
13 8 4515
13 9 29633
13 10 22726
13 11 11099
13 12 24672
13 14 7048
13 15 3381
13 16 31100
13 17 23316
13 18 43418
13 19 2967
13 20 6096
13 21 12427
13 22 29413
13 23 41500
13 24 33056
13 25 40515
13 26 17065
13 27 -162
13 28 19648
13 29 6891
13 30 12822
13 31 22204
13 32 31812
13 33 24752
13 34 8545
13 35 11649
13 36 15767
13 37 8276
13 38 23299
13 39 32810
13 40 23747
13 41 42981
13 42 43314
13 43 37409
13 44 34875
13 45 5029
13 46 5496
13 47 13429
13 48 9319
13 49 43656
13 50 38317
13 51 28031
13 52 610
13 53 11315
13 54 -9516
13 55 45362
13 56 38113
13 57 -4076
13 58 23503
13 59 1354
13 60 20499
13 61 19452
13 62 26701
13 63 34573
13 64 28070
13 65 26860
13 66 14000
13 67 12793
13 68 21336
13 69 19403
13 70 17169
13 71 23777
13 72 32038
13 73 31181
13 74 19964
13 75 16721
13 76 22222
14 1 43971
14 2 30502
14 3 35082
14 4 21024
14 5 27134
14 6 29704
14 7 7103
14 8 6200
14 9 22422
14 10 8483
14 11 -9077
14 12 20946
14 13 14246
14 15 25381
14 16 36153
14 17 24732
14 18 39418
14 19 -1033
14 20 27904
14 21 31541
14 22 44074
14 23 48691
14 24 34231
14 25 32521
14 26 17065
14 27 16809
14 28 35725
14 29 26010
14 30 28157
14 31 7163
14 32 28149
14 33 33862
14 34 16354
14 35 4995
14 36 37194
14 37 30224
14 38 6354
14 39 24342
14 40 21163
14 41 53871
14 42 55538
14 43 48372
14 44 33839
14 45 21576
14 46 11059
14 47 33786
14 48 28146
14 49 47054
14 50 33850
14 51 32379
14 52 12682
14 53 -4772
14 54 -563
14 55 36280
14 56 45725
14 57 17530
14 58 12405
14 59 -18099
14 60 42473
14 61 37748
14 62 40278
14 63 42206
14 64 42405
14 65 7552
14 66 -7525
14 67 17080
14 68 31194
14 69 40503
14 70 39037
14 71 45713
14 72 22407
14 73 42597
14 74 36383
14 75 24362
14 76 27464
15 1 30870
15 2 16119
15 3 38427
15 4 13469
15 5 -2460
15 6 23366
15 7 21847
15 8 14444
15 9 36576
15 10 32126
15 11 21886
15 12 31471
15 13 3246
15 14 18048
15 16 32808
15 17 28180
15 18 48320
15 19 13967
15 20 -4512
15 21 5097
15 22 24866
15 23 41179
15 24 35666
15 25 47188
15 26 23772
15 27 4974
15 28 14793
15 29 3635
15 30 10903
15 31 31343
15 32 37355
15 33 24601
15 34 15545
15 35 22022
15 36 5643
15 37 -2604
15 38 33459
15 39 40368
15 40 29637
15 41 40328
15 42 39888
15 43 34977
15 44 39371
15 45 5445
15 46 13553
15 47 5105
15 48 3838
15 49 45489
15 50 43698
15 51 31038
15 52 8191
15 53 21962
15 54 394
15 55 52106
15 56 37236
15 57 -8377
15 58 32391
15 59 12063
15 60 9535
15 61 12126
15 62 23609
15 63 34702
15 64 23007
15 65 37399
15 66 24924
15 67 19167
15 68 22885
15 69 9485
15 70 6366
15 71 12862
15 72 40241
15 73 29493
15 74 15698
15 75 20184
15 76 26864
16 1 4856
16 2 8070
16 3 1362
16 4 17242
16 5 27055
16 6 4856
16 7 25413
16 8 27479
16 9 9903
16 10 20224
16 11 24981
16 12 13805
16 13 33258
16 14 31113
16 15 35101
16 17 7374
16 18 9733
16 19 32687
16 20 34808
16 21 16529
16 22 10760
16 23 2828
16 24 -6871
16 25 15264
16 26 15719
16 27 26826
16 28 11046
16 29 26010
16 30 15964
16 31 12035
16 32 4978
16 33 -3143
16 34 24820
16 35 31866
16 36 31530
16 37 32470
16 38 28560
16 39 17834
16 40 5049
16 41 10864
16 42 14640
16 43 6426
16 44 3863
16 45 21643
16 46 23052
16 47 25910
16 48 20407
16 49 2786
16 50 7720
16 51 3333
16 52 25127
16 53 28190
16 54 28945
16 55 18415
16 56 -172
16 57 32291
16 58 20811
16 59 27707
16 60 43035
16 61 14044
16 62 9718
16 63 -1641
16 64 3887
16 65 34548
16 66 27576
16 67 19147
16 68 14516
16 69 29347
16 70 42874
16 71 42668
16 72 23026
16 73 7909
16 74 18176
16 75 13656
16 76 19077
17 1 15417
17 2 8290
17 3 4404
17 4 8221
17 5 22036
17 6 2690
17 7 11239
17 8 14331
17 9 2919
17 10 7800
17 11 10707
17 12 567
17 13 22610
17 14 16828
17 15 27609
17 16 4510
17 18 13242
17 19 19242
17 20 29316
17 21 16896
17 22 19003
17 23 17225
17 24 3496
17 25 12592
17 26 1604
17 27 16933
17 28 14704
17 29 19610
17 30 12389
17 31 2866
17 32 2162
17 33 4808
17 34 13009
17 35 17900
17 36 29480
17 37 27799
17 38 14938
17 39 8481
17 40 -4886
17 41 24045
17 42 26822
17 43 18938
17 44 4512
17 45 14052
17 46 10569
17 47 23720
17 48 16979
17 49 15406
17 50 8472
17 51 1192
17 52 13906
17 53 13782
17 54 16806
17 55 17393
17 56 14242
17 57 23615
17 58 7665
17 59 13330
17 60 40041
17 61 18621
17 62 15547
17 63 11381
17 64 15265
17 65 20924
17 66 13542
17 67 6574
17 68 9336
17 69 29624
17 70 38710
17 71 40499
17 72 11366
17 73 15374
17 74 18337
17 75 4529
17 76 7723
18 1 27221
18 2 30403
18 3 8641
18 4 34898
18 5 47890
18 6 25248
18 7 34648
18 8 39605
18 9 3629
18 10 17286
18 11 27165
18 12 19763
18 13 49255
18 14 38057
18 15 54292
18 16 13412
18 17 19785
18 19 43567
18 20 55521
18 21 39446
18 22 33462
18 23 18093
18 24 -9370
18 25 -1706
18 26 26884
18 27 43757
18 28 34340
18 29 45868
18 30 37141
18 31 536
18 32 1291
18 33 20161
18 34 39556
18 35 41486
18 36 53869
18 37 53613
18 38 28155
18 39 13580
18 40 10246
18 41 28955
18 42 34262
18 43 26362
18 44 6285
18 45 40578
18 46 36730
18 47 48088
18 48 41922
18 49 11814
18 50 -7161
18 51 21038
18 52 40532
18 53 34239
18 54 42582
18 55 -3284
18 56 12372
18 57 50443
18 58 21458
18 59 32793
18 60 65125
18 61 37327
18 62 33037
18 63 20507
18 64 23664
18 65 33184
18 66 27260
18 67 33034
18 68 34267
18 69 52380
18 70 64392
18 71 65048
18 72 21547
18 73 31208
18 74 40845
18 75 30989
18 76 34547
19 1 38527
19 2 24101
19 3 33472
19 4 14622
19 5 18340
19 6 24892
19 7 5377
19 8 -76
19 9 24009
19 10 13138
19 11 -1322
19 12 20453
19 13 5246
19 14 -5952
19 15 16381
19 16 32808
19 17 22227
19 18 40009
19 20 18952
19 21 23359
19 22 37433
19 23 44803
19 24 32704
19 25 34740
19 26 14453
19 27 8419
19 28 28502
19 29 17603
19 30 20867
19 31 12577
19 32 28260
19 33 28961
19 34 9967
19 35 2376
19 36 28351
19 37 21237
19 38 12292
19 39 26378
19 40 20468
19 41 48670
19 42 49845
19 43 43084
19 44 32863
19 45 13662
19 46 4988
19 47 25219
19 48 19934
19 49 44556
19 50 34515
19 51 28994
19 52 4872
19 53 -370
19 54 -8724
19 55 39142
19 56 41766
19 57 8593
19 58 15261
19 59 -10840
19 60 33480
19 61 29899
19 62 33881
19 63 37971
19 64 36014
19 65 14920
19 66 1179
19 67 12436
19 68 25555
19 69 31768
19 70 30074
19 71 36732
19 72 24788
19 73 36931
19 74 28946
19 75 19227
19 76 23070
20 1 35541
20 2 22353
20 3 47006
20 4 22919
20 5 2008
20 6 31278
20 7 32606
20 8 25202
20 9 46574
20 10 42851
20 11 32466
20 12 41557
20 13 13624
20 14 28234
20 15 3151
20 16 40178
20 17 37550
20 18 57212
20 19 24201
20 21 6025
20 22 27235
20 23 46776
20 24 43219
20 25 56987
20 26 33966
20 27 15592
20 28 17697
20 29 11876
20 30 17740
20 31 42001
20 32 46745
20 33 30975
20 34 26074
20 35 32739
20 36 2167
20 37 -5741
20 38 44223
20 39 50614
20 40 39318
20 41 43923
20 42 42836
20 43 38955
20 44 48263
20 45 14656
20 46 24223
20 47 6136
20 48 8833
20 49 52659
20 50 52907
20 51 39443
20 52 18899
20 53 32613
20 54 9693
20 55 61876
20 56 42227
20 57 418
20 58 43040
20 59 21431
20 60 -367
20 61 11551
20 62 27857
20 63 40979
20 64 24100
20 65 48101
20 66 35358
20 67 29408
20 68 31091
20 69 5029
20 70 -4126
20 71 5029
20 72 50712
20 73 34755
20 74 20020
20 75 29343
20 76 36431
21 1 14590
21 2 5306
21 3 31770
21 4 15244
21 5 2516
21 6 16397
21 7 30694
21 8 26146
21 9 35762
21 10 37864
21 11 33444
21 12 32338
21 13 20671
21 14 32587
21 15 13476
21 16 22615
21 17 25846
21 18 41853
21 19 29324
21 20 6741
21 22 5223
21 23 26271
21 24 25111
21 25 44686
21 26 26494
21 27 16474
21 28 -3880
21 29 8701
21 30 4836
21 31 35131
21 32 33600
21 33 12338
21 34 23204
21 35 33697
21 36 -42
21 37 4301
21 38 41946
21 39 41243
21 40 27966
21 41 22089
21 42 20853
21 43 17342
21 44 33744
21 45 10057
21 46 22291
21 47 -3570
21 48 -1536
21 49 34174
21 50 38704
21 51 24806
21 52 18992
21 53 33582
21 54 18909
21 55 49050
21 56 21077
21 57 12619
21 58 37371
21 59 28516
21 60 11367
21 61 -8867
21 62 7012
21 63 21687
21 64 2395
21 65 47175
21 66 37079
21 67 23425
21 68 18134
21 69 -3022
21 70 12435
21 71 10627
21 72 43095
21 73 14741
21 74 1399
21 75 18961
21 76 26956
22 1 669
22 2 6443
22 3 24750
22 4 22290
22 5 19311
22 6 14826
22 7 37313
22 8 35494
22 9 32366
22 10 39531
22 11 39833
22 12 32338
22 13 34436
22 14 41899
22 15 30024
22 16 13625
22 17 24732
22 18 32648
22 19 40177
22 20 24730
22 21 2002
22 23 11235
22 24 12988
22 25 38768
22 26 29607
22 27 28572
22 28 -3880
22 29 22506
22 30 13199
22 31 34002
22 32 28149
22 33 4255
22 34 31670
22 35 42107
22 36 17678
22 37 22235
22 38 45870
22 39 39372
22 40 25622
22 41 4400
22 42 2881
22 43 368
22 44 27218
22 45 21440
22 46 30746
22 47 14188
22 48 12929
22 49 22219
22 50 31224
22 51 20962
22 52 29603
22 53 40925
22 54 32323
22 55 41883
22 56 4551
22 57 28817
22 58 39242
22 59 38628
22 60 28486
22 61 -7290
22 62 -578
22 63 10304
22 64 -14087
22 65 51707
22 66 43312
22 67 29078
22 68 20577
22 69 11793
22 70 30185
22 71 27583
22 72 43095
22 73 5538
22 74 8989
22 75 22415
22 76 30075
23 1 3350
23 2 15122
23 3 12085
23 4 27934
23 5 34199
23 6 15494
23 7 37988
23 8 39478
23 9 20804
23 10 32515
23 11 37782
23 12 26529
23 13 43724
23 14 43717
23 15 43538
23 16 2894
23 17 20155
23 18 14480
23 19 44748
23 20 41472
23 21 20251
23 22 8436
23 24 -6999
23 25 23477
23 26 28344
23 27 37174
23 28 13466
23 29 34486
23 30 23860
23 31 22804
23 32 15262
23 33 3288
23 34 36349
23 35 44289
23 36 36133
23 37 38871
23 38 41206
23 39 29418
23 40 17475
23 41 885
23 42 6396
23 43 -998
23 44 14224
23 45 31080
23 46 34837
23 47 31215
23 48 27176
23 49 3616
23 50 15123
23 51 15884
23 52 36213
23 53 40925
23 54 40163
23 55 24692
23 56 -12942
23 57 41389
23 58 33387
23 59 40387
23 60 47616
23 61 13805
23 62 11976
23 63 1496
23 64 -4343
23 65 47175
23 66 40319
23 67 31178
23 68 24712
23 69 31954
23 70 48397
23 71 46853
23 72 35241
23 73 10985
23 74 23420
23 75 24994
23 76 31046
24 1 16627
24 2 23657
24 3 6504
24 4 32054
24 5 42704
24 6 20204
24 7 36777
24 8 40350
24 9 11205
24 10 24937
24 11 33095
24 12 22407
24 13 47825
24 14 41802
24 15 50570
24 16 5740
24 17 18971
24 18 -438
24 19 45194
24 20 50460
24 21 31636
24 22 22734
24 23 5546
24 25 10239
24 26 27490
24 27 41603
24 28 25530
24 29 41541
24 30 31610
24 31 11608
24 32 5977
24 33 11856
24 34 38650
24 35 43604
24 36 46946
24 37 48118
24 38 35002
24 39 20803
24 40 12448
24 41 16316
24 42 21919
24 43 14338
24 44 6729
24 45 36951
24 46 36469
24 47 41418
24 48 36050
24 49 637
24 50 2103
24 51 17150
24 52 39331
24 53 38228
24 54 42707
24 55 9846
24 56 -745
24 57 47546
24 58 27322
24 59 37679
24 60 58500
24 61 27514
24 62 23887
24 63 10661
24 64 11145
24 65 40634
24 66 34465
24 67 32421
24 68 29826
24 69 44213
24 70 58474
24 71 58032
24 72 27998
24 73 22079
24 74 33561
24 75 28171
24 76 32797
25 1 33117
25 2 32527
25 3 11778
25 4 33532
25 5 47616
25 6 26690
25 7 29058
25 8 34793
25 9 -3338
25 10 7800
25 11 18306
25 12 15491
25 13 45781
25 14 30589
25 15 52589
25 16 18372
25 17 18564
25 18 -2277
25 19 37727
25 20 54725
25 21 41708
25 22 39011
25 23 26519
25 24 736
25 26 23358
25 27 41182
25 28 37897
25 29 45099
25 30 37841
25 31 -10757
25 32 32
25 33 24394
25 34 36349
25 35 35593
25 36 54978
25 37 53368
25 38 18928
25 39 5803
25 40 7511
25 41 37105
25 42 41876
25 43 33717
25 44 8355
25 45 39410
25 46 32955
25 47 49181
25 48 42529
25 49 20042
25 50 -4915
25 51 22520
25 52 37288
25 53 26867
25 54 37710
25 55 -8100
25 56 21749
25 57 47985
25 58 13546
25 59 24271
25 60 65652
25 61 41536
25 62 37240
25 63 26408
25 64 31346
25 65 23401
25 66 17456
25 67 30017
25 68 34696
25 69 54637
25 70 64285
25 71 66049
25 72 13680
25 73 35724
25 74 42986
25 75 30098
25 76 32903
26 1 21430
26 2 10658
26 3 12387
26 4 4926
26 5 19008
26 6 7112
26 7 3060
26 8 6344
26 9 6215
26 10 4738
26 11 3894
26 12 1097
26 13 15953
26 14 8755
26 15 22795
26 16 12449
26 17 1198
26 18 19935
26 19 11062
26 20 25326
26 21 17138
26 22 23472
26 23 25008
26 24 11609
26 25 16980
26 27 11206
26 28 17227
26 29 16262
26 30 11898
26 31 2427
26 32 8197
26 33 10927
26 34 6362
26 35 9656
26 36 27793
26 37 24535
26 38 9742
26 39 10006
26 40 111
26 41 30852
26 42 33067
26 43 25503
26 44 11963
26 45 10387
26 46 3228
26 47 22385
26 48 15482
26 49 23649
26 50 14696
26 51 8681
26 52 7330
26 53 6032
26 54 9150
26 55 21885
26 56 22044
26 57 17990
26 58 4237
26 59 5403
26 60 37320
26 61 20814
26 62 19591
26 63 18677
26 64 20861
26 65 15492
26 66 7193
26 67 65
26 68 10595
26 69 29114
26 70 35360
26 71 38404
26 72 10473
26 73 20570
26 74 19356
26 75 3685
26 76 5744
27 1 25934
27 2 10658
27 3 28097
27 4 3271
27 5 3478
27 6 14690
27 7 9974
27 8 3308
27 9 24654
27 10 20054
27 11 11293
27 12 19536
27 13 -683
27 14 9090
27 15 4588
27 16 24147
27 17 17118
27 18 37399
27 19 5619
27 20 7543
27 21 7709
27 22 23028
27 23 34429
27 24 26313
27 25 35395
27 26 11797
27 28 13540
27 29 1981
27 30 6220
27 31 19178
27 32 26028
27 33 17683
27 34 3355
27 35 11096
27 36 13539
27 37 7823
27 38 21846
27 39 28271
27 40 18088
27 41 36079
27 42 36557
27 43 30491
27 44 28633
27 45 -1568
27 46 1402
27 47 9752
27 48 4285
27 49 36752
27 50 32490
27 51 21265
27 52 -3811
27 53 11228
27 54 -3434
27 55 40308
27 56 31047
27 57 -413
27 58 20218
27 59 4812
27 60 20756
27 61 14341
27 62 20013
27 63 27504
27 64 21718
27 65 26206
27 66 14717
27 67 7214
27 68 14282
27 69 16575
27 70 18105
27 71 22902
27 72 28043
27 73 24225
27 74 13855
27 75 9927
27 76 15816
28 1 5138
28 2 92
28 3 24564
28 4 14692
28 5 9874
28 6 10801
28 7 30373
28 8 27536
28 9 30298
28 10 34962
28 11 33217
28 12 28287
28 13 25261
28 14 34140
28 15 20541
28 16 14501
28 17 21023
28 18 34116
28 19 31836
28 20 15782
28 21 -6511
28 22 -3290
28 23 16855
28 24 16374
28 25 38244
28 26 23952
28 27 19674
28 29 13160
28 30 4604
28 31 30937
28 32 27166
28 33 4066
28 34 23847
28 35 34542
28 36 9443
28 37 13196
28 38 40281
28 39 36485
28 40 22772
28 41 12862
28 42 11936
28 43 7941
28 44 26791
28 45 12547
28 46 22987
28 47 5138
28 48 3448
28 49 25394
28 50 31560
28 51 18559
28 52 21135
28 53 33846
28 54 23282
28 55 42186
28 56 11591
28 57 19333
28 58 34484
28 59 30676
28 60 20820
28 61 -9447
28 62 -2237
28 63 12794
28 64 -4863
28 65 45905
28 66 36830
28 67 22265
28 68 14516
28 69 5370
28 70 21890
28 71 20028
28 72 39241
28 73 5807
28 74 -260
28 75 16217
28 76 24176
29 1 21085
29 2 6042
29 3 28721
29 4 4623
29 5 -3814
29 6 13306
29 7 17294
29 8 11543
29 9 28378
29 10 26474
29 11 19408
29 12 23519
29 13 5700
29 14 17621
29 15 2579
29 16 22661
29 17 19125
29 18 38840
29 19 14133
29 20 3157
29 21 -734
29 22 16292
29 23 31071
29 24 25581
29 25 38642
29 26 16183
29 27 1311
29 28 6356
29 30 798
29 31 25035
29 32 28310
29 33 14428
29 34 9687
29 35 19283
29 36 5643
29 37 1777
29 38 29172
29 39 32699
29 40 20964
29 41 30840
29 42 30733
29 43 25380
29 44 29876
29 45 -3499
29 46 8489
29 47 1285
29 48 -4077
29 49 35327
29 50 34473
29 51 21209
29 52 4232
29 53 19373
29 54 3887
29 55 43508
29 56 27238
29 57 418
29 58 26257
29 59 13319
29 60 14495
29 61 6115
29 62 14164
29 63 24525
29 64 14856
29 65 33905
29 66 22935
29 67 11872
29 68 12905
29 69 8252
29 70 12678
29 71 15763
29 72 33254
29 73 19573
29 74 6753
29 75 10909
29 76 18100
30 1 12198
30 2 -2958
30 3 21431
30 4 2441
30 5 2894
30 6 5496
30 7 18211
30 8 14780
30 9 23487
30 10 24825
30 11 21097
30 12 19536
30 13 13270
30 14 21407
30 15 11486
30 16 14254
30 17 13543
30 18 31752
30 19 19036
30 20 10660
30 21 -2960
30 22 8624
30 23 22084
30 24 17289
30 25 33023
30 26 13458
30 27 7189
30 28 -561
30 29 2437
30 31 22224
30 32 22154
30 33 5518
30 34 11197
30 35 21929
30 36 8934
30 37 8424
30 38 29061
30 39 28603
30 40 15701
30 41 22120
30 42 22299
30 43 16599
30 44 22976
30 45 91
30 46 10347
30 47 3143
30 48 -3409
30 49 26808
30 50 27876
30 51 13894
30 52 8345
30 53 21470
30 54 10976
30 55 37680
30 56 18241
30 57 9403
30 58 24333
30 59 17886
30 60 19849
30 61 1693
30 62 5678
30 63 15621
30 64 7312
30 65 34413
30 66 24747
30 67 10533
30 68 5855
30 69 9248
30 70 19080
30 71 20028
30 72 30169
30 73 10618
30 74 45
30 75 6032
30 76 13979
31 1 45565
31 2 40291
31 3 24935
31 4 36545
31 5 50404
31 6 34738
31 7 25413
31 8 31513
31 9 4086
31 10 -1833
31 11 6694
31 12 18605
31 13 43646
31 14 21407
31 15 52920
31 16 31319
31 17 25014
31 18 16141
31 19 31740
31 20 55915
31 21 48329
31 22 50421
31 23 42022
31 24 18281
31 25 5419
31 26 24981
31 27 41141
31 28 46766
31 29 47668
31 30 43218
31 32 12647
31 33 35520
31 34 36251
31 35 30480
31 36 59411
31 37 55719
31 38 7729
31 39 8233
31 40 14425
31 41 51824
31 42 55867
31 43 47647
31 44 21595
31 45 41798
31 46 31904
31 47 53996
31 48 47087
31 49 36051
31 50 12451
31 51 31843
31 52 36484
31 53 18838
31 54 32884
31 55 4520
31 56 38025
31 57 47021
31 58 8559
31 59 12075
31 60 68637
31 61 50681
31 62 47369
31 63 39573
31 64 45092
31 65 9785
31 66 2970
31 67 31178
31 68 40819
31 69 60626
31 70 66353
31 71 69949
31 72 11733
31 73 46647
31 74 50056
31 75 34655
31 76 36769
32 1 21820
32 2 20456
32 3 424
32 4 22427
32 5 36147
32 6 14644
32 7 21371
32 8 26264
32 9 -6423
32 10 6917
32 11 15407
32 12 6440
32 13 36109
32 14 25248
32 15 41787
32 16 7117
32 17 7165
32 18 -249
32 19 30278
32 20 43514
32 21 29653
32 22 27423
32 23 17335
32 24 -4495
32 25 -937
32 26 13606
32 27 30846
32 28 25850
32 29 33798
32 30 26003
32 31 -4498
32 33 12586
32 34 26416
32 35 28232
32 36 43118
32 37 41916
32 38 17039
32 39 2832
32 40 -3050
32 41 27203
32 42 31459
32 43 23231
32 44 -3038
32 45 28264
32 46 23474
32 47 37307
32 48 30751
32 49 11594
32 50 -5545
32 51 10441
32 52 27407
32 53 21470
32 54 29247
32 55 3489
32 56 13476
32 57 37629
32 58 9514
32 59 20515
32 60 53972
32 61 29544
32 62 25316
32 63 15363
32 64 20820
32 65 22617
32 66 16489
32 67 19903
32 68 22865
32 69 42597
32 70 52810
32 71 54232
32 72 10006
32 73 23921
32 74 30927
32 75 18713
32 76 21865
33 1 -1118
33 2 482
33 3 9125
33 4 13146
33 5 19842
33 6 1292
33 7 25101
33 8 25429
33 9 16366
33 10 24273
33 11 26521
33 12 17057
33 13 28743
33 14 30655
33 15 28727
33 16 -1310
33 17 9505
33 18 18315
33 19 30673
33 20 27438
33 21 8085
33 22 3223
33 23 5055
33 24 1078
33 25 23119
33 26 16030
33 27 22195
33 28 2444
33 29 19610
33 30 9061
33 31 18069
33 32 12280
33 34 21946
33 35 30901
33 36 23356
33 37 24946
33 38 31405
33 39 23459
33 40 9784
33 41 8279
33 42 10437
33 43 2848
33 44 11510
33 45 16050
33 46 20636
33 47 17890
33 48 12929
33 49 10209
33 50 15994
33 51 5229
33 52 21477
33 53 28539
33 54 25394
33 55 26691
33 56 1623
33 57 26431
33 58 24216
33 59 27494
33 60 34921
33 61 5583
33 62 1209
33 63 -1641
33 64 -1287
33 65 37368
33 66 29673
33 67 17430
33 68 9902
33 69 20816
33 70 35051
33 71 34431
33 72 27521
33 73 -408
33 74 9980
33 75 10755
33 76 17465
34 1 24107
34 2 9841
34 3 21790
34 4 292
34 5 10094
34 6 10718
34 7 3211
34 8 -621
34 9 16976
34 10 12570
34 11 5788
34 12 11888
34 13 5246
34 14 5857
34 15 12381
34 16 19363
34 17 10416
34 18 30420
34 19 4389
34 20 15247
34 21 11661
34 22 23348
34 23 30826
34 24 20582
34 25 27784
34 26 4175
34 27 577
34 28 14935
34 29 7579
34 30 7450
34 31 11510
34 32 18820
34 33 14656
34 35 6276
34 36 19783
34 37 15102
34 38 15034
34 39 20486
34 40 10767
34 41 34258
34 42 35436
34 43 28668
34 44 21946
34 45 2029
34 46 -5306
34 47 15105
34 48 8625
34 49 31619
34 50 25323
34 51 15813
34 52 -3462
34 53 5948
34 54 -297
34 55 32680
34 56 27714
34 57 7229
34 58 12562
34 59 2512
34 60 28061
34 61 17273
34 62 19644
34 63 23899
34 64 21809
34 65 19860
34 66 9421
34 67 -207
34 68 11145
34 69 22161
34 70 25651
34 71 29766
34 72 20241
34 73 22511
34 74 15698
34 75 5070
34 76 9661
35 1 34098
35 2 20652
35 3 26728
35 4 11249
35 5 19478
35 6 19893
35 7 -1789
35 8 -2692
35 9 16730
35 10 6645
35 11 -4707
35 12 13312
35 13 8799
35 14 -5053
35 15 19307
35 16 26858
35 17 15756
35 18 32799
35 19 -2753
35 20 22361
35 21 22603
35 22 34234
35 23 39215
35 24 25985
35 25 27477
35 26 7918
35 27 8767
35 28 26079
35 29 17624
35 30 18631
35 31 6188
35 32 21085
35 33 24060
35 34 6725
35 36 29530
35 37 23531
35 38 6750
35 39 19128
35 40 13406
35 41 44043
35 42 45650
35 43 38526
35 44 25922
35 45 12645
35 46 1402
35 47 25460
35 48 19353
35 49 38209
35 50 27286
35 51 23020
35 52 4108
35 53 -4772
35 54 -2326
35 55 31924
35 56 36236
35 57 12460
35 58 8229
35 59 -8211
35 60 36307
35 61 28430
35 62 30411
35 63 32587
35 64 32520
35 65 10476
35 66 -1245
35 67 7214
35 68 21295
35 69 32432
35 70 33291
35 71 38804
35 72 17602
35 73 32703
35 74 26878
35 75 14479
35 76 17689
36 1 24996
36 2 14125
36 3 40466
36 4 19792
36 5 -472
36 6 24580
36 7 33411
36 8 27322
36 9 42802
36 10 42436
36 11 35302
36 12 38475
36 13 18495
36 14 32724
36 15 8506
36 16 32100
36 17 32914
36 18 50760
36 19 28800
36 20 -2633
36 21 -5558
36 22 15383
36 23 36637
36 24 34905
36 25 52440
36 26 31633
36 27 16788
36 28 6558
36 29 9562
36 30 11214
36 31 40697
36 32 41549
36 33 22093
36 34 25810
36 35 35108
36 37 -4014
36 38 45297
36 39 47664
36 40 35054
36 41 32419
36 42 31041
36 43 27757
36 44 42192
36 45 12425
36 46 24598
36 47 -3492
36 48 2050
36 49 44044
36 50 47147
36 51 33077
36 52 20066
36 53 35239
36 54 16289
36 55 57084
36 56 31516
36 57 7628
36 58 42124
36 59 27592
36 60 1097
36 61 -1058
36 62 17360
36 63 31722
36 64 11631
36 65 49993
36 66 38737
36 67 27650
36 68 25271
36 69 -6628
36 70 2040
36 71 698
36 72 48729
36 73 24907
36 74 10542
36 75 25044
36 76 32767
37 1 29459
37 2 16443
37 3 41566
37 4 18221
37 5 -3451
37 6 25705
37 7 29612
37 8 22722
37 9 41972
37 10 39494
37 11 30542
37 12 37116
37 13 12346
37 14 27096
37 15 1601
37 16 34382
37 17 32575
37 18 51846
37 19 23028
37 20 -9199
37 21 127
37 22 21282
37 23 40717
37 24 37419
37 25 52172
37 26 29717
37 27 12414
37 28 11653
37 29 7038
37 30 12046
37 31 38347
37 32 41689
37 33 25025
37 34 22471
37 35 30451
37 36 -2672
37 38 41492
37 39 46285
37 40 34504
37 41 37882
37 42 36847
37 43 32887
37 44 42951
37 45 10057
37 46 20918
37 47 105
37 48 2936
37 49 46792
37 50 47716
37 51 33994
37 52 15836
37 53 30525
37 54 9600
37 55 57010
37 56 36145
37 57 380
37 58 39445
37 59 21281
37 60 1140
37 61 6135
37 62 21774
37 63 34996
37 64 18410
37 65 45762
37 66 33743
37 67 25295
37 68 25678
37 69 1027
37 70 -906
37 71 3677
37 72 46719
37 73 28698
37 74 13953
37 75 24362
37 76 31677
38 1 41426
38 2 31527
38 3 25784
38 4 24285
38 5 36168
38 6 27618
38 7 9490
38 8 14780
38 9 8502
38 10 -8287
38 11 -11645
38 12 12496
38 13 26684
38 14 2541
38 15 36979
38 16 29787
38 17 19029
38 18 25703
38 19 13398
38 20 40080
38 21 37087
38 22 44232
38 23 42367
38 24 23618
38 25 17047
38 26 14239
38 27 25752
38 28 38053
38 29 33748
38 30 31998
38 31 -10328
38 32 16127
38 33 30799
38 34 21718
38 35 12985
38 36 45954
38 37 40807
38 39 10230
38 40 11751
38 41 50056
38 42 52893
38 43 45009
38 44 23486
38 45 28154
38 46 16789
38 47 41193
38 48 34531
38 49 38388
38 50 20365
38 51 27239
38 52 20928
38 53 270
38 54 14690
38 55 19896
38 56 39210
38 57 30333
38 58 -579
38 59 -5642
38 60 53723
38 61 41503
38 62 40401
38 63 37276
38 64 41196
38 65 -5140
38 66 -11674
38 67 18491
38 68 31458
38 69 48234
38 70 50907
38 71 55796
38 72 8657
38 73 41012
38 74 39867
38 75 24463
38 76 26587
39 1 29653
39 2 24567
39 3 9855
39 4 22376
39 5 36648
39 6 18863
39 7 15572
39 8 21463
39 9 -9511
39 10 -3625
39 11 5788
39 12 3583
39 13 32854
39 14 17188
39 15 40547
39 16 15720
39 17 9231
39 18 7787
39 19 24143
39 20 43130
39 21 33043
39 22 34393
39 23 27238
39 24 6078
39 25 581
39 26 11162
39 27 28836
39 28 30916
39 29 33934
39 30 28199
39 31 -13165
39 32 -1421
39 33 19512
39 34 23829
39 35 22022
39 36 44980
39 37 42259
39 38 6889
39 40 -1594
39 41 36455
39 42 40220
39 43 32030
39 44 6863
39 45 28085
39 46 20117
39 47 39349
39 48 32473
39 49 21991
39 50 2363
39 51 15813
39 52 24624
39 53 13407
39 54 24267
39 55 5041
39 56 23665
39 57 35484
39 58 201
39 59 11471
39 60 54948
39 61 34835
39 62 31360
39 63 23899
39 64 29321
39 65 12221
39 66 6211
39 67 17839
39 68 25413
39 69 45625
39 70 53120
39 71 55804
39 72 241
39 73 30618
39 74 34568
39 75 19710
39 76 22022
40 1 19940
40 2 14781
40 3 2658
40 4 14434
40 5 28529
40 6 8969
40 7 13211
40 8 17803
40 9 -3785
40 10 3581
40 11 9448
40 12 -1614
40 13 27587
40 14 17805
40 15 33612
40 16 6731
40 17 -340
40 18 8249
40 19 22029
40 20 35630
40 21 23562
40 22 24439
40 23 19091
40 24 1519
40 25 6085
40 26 5063
40 27 22449
40 28 20999
40 29 25995
40 30 19093
40 31 -3177
40 32 -3507
40 33 9633
40 34 17906
40 35 20096
40 36 36166
40 37 34274
40 38 12206
40 39 2202
40 41 27430
40 42 30836
40 43 22721
40 44 1083
40 45 20313
40 46 14930
40 47 30416
40 48 23652
40 49 15199
40 50 2994
40 51 5834
40 52 18899
40 53 14190
40 54 20753
40 55 10964
40 56 15882
40 57 29261
40 58 4343
40 59 13650
40 60 46636
40 61 24910
40 62 21360
40 63 14637
40 64 19746
40 65 18144
40 66 11492
40 67 11408
40 68 16041
40 69 36321
40 70 45191
40 71 47162
40 72 6421
40 73 20666
40 74 24960
40 75 11031
40 76 13803
41 1 2000
41 2 15674
41 3 21773
41 4 30811
41 5 32583
41 6 19709
41 7 43540
41 8 43621
41 9 30638
41 10 41149
41 11 44737
41 12 34336
41 13 45387
41 14 49079
41 15 42869
41 16 11112
41 17 27157
41 18 25524
41 19 48797
41 20 38801
41 21 16251
41 22 1783
41 23 1067
41 24 3953
41 25 34245
41 26 34370
41 27 39006
41 28 9655
41 29 34437
41 30 24078
41 31 32788
41 32 25312
41 33 6694
41 34 39963
41 35 49299
41 36 32097
41 37 36218
41 38 49077
41 39 38817
41 40 25996
41 42 -3921
41 43 -6822
41 44 24143
41 45 32191
41 46 38783
41 47 28158
41 48 25742
41 49 14566
41 50 25954
41 51 22592
41 52 39023
41 53 46956
41 54 42682
41 55 35718
41 56 -8773
41 57 41315
41 58 41514
41 59 45924
41 60 43035
41 61 6904
41 62 9608
41 63 7540
41 64 -15319
41 65 55075
41 66 47727
41 67 35808
41 68 27782
41 69 26323
41 70 44619
41 71 42135
41 72 44006
41 73 11046
41 74 21497
41 75 29039
41 76 35896
42 1 1450
42 2 14229
42 3 23937
42 4 29841
42 5 29925
42 6 19597
42 7 43421
42 8 42914
42 9 32691
42 10 42410
42 11 45108
42 12 35346
42 13 43724
42 14 48750
42 15 40433
42 16 12892
42 17 27938
42 18 28835
42 19 47976
42 20 35718
42 21 13019
42 22 -1732
42 23 4582
42 24 7560
42 25 37020
42 26 34589
42 27 37488
42 28 6733
42 29 32334
42 30 22261
42 31 34835
42 32 27572
42 33 6856
42 34 39145
42 35 48910
42 36 28723
42 37 33187
42 38 49918
42 39 40586
42 40 27406
42 41 -5917
42 43 -6195
42 44 26388
42 45 30513
42 46 38065
42 47 25119
42 48 23254
42 49 17753
42 50 28839
42 51 23442
42 52 37859
42 53 46956
42 54 41266
42 55 38903
42 56 -4560
42 57 39042
42 58 42556
42 59 45601
42 60 39445
42 61 2975
42 62 7515
42 63 9039
42 64 -18688
42 65 55898
42 66 48274
42 67 35445
42 68 27086
42 69 22562
42 70 41226
42 71 38538
42 72 45401
42 73 10113
42 74 19047
42 75 28601
42 76 35730
43 1 -2472
43 2 11232
43 3 18838
43 4 26342
43 5 28491
43 6 15362
43 7 39222
43 8 39180
43 9 27597
43 10 37486
43 11 40601
43 12 30503
43 13 40949
43 14 44714
43 15 38652
43 16 7808
43 17 23184
43 18 24065
43 19 44345
43 20 34967
43 21 12638
43 22 -1115
43 23 318
43 24 3109
43 25 31991
43 26 30155
43 27 34552
43 28 5868
43 29 30111
43 30 19691
43 31 29745
43 32 22474
43 33 2397
43 34 35507
43 35 44916
43 36 28569
43 37 32357
43 38 45164
43 39 35526
43 40 22421
43 41 -5688
43 42 -3065
43 44 21291
43 45 27764
43 46 34339
43 47 24339
43 48 21582
43 49 12982
43 50 23853
43 51 18643
43 52 34551
43 53 42680
43 54 38217
43 55 34032
43 56 -7111
43 57 37029
43 58 37709
43 59 41563
43 60 39724
43 61 4357
43 62 5396
43 63 3981
43 64 -13652
43 65 51154
43 66 43671
43 67 31422
43 68 23330
43 69 23323
43 70 41070
43 71 38849
43 72 40429
43 73 6576
43 74 17358
43 75 24630
43 76 31551
44 1 16839
44 2 16669
44 3 -4638
44 4 20516
44 5 33523
44 6 11129
44 7 22280
44 8 26440
44 9 -1551
44 10 10886
44 11 18306
44 12 7605
44 13 35258
44 14 27024
44 15 39889
44 16 2088
44 17 5601
44 18 831
44 19 30967
44 20 41118
44 21 25883
44 22 22578
44 23 12383
44 24 -7657
44 25 3472
44 26 13458
44 27 29537
44 28 21561
44 29 31450
44 30 22911
44 31 536
44 32 -6952
44 33 7902
44 34 25628
44 35 29155
44 36 39847
44 37 39264
44 38 20484
44 39 7202
44 40 -2374
44 41 22120
44 42 26361
44 43 18134
44 45 26161
44 46 23052
44 47 34037
44 48 27704
44 49 7020
44 50 -3161
44 51 6831
44 52 26548
44 53 23399
44 54 29204
44 55 7277
44 56 8686
44 57 36134
44 58 12673
44 59 22817
44 60 50957
44 61 25101
44 62 20771
44 63 10304
44 64 15729
44 65 26261
44 66 19931
44 67 19147
44 68 19925
44 69 38858
44 70 50082
44 71 51012
44 72 13680
44 73 19232
44 74 27175
44 75 16584
44 76 20277
45 1 19940
45 2 4602
45 3 25012
45 4 292
45 5 658
45 6 10154
45 7 13211
45 8 8119
45 9 24009
45 10 22076
45 11 15648
45 12 19094
45 13 5246
45 14 14595
45 15 5797
45 16 19702
45 17 14975
45 18 34958
45 19 11600
45 20 7345
45 21 2030
45 22 16634
45 23 29073
45 24 22399
45 25 34361
45 26 11716
45 27 -830
45 28 7151
45 29 -2091
45 30 -140
45 31 20573
45 32 24184
45 33 12276
45 34 5545
45 35 15712
45 36 9914
45 37 6204
45 38 24986
45 39 28258
45 40 16690
45 41 30002
45 42 30320
45 43 24441
45 44 25995
45 46 4500
45 47 5105
45 48 -1260
45 49 32399
45 50 30439
45 51 17636
45 52 1010
45 53 15687
45 54 2922
45 55 39249
45 56 25510
45 57 2677
45 58 21824
45 59 10717
45 60 18965
45 61 8288
45 62 13721
45 63 22276
45 64 15324
45 65 29860
45 66 19243
45 67 7408
45 68 9622
45 69 12161
45 70 17077
45 71 20198
45 72 28782
45 73 18263
45 74 7479
45 75 6837
45 76 13803
46 1 26048
46 2 11974
46 3 22512
46 4 2441
46 5 11839
46 6 12388
46 7 1273
46 8 -2692
46 9 16598
46 10 11114
46 11 3638
46 12 11645
46 13 5284
46 14 3649
46 15 13476
46 16 20682
46 17 11063
46 18 30681
46 19 2497
46 20 16483
46 21 13835
46 22 25511
46 23 32401
46 24 21488
46 25 27477
46 26 4128
46 27 1711
46 28 17162
46 29 9468
46 30 9687
46 31 10250
46 32 18965
46 33 16433
46 34 -2219
46 35 4040
46 36 21658
46 37 16636
46 38 13192
46 39 19861
46 40 10878
46 41 36165
46 42 37443
46 43 30587
46 44 22457
46 45 4071
46 47 17124
46 48 10733
46 49 32771
46 50 25465
46 51 16993
46 52 -2934
46 53 3752
46 54 -1295
46 55 32329
46 56 29331
46 57 7898
46 58 11296
46 59 340
46 60 29597
46 61 19503
46 62 21774
46 63 25518
46 64 23936
46 65 17878
46 66 7258
46 67 408
46 68 13064
46 69 24174
46 70 27036
46 71 31482
46 72 19324
46 73 24493
46 74 17934
46 75 6713
46 76 10841
47 1 19682
47 2 7846
47 3 34087
47 4 13837
47 5 -3451
47 6 18185
47 7 28211
47 8 22722
47 9 36486
47 10 36684
47 11 30542
47 12 32287
47 13 15570
47 14 28729
47 15 7381
47 16 25893
47 17 26567
47 18 44392
47 19 25081
47 20 749
47 21 -9673
47 22 11306
47 23 31132
47 24 28790
47 25 46056
47 26 25638
47 27 12414
47 28 1666
47 29 4617
47 30 4836
47 31 34695
47 32 35151
47 33 16040
47 34 20545
47 35 30451
47 36 -4079
47 37 -1824
47 38 39949
47 39 41446
47 40 28717
47 41 27893
47 42 26850
47 43 22940
47 44 35795
47 45 7029
47 46 19477
47 48 -4155
47 49 37984
47 50 40746
47 51 26679
47 52 15411
47 53 30525
47 54 13738
47 55 50687
47 56 26349
47 57 6589
47 58 36299
47 59 24195
47 60 7239
47 61 -2854
47 62 11976
47 63 25817
47 64 8713
47 65 44860
47 66 34092
47 67 21867
47 68 18886
47 69 -2839
47 70 7338
47 71 7081
47 72 42675
47 73 19191
47 74 4517
47 75 18796
47 76 26587
48 1 16839
48 2 3042
48 3 28487
48 4 7539
48 5 -3451
48 6 12539
48 7 22280
48 8 17308
48 9 30275
48 10 30419
48 11 24846
48 12 25983
48 13 12045
48 14 23674
48 15 6699
48 16 20975
48 17 20411
48 18 38811
48 19 20381
48 20 4031
48 21 -7054
48 22 10632
48 23 27678
48 24 24007
48 25 39989
48 26 19320
48 27 7532
48 28 561
48 29 -160
48 30 -1131
48 31 28371
48 32 29180
48 33 11664
48 34 14650
48 35 24929
48 36 2048
48 37 1592
48 38 33872
48 39 35155
48 40 22538
48 41 26062
48 42 25570
48 43 20768
48 44 30047
48 45 1249
48 46 13671
48 47 -3570
48 49 33378
48 50 34943
48 51 20962
48 52 10094
48 53 24902
48 54 10260
48 55 44688
48 56 23417
48 57 5408
48 58 30013
48 59 19572
48 60 12780
48 61 -288
48 62 9388
48 63 21687
48 64 8986
48 65 38901
48 66 28452
48 67 15621
48 68 12873
48 69 3278
48 70 12078
48 71 13043
48 72 36351
48 73 15706
48 74 1399
48 75 12519
48 76 20277
49 1 9688
49 2 16875
49 3 3764
49 4 26357
49 5 36093
49 6 14068
49 7 33061
49 8 35874
49 9 11605
49 10 24311
49 11 31067
49 12 19707
49 13 42336
49 14 38536
49 15 44304
49 16 -692
49 17 14792
49 18 4657
49 19 40957
49 20 43811
49 21 24610
49 22 15876
49 23 72
49 24 -15452
49 25 13456
49 26 23441
49 27 35953
49 28 18461
49 29 35198
49 30 25040
49 31 13289
49 32 5977
49 33 4898
49 34 33598
49 35 39739
49 36 39996
49 37 41402
49 38 33683
49 39 20627
49 40 10039
49 41 10840
49 42 16023
49 43 8122
49 44 5317
49 45 30862
49 46 31663
49 47 34523
49 48 29332
49 50 5087
49 51 11818
49 52 34066
49 53 35239
49 54 37756
49 55 14742
49 56 -4455
49 57 41509
49 58 25810
49 59 34832
49 60 51564
49 61 20503
49 62 16816
49 63 3590
49 64 5448
49 65 39539
49 66 33064
49 67 27650
49 68 23729
49 69 37151
49 70 51648
49 71 51055
49 72 27069
49 73 15011
49 74 26624
49 75 22648
49 76 27732
50 1 25533
50 2 26662
50 3 4892
50 4 29841
50 5 43292
50 6 21115
50 7 28722
50 8 33793
50 9 -2232
50 10 11639
50 11 21293
50 12 13903
50 13 43724
50 14 32059
50 15 49240
50 16 10969
50 17 14585
50 18 -7591
50 19 37643
50 20 50786
50 21 35867
50 22 31608
50 23 18306
50 24 -7259
50 25 -4774
50 26 21215
50 27 38418
50 28 31354
50 29 41071
50 30 32835
50 31 -3584
50 32 -4435
50 33 17410
50 34 34029
50 35 35543
50 36 49826
50 37 49053
50 38 22387
50 39 7726
50 40 4561
50 41 28955
50 42 33836
50 43 25720
50 44 1863
50 45 35629
50 46 31084
50 47 44012
50 48 37624
50 49 11814
50 51 16812
50 52 35019
50 53 28240
50 54 36794
50 55 -2454
50 56 13507
50 57 45181
50 58 15519
50 59 26850
50 60 60884
50 61 34734
50 62 30360
50 63 18752
50 64 23312
50 65 27556
50 66 21608
50 67 27514
50 68 29780
50 69 48843
50 70 59910
50 71 60984
50 72 15637
50 73 28669
50 74 37166
50 75 26031
50 76 29343
51 1 9205
51 2 4807
51 3 2362
51 4 9713
51 5 21680
51 6 -907
51 7 16918
51 8 18991
51 9 6590
51 10 13868
51 11 17063
51 12 6703
51 13 25488
51 14 22638
51 15 28630
51 16 -1368
51 17 -645
51 18 12658
51 19 24172
51 20 29372
51 21 14019
51 22 13396
51 23 11117
51 24 -162
51 25 14711
51 26 7250
51 27 19243
51 28 10403
51 29 19857
51 30 10903
51 31 7858
51 32 3601
51 33 -1305
51 34 16569
51 35 23327
51 36 27806
51 37 27381
51 38 21311
51 39 13226
51 40 -549
51 41 17643
51 42 20489
51 43 12560
51 44 3905
51 45 14876
51 46 14662
51 47 21995
51 48 15693
51 49 10595
51 50 8862
51 52 17086
51 53 19851
51 54 20727
51 55 19039
51 56 8153
51 57 25327
51 58 13908
51 59 19292
51 60 38932
51 61 14237
51 62 10386
51 63 5004
51 64 9082
51 65 27303
51 66 19942
51 67 10687
51 68 8070
51 69 26978
51 70 38144
51 71 38970
51 72 17081
51 73 9626
51 74 15291
51 75 5810
51 76 10706
52 1 26597
52 2 11675
52 3 26096
52 4 2708
52 5 7506
52 6 14068
52 7 5860
52 8 -621
52 9 21366
52 10 16018
52 11 7312
52 12 16309
52 13 790
52 14 5664
52 15 8506
52 16 23149
52 17 14792
52 18 34875
52 19 2773
52 20 11551
52 21 10928
52 22 24760
52 23 34169
52 24 24742
52 25 32202
52 26 8622
52 27 -3110
52 28 15702
52 29 5603
52 30 8077
52 31 15222
52 32 23290
52 33 17666
52 34 17
52 35 7138
52 36 17518
52 37 11946
52 38 17723
52 39 24760
52 40 15239
52 41 36797
52 42 37629
52 43 31191
52 44 26345
52 45 973
52 46 -2542
52 47 13450
52 48 7548
52 49 35566
52 50 29792
52 51 19809
52 53 7254
52 54 -3984
52 55 37086
52 56 30956
52 57 2936
52 58 16278
52 59 1800
52 60 24875
52 61 17218
52 62 21360
52 63 27204
52 64 23400
52 65 22109
52 66 10796
52 67 4257
52 68 14016
52 69 20395
52 70 22185
52 71 27004
52 72 24310
52 73 24907
52 74 16141
52 75 8666
52 76 13803
53 1 38924
53 2 26401
53 3 28418
53 4 17387
53 5 26478
53 6 24518
53 7 1813
53 8 4308
53 9 15435
53 10 2206
53 11 -11707
53 12 14168
53 13 15333
53 14 -7952
53 15 26115
53 16 30050
53 17 18506
53 18 32420
53 19 1369
53 20 29103
53 21 29356
53 22 39920
53 23 42719
53 24 27477
53 25 25619
53 26 11162
53 27 15767
53 28 32251
53 29 24582
53 30 25040
53 31 1414
53 32 21191
53 33 28566
53 34 13265
53 35 2096
53 36 36529
53 37 30473
53 38 903
53 39 17381
53 40 14368
53 41 48568
53 42 50564
53 43 43158
53 44 27034
53 45 19488
53 46 7982
53 47 32402
53 48 26194
53 49 40577
53 50 26851
53 51 26412
53 52 11092
53 54 2674
53 55 29520
53 56 39750
53 57 19003
53 58 5498
53 59 -12176
53 60 43194
53 61 34927
53 62 36014
53 63 36480
53 64 37917
53 65 3788
53 66 -8203
53 67 12436
53 68 26664
53 69 39396
53 70 40094
53 71 45781
53 72 15465
53 73 37771
53 74 33262
53 75 19630
53 76 22333
54 1 39667
54 2 24480
54 3 38536
54 4 16025
54 5 13665
54 6 27403
54 7 12446
54 8 4957
54 9 31143
54 10 21510
54 11 7126
54 12 26813
54 13 56
54 14 1811
54 15 10101
54 16 36359
54 17 27084
54 18 46317
54 19 -1431
54 20 11737
54 21 20237
54 22 36872
54 23 47511
54 24 37510
54 25 42016
54 26 19834
54 27 6659
54 28 27241
54 29 14650
54 30 20100
54 31 21014
54 32 34522
54 33 30975
54 34 12574
54 35 10096
54 36 23133
54 37 15102
54 38 20877
54 39 33795
54 40 26485
54 41 49848
54 42 50428
54 43 44249
54 44 38393
54 45 12277
54 46 8489
54 47 21169
54 48 17106
54 49 48648
54 50 40959
54 51 32842
54 52 5408
54 53 8228
54 55 46633
54 56 44290
54 57 1522
54 58 23216
54 59 -5534
54 60 26556
54 61 27258
54 62 33904
54 63 40546
54 64 35558
54 65 23475
54 66 9237
54 67 16431
54 68 27336
54 69 26880
54 70 22889
54 71 30505
54 72 32457
54 73 37956
54 74 27542
54 75 21925
54 76 26680
55 1 40297
55 2 41150
55 3 19675
55 4 42718
55 5 56746
55 6 35410
55 7 37932
55 8 43786
55 9 5782
55 10 14978
55 11 25570
55 12 24688
55 13 54928
55 14 38648
55 15 61807
55 16 25823
55 17 27665
55 18 445
55 19 46429
55 20 63914
55 21 50372
55 22 46426
55 23 32034
55 24 4643
55 25 -3800
55 26 32563
55 27 50395
55 28 46139
55 29 54265
55 30 46798
55 31 -7356
55 32 8758
55 33 32266
55 34 45545
55 35 44340
55 36 63922
55 37 62506
55 38 26077
55 39 14563
55 40 16690
55 41 42878
55 42 48059
55 43 40058
55 44 16460
55 45 48598
55 46 42107
55 47 58112
55 48 51528
55 49 25628
55 50 1705
55 51 31148
55 52 46472
55 53 35068
55 54 46627
55 56 26404
55 57 57194
55 58 21824
55 59 31570
55 60 74711
55 61 49583
55 62 45212
55 63 33507
55 64 37504
55 65 29860
55 66 23707
55 67 39230
55 68 43653
55 69 63336
55 70 73420
55 71 75027
55 72 22167
55 73 43534
55 74 51647
55 75 39228
55 76 42087
56 1 7099
56 2 20059
56 3 17362
56 4 33483
56 5 38732
56 6 21150
56 7 43817
56 8 45232
56 9 25812
56 10 37976
56 11 43546
56 12 32236
56 13 49132
56 14 49546
56 15 48390
56 16 8689
56 17 25967
56 18 17554
56 19 50506
56 20 45718
56 21 23852
56 22 10547
56 23 -4147
56 24 -4495
56 25 27502
56 26 34175
56 27 42587
56 28 16997
56 29 39448
56 30 28812
56 31 27602
56 32 20198
56 33 8651
56 34 42032
56 35 50105
56 36 39807
56 37 43094
56 38 46844
56 39 34640
56 40 23061
56 41 -160
56 42 6049
56 43 368
56 44 19322
56 45 36312
56 46 40562
56 47 35227
56 48 31710
56 49 7884
56 50 19119
56 51 21715
56 52 41795
56 53 46751
56 54 45737
56 55 27857
56 57 46414
56 58 38996
56 59 46218
56 60 51120
56 61 16014
56 62 15875
56 63 7142
56 64 -5756
56 65 52796
56 66 46018
56 67 36952
56 68 30238
56 69 34915
56 70 52236
56 71 50275
56 72 40694
56 73 15517
56 74 27703
56 75 30686
56 76 36823
57 1 34110
57 2 19059
57 3 39901
57 4 14762
57 5 1685
57 6 25447
57 7 20670
57 8 12899
57 9 36814
57 10 31038
57 11 19587
57 12 31706
57 13 790
57 14 15198
57 15 -3376
57 16 34999
57 17 29187
57 18 49472
57 19 11180
57 20 -2244
57 21 9241
57 22 28660
57 23 44031
57 24 37643
57 25 47585
57 26 23968
57 27 4974
57 28 18586
57 29 6475
57 30 13821
57 31 30445
57 32 38198
57 33 27306
57 34 15394
57 35 20176
57 36 9766
57 37 1176
57 38 31814
57 39 40306
57 40 30287
57 41 43775
57 42 43498
57 43 38355
57 44 40617
57 45 7326
57 46 12976
57 47 9314
57 48 7548
57 49 47695
57 50 44640
57 51 32736
57 52 7622
57 53 19851
57 54 -3184
57 55 52494
57 56 40261
57 58 31601
57 59 8607
57 60 12457
57 61 16308
57 62 27053
57 63 37376
57 64 26938
57 65 35401
57 66 22370
57 67 19408
57 68 24912
57 69 13620
57 70 8900
57 71 16431
57 72 39839
57 73 32611
57 74 19299
57 75 21556
57 76 27839
58 1 32868
58 2 24276
58 3 16569
58 4 18716
58 5 32198
58 6 19616
58 7 7353
58 8 13521
58 9 402
58 10 -9287
58 11 -3896
58 12 3583
58 13 25548
58 14 7252
58 15 34571
58 16 20698
58 17 10416
58 18 17666
58 19 15027
58 20 37557
58 21 31172
58 22 36264
58 23 33208
58 24 14598
58 25 10325
58 26 7394
58 27 22784
58 28 30916
58 29 29493
58 30 25930
58 31 -10838
58 32 7262
58 33 22270
58 34 17906
58 35 13124
58 36 41441
58 37 37420
58 38 -1919
58 39 2202
58 40 2548
58 41 41153
58 42 44191
58 43 36214
58 44 14335
58 45 23652
58 46 13553
58 47 36203
58 48 29332
58 49 29175
58 50 12157
58 51 18496
58 52 18143
58 53 3525
58 54 15689
58 55 14303
58 56 30022
58 57 28780
58 59 1536
58 60 50361
58 61 34651
58 62 32591
58 63 28332
58 64 32727
58 65 4002
58 66 -2527
58 67 13090
58 68 24327
58 69 43047
58 70 48012
58 71 51816
58 72 241
58 73 32768
58 74 33337
58 75 17630
58 76 19661
59 1 54601
59 2 41032
59 3 44917
59 4 31509
59 5 35965
59 6 40324
59 7 17624
59 8 16515
59 9 30649
59 10 14780
59 11 -4674
59 12 30623
59 13 22329
59 14 -4322
59 15 33173
59 16 46524
59 17 35011
59 18 47931
59 19 7856
59 20 34878
59 21 41247
59 22 54580
59 23 59138
59 24 43885
59 25 39980
59 26 27490
59 27 26308
59 28 46038
59 29 35485
59 30 38413
59 31 11608
59 32 37193
59 33 44478
59 34 26786
59 35 15614
59 36 45839
59 37 38186
59 38 11948
59 39 32402
59 40 30785
59 41 64493
59 42 66166
59 43 58998
59 44 43409
59 45 31475
59 46 21527
59 47 43029
59 48 37821
59 49 57127
59 50 42418
59 51 42810
59 52 22595
59 53 4781
59 54 5869
59 55 42979
59 56 56174
59 57 24716
59 58 20466
59 60 49734
59 61 47734
59 62 50824
59 63 52741
59 64 52972
59 65 10741
59 66 -8072
59 67 27710
59 68 41806
59 69 49407
59 70 46017
59 71 53644
59 72 30469
59 73 53221
59 74 46591
59 75 34991
59 76 38080
60 1 36515
60 2 25651
60 3 51776
60 4 29580
60 5 7836
60 6 35829
60 7 41294
60 8 34284
60 9 53217
60 10 51196
60 11 41953
60 12 48514
60 13 23310
60 14 38086
60 15 12481
60 16 43688
60 17 43558
60 18 62099
60 19 34012
60 20 -5084
60 21 5934
60 22 26274
60 23 48203
60 24 46542
60 25 63197
60 26 41243
60 27 24088
60 28 18018
60 29 18497
60 30 22212
60 31 50006
60 32 52486
60 33 33741
60 34 34171
60 35 41968
60 36 1180
60 37 -119
60 38 53149
60 39 57715
60 40 45607
60 41 43440
60 42 41846
60 43 38995
60 44 53385
60 45 21559
60 46 32620
60 47 7909
60 48 12865
60 49 55695
60 50 58288
60 51 44286
60 52 27506
60 53 41987
60 54 19795
60 55 67956
60 56 42912
60 57 10402
60 58 51127
60 59 31570
60 61 8574
60 62 28937
60 63 43384
60 64 21322
60 65 57329
60 66 45023
60 67 36893
60 68 36202
60 69 161
60 70 -5654
60 71 -1274
60 72 58304
60 73 36552
60 74 22181
60 75 35434
60 76 42928
61 1 12080
61 2 10042
61 3 34147
61 4 23585
61 5 13079
61 6 20850
61 7 39385
61 8 35690
61 9 40301
61 10 44846
61 11 42277
61 12 38298
61 13 31195
61 14 42293
61 15 24004
61 16 23629
61 17 31070
61 18 43233
61 19 39363
61 20 15766
61 21 -5368
61 22 -570
61 23 23324
61 24 24488
61 25 48013
61 26 33669
61 27 26605
61 28 -3317
61 29 19049
61 30 12988
61 31 40982
61 32 36990
61 33 13335
61 34 32315
61 35 43023
61 36 7957
61 37 13808
61 38 49861
61 39 46534
61 40 32813
61 41 16241
61 42 14308
61 43 12560
61 44 36461
61 45 19814
61 46 31458
61 47 6748
61 48 8729
61 49 33566
61 50 41070
61 51 28523
61 52 28781
61 53 42652
61 54 29429
61 55 51760
61 56 16738
61 57 23185
61 58 44349
61 59 38502
61 60 17506
61 62 6592
61 63 21120
61 64 -6664
61 65 55373
61 66 45924
61 67 31516
61 68 24327
61 69 303
61 70 19941
61 71 16649
61 72 49250
61 73 14618
61 74 7897
61 75 25887
61 76 33895
62 1 -934
62 2 -1473
62 3 18933
62 4 14434
62 5 14478
62 6 7008
62 7 29267
62 8 27663
62 9 25571
62 10 31787
62 11 31771
62 12 24688
62 13 27587
62 14 33966
62 15 24630
62 16 8446
62 17 17139
62 18 28086
62 19 32488
62 20 21215
62 21 -346
62 22 -4715
62 23 10638
62 24 10004
62 25 32860
62 26 21589
62 27 21420
62 28 -6964
62 29 16241
62 30 6116
62 31 26813
62 32 21905
62 33 -1896
62 34 23829
62 35 34147
62 36 15518
62 37 18590
62 38 37902
62 39 32202
62 40 18406
62 41 8088
62 42 7991
62 43 2742
62 44 21274
62 45 14390
62 46 22872
62 47 10721
62 48 7548
62 49 19022
62 50 25839
62 51 13815
62 52 22066
62 53 32882
62 54 25218
62 55 36532
62 56 5742
62 57 23073
62 58 31432
62 59 30735
62 60 27012
62 61 -4265
62 63 6418
62 64 -6475
62 65 43712
62 66 35256
62 67 21035
62 68 12517
62 69 11773
62 70 27821
62 71 26277
62 72 35552
62 73 -507
62 74 3337
62 75 14353
62 76 22022
63 1 -934
63 2 6534
63 3 7395
63 4 18716
63 5 25879
63 6 6291
63 7 29267
63 8 30387
63 9 15980
63 10 25896
63 11 29790
63 12 19094
63 13 34543
63 14 34978
63 15 34807
63 16 -3829
63 17 12057
63 18 14640
63 19 35662
63 20 33421
63 21 13413
63 22 5251
63 23 -758
63 24 -4138
63 25 21112
63 26 19759
63 27 27995
63 28 7151
63 29 25686
63 30 15143
63 31 18101
63 32 11036
63 33 -5662
63 34 27168
63 35 35407
63 36 28964
63 37 30896
63 38 33861
63 39 23825
63 40 10767
63 41 5104
63 42 8599
63 43 411
63 44 9891
63 45 22029
63 46 25700
63 47 23646
63 48 18931
63 49 4880
63 50 13315
63 51 7517
63 52 26994
63 53 32432
63 54 30944
63 55 23911
63 56 -3907
63 57 32480
63 58 26257
63 59 31736
63 60 40543
63 61 9347
63 62 5502
63 64 -2193
63 65 39860
63 66 32637
63 67 22139
63 68 15501
63 69 25860
63 70 40864
63 71 39952
63 72 28782
63 73 3713
63 74 15698
63 75 15820
63 76 22022
64 1 9205
64 2 19740
64 3 32809
64 4 35647
64 5 32198
64 6 26822
64 7 50220
64 8 48877
64 9 41475
64 10 50637
64 11 52404
64 12 43447
64 13 48004
64 14 55141
64 15 43076
64 16 21663
64 17 35905
64 18 37761
64 19 53669
64 20 36506
64 21 14085
64 22 824
64 23 13367
64 24 16310
64 25 46014
64 26 41907
64 27 42173
64 28 9458
64 29 35981
64 30 26798
64 31 43584
64 32 36457
64 33 14656
64 34 45042
64 35 55304
64 36 28837
64 37 34274
64 38 57745
64 39 49211
64 40 35840
64 41 2209
64 42 836
64 43 2742
64 44 35280
64 45 35041
64 46 44082
64 47 26506
64 48 26194
64 49 26702
64 50 37839
64 51 31559
64 52 43154
64 53 53833
64 54 45920
64 55 47872
64 56 3159
64 57 42006
64 58 50616
64 59 51931
64 60 38445
64 61 1527
64 62 12573
64 63 17771
64 65 63684
64 66 55740
64 67 42042
64 68 33488
64 69 21175
64 70 40962
64 71 37627
64 72 53764
64 73 16965
64 74 22492
64 75 35238
64 76 42673
65 1 46390
65 2 36216
65 3 30650
65 4 28576
65 5 39727
65 6 32502
65 7 13211
65 8 17803
65 9 12767
65 10 -4517
65 11 -12636
65 12 17494
65 13 29246
65 14 2740
65 15 39920
65 16 34776
65 17 24016
65 18 29733
65 19 15027
65 20 42959
65 21 41317
65 22 49070
65 23 47337
65 24 28251
65 25 20521
65 26 18990
65 27 29113
65 28 42678
65 29 37482
65 30 36351
65 31 -9271
65 32 20706
65 33 35763
65 34 25545
65 35 15712
65 36 49651
65 37 44078
65 38 -6139
65 39 14563
65 40 16690
65 41 55055
65 42 57874
65 43 50000
65 44 28264
65 45 32029
65 46 20476
65 47 45105
65 48 38561
65 49 43245
65 50 24535
65 51 32232
65 52 24315
65 53 2156
65 54 16289
65 55 22680
65 56 44163
65 57 32921
65 58 4343
65 59 -7848
65 60 56904
65 61 46016
65 62 45212
65 63 42276
65 64 46136
65 66 -16056
65 67 22851
65 68 36150
65 69 52161
65 70 53905
65 71 59247
65 72 13269
65 73 45923
65 74 44327
65 75 29112
65 76 31284
66 1 51853
66 2 40609
66 3 37362
66 4 32118
66 5 41516
66 6 37634
66 7 16298
66 8 19382
66 9 19981
66 10 2741
66 11 -12427
66 12 23701
66 13 29582
66 14 859
66 15 40641
66 16 41000
66 17 29830
66 18 37005
66 19 14482
66 20 43412
66 21 44417
66 22 53871
66 23 53677
66 24 35278
66 25 27772
66 26 23887
66 27 30820
66 28 46799
66 29 39708
66 30 39881
66 31 -2890
66 32 27774
66 33 41264
66 34 28302
66 35 17187
66 36 51591
66 37 45255
66 38 523
66 39 21749
66 40 23234
66 41 60903
66 42 63446
66 43 55713
66 44 35130
66 45 34608
66 46 23052
66 47 47533
66 48 41308
66 49 49966
66 50 31783
66 51 38067
66 52 26198
66 53 3361
66 54 15247
66 55 29723
66 56 50581
66 57 33086
66 58 11010
66 59 -13465
66 60 57794
66 61 49763
66 62 49952
66 63 48249
66 64 51388
66 65 -2860
66 67 26719
66 68 40635
66 69 54520
66 70 54504
66 71 60657
66 72 20301
66 73 51097
66 74 48045
66 75 33540
66 76 35896
67 1 21300
67 2 8400
67 3 16549
67 4 221
67 5 13644
67 6 7112
67 7 2645
67 8 2748
67 9 11861
67 10 9228
67 11 5373
67 12 6741
67 13 10631
67 14 7720
67 15 17140
67 16 14827
67 17 5118
67 18 25035
67 19 7995
67 20 19718
67 21 13019
67 22 21893
67 23 26792
67 24 15490
67 25 22589
67 26 -985
67 27 5573
67 28 14490
67 29 10901
67 30 7923
67 31 7574
67 32 13444
67 33 11277
67 34 930
67 35 7902
67 36 22760
67 37 19063
67 38 12944
67 39 15633
67 40 5406
67 41 31240
67 42 32873
67 43 25720
67 44 16602
67 45 5029
67 46 -1542
67 47 17564
67 48 10733
67 49 26808
67 50 19945
67 51 11068
67 52 1915
67 53 6256
67 54 4697
67 55 27502
67 56 23771
67 57 12380
67 58 8883
67 59 4573
67 60 31920
67 61 17611
67 62 17987
67 63 20007
67 64 19946
67 65 18303
67 66 8975
67 68 8655
67 69 24489
67 70 29836
67 71 33187
67 72 15832
67 73 19949
67 74 15898
67 75 1701
67 76 5046
68 1 10236
68 2 -2678
68 3 13171
68 4 501
68 5 10879
68 6 -2211
68 7 14020
68 8 13117
68 9 15002
68 10 17774
68 11 16528
68 12 11535
68 13 16329
68 14 18989
68 15 18013
68 16 7351
68 17 5035
68 18 23423
68 19 18269
68 20 18556
68 21 4883
68 22 10547
68 23 17481
68 24 10050
68 25 24423
68 26 6700
68 27 9796
68 28 3896
68 29 9089
68 30 400
68 31 14370
68 32 13561
68 33 904
68 34 9437
68 35 19138
68 36 17536
68 37 16601
68 38 23066
68 39 20362
68 40 7194
68 41 20369
68 42 21669
68 43 14783
68 44 14535
68 45 4398
68 46 8269
68 47 11738
68 48 5140
68 49 20042
68 50 19366
68 51 5606
68 52 8829
68 53 17639
68 54 12757
68 55 29080
68 56 14212
68 57 15039
68 58 17275
68 59 15824
68 60 28384
68 61 7577
68 62 6624
68 63 10524
68 64 8547
68 65 28757
68 66 20046
68 67 5810
68 69 17546
68 70 27411
68 71 28627
68 72 22407
68 73 8706
68 74 6490
68 75 -898
68 76 6941
69 1 24107
69 2 16119
69 3 42582
69 4 24622
69 5 6241
69 6 27172
69 7 39211
69 8 33612
69 9 46374
69 10 47514
69 11 41498
69 12 42623
69 13 25488
69 14 39390
69 15 15705
69 16 33274
69 17 36415
69 18 52628
69 19 35574
69 20 3586
69 21 -5181
69 22 12855
69 23 35815
69 24 35529
69 25 55456
69 26 36311
69 27 23181
69 28 5842
69 29 15528
69 30 14885
69 31 45269
69 32 44385
69 33 22910
69 34 31545
69 35 41367
69 36 -3271
69 37 3042
69 38 50934
69 39 51666
69 40 38566
69 41 30002
69 42 28237
69 43 25868
69 44 44560
69 45 18029
69 46 30471
69 47 1105
69 48 6637
69 49 44556
69 50 49521
69 51 35606
69 52 26300
69 53 41463
69 54 23393
69 55 59855
69 56 29981
69 57 14839
69 58 47087
69 59 34517
69 60 3435
69 61 -5355
69 62 16972
69 63 31975
69 64 7326
69 65 55860
69 66 45023
69 67 32736
69 68 28638
69 70 6366
69 71 2682
69 72 53215
69 73 24973
69 74 12205
69 75 29112
69 76 37024
70 1 36994
70 2 25028
70 3 50620
70 4 27426
70 5 5757
70 6 34702
70 7 38155
70 8 30909
70 9 51181
70 10 48274
70 11 38345
70 12 46296
70 13 19541
70 14 34211
70 15 8873
70 16 43088
70 17 41788
70 18 60927
70 19 30167
70 20 -9282
70 21 6563
70 22 27534
70 23 48545
70 24 46077
70 25 61391
70 26 38844
70 27 20998
70 28 18649
70 29 16241
70 30 21004
70 31 47283
70 32 50885
70 33 33432
70 34 31322
70 35 38513
70 36 1684
70 37 -2604
70 38 49894
70 39 55448
70 40 43723
70 41 44585
70 42 43188
70 43 39902
70 44 52071
70 45 19232
70 46 29620
70 47 7569
70 48 11724
70 49 55340
70 50 56875
70 51 43059
70 52 24377
70 53 38448
70 54 15689
70 55 66226
70 56 43589
70 57 6406
70 58 48339
70 59 27414
70 60 -6093
70 61 10570
70 62 29307
70 63 43266
70 64 23400
70 65 53891
70 66 41294
70 67 34370
70 68 34790
70 69 2653
70 71 1243
70 72 55780
70 73 36647
70 74 21973
70 75 33579
70 76 40892
71 1 31539
71 2 21187
71 3 47534
71 4 26327
71 5 5002
71 6 31639
71 7 39102
71 8 32508
71 9 49651
71 10 48604
71 11 40426
71 12 45171
71 13 22396
71 14 37134
71 15 11616
71 16 39129
71 17 39824
71 18 57830
71 19 33072
71 20 -3880
71 21 1002
71 22 21179
71 23 43248
71 24 41882
71 25 59402
71 26 38135
71 27 22042
71 28 13034
71 29 15573
71 30 18199
71 31 47126
71 32 48554
71 33 29059
71 34 31684
71 35 40273
71 36 -3411
71 37 -1774
71 38 51030
71 39 54379
71 40 41941
71 41 38348
71 42 36747
71 43 33928
71 44 49248
71 45 18600
71 46 30313
71 47 3559
71 48 8936
71 49 50994
71 50 54196
71 51 40132
71 52 25443
71 53 40382
71 54 19552
71 55 64080
71 56 37875
71 57 10184
71 58 48390
71 59 31288
71 60 -5466
71 61 3525
71 62 24010
71 63 38601
71 64 16312
71 65 55480
71 66 43694
71 67 33968
71 68 32253
71 69 -4784
71 70 -2510
71 72 55249
71 73 31709
71 74 17544
71 75 31846
71 76 39486
72 1 30982
72 2 24057
72 3 12880
72 4 20147
72 5 34199
72 6 18767
72 7 11239
72 8 17308
72 9 -4579
72 10 -7477
72 11 909
72 12 2287
72 13 29043
72 14 12214
72 15 37381
72 16 17873
72 17 9077
72 18 12715
72 19 19514
72 20 40189
72 21 31856
72 22 35077
72 23 30022
72 24 10234
72 25 5419
72 26 8590
72 27 25569
72 28 30633
72 29 31450
72 30 26726
72 31 -12704
72 32 2714
72 33 20535
72 34 20545
72 35 17457
72 36 43006
72 37 39654
72 38 2277
72 39 -2798
72 40 -414
72 41 38605
72 42 41996
72 43 33894
72 44 10302
72 45 25570
72 46 16541
72 47 37539
72 48 30630
72 49 25394
72 50 7235
72 51 16629
72 52 21135
72 53 8452
72 54 19890
72 55 9606
72 56 26680
72 57 31978
72 58 -4799
72 59 6499
72 60 52498
72 61 34512
72 62 31671
72 63 25817
72 64 30835
72 65 7888
72 66 1724
72 67 14999
72 68 24419
72 69 44135
72 70 50413
72 71 53635
72 73 31371
72 74 33648
72 75 18167
72 76 20277
73 1 -3795
73 2 -738
73 3 14202
73 4 14316
73 5 17762
73 6 4352
73 7 27924
73 8 27308
73 9 21380
73 10 28679
73 11 29942
73 12 21447
73 13 28934
73 14 33152
73 15 27381
73 16 3504
73 17 13833
73 18 23124
73 19 32405
73 20 24980
73 21 4250
73 22 -1732
73 23 6514
73 24 5063
73 25 28211
73 26 19435
73 27 22499
73 28 -2053
73 29 18517
73 30 7923
73 31 22958
73 32 17377
73 33 -6646
73 34 23563
73 35 33306
73 36 19932
73 37 22381
73 38 35380
73 39 28327
73 40 14579
73 41 6393
73 42 7456
73 43 789
73 44 16602
73 45 15799
73 46 22458
73 47 14803
73 48 10733
73 49 14084
73 50 21015
73 51 9922
73 52 22480
73 53 31506
73 54 26137
73 55 31721
73 56 2251
73 57 25498
73 58 28476
73 59 29999
73 60 31494
73 61 628
73 62 -3640
73 63 1496
73 64 -5216
73 65 41290
73 66 33268
73 67 19864
73 68 11466
73 69 16641
73 70 32028
73 71 30843
73 72 32119
73 74 6938
73 75 13015
73 76 20277
74 1 8931
74 2 -2747
74 3 23763
74 4 9032
74 5 4478
74 6 8342
74 7 24834
74 8 21463
74 9 27803
74 10 30713
74 11 27727
74 12 24688
74 13 18873
74 14 28094
74 15 14742
74 16 14927
74 17 17952
74 18 33917
74 19 25576
74 20 11401
74 21 -7936
74 22 2875
74 23 20105
74 24 17701
74 25 36629
74 26 19377
74 27 13285
74 28 -6964
74 29 6853
74 30 -1494
74 31 27523
74 32 25539
74 33 4898
74 34 17906
74 35 28637
74 36 6723
74 37 8792
74 38 35391
74 39 33433
74 40 20029
74 41 18000
74 42 17546
74 43 12727
74 44 25701
74 45 6171
74 46 17055
74 47 1285
74 48 -2418
74 49 26853
74 50 30668
74 51 16743
74 52 14870
74 53 28153
74 54 16879
74 55 40990
74 56 15593
74 57 13342
74 58 30201
74 59 24525
74 60 18279
74 61 -4937
74 62 1360
74 63 14637
74 64 1467
74 65 40850
74 66 31372
74 67 16969
74 68 10406
74 69 5029
74 70 18510
74 71 17834
74 72 35552
74 73 8094
74 75 11630
74 76 19661
75 1 14251
75 2 1747
75 3 12978
75 4 -1394
75 5 12150
75 6 306
75 7 9612
75 8 9308
75 9 12443
75 10 13713
75 11 12058
75 12 8153
75 13 14337
75 14 14780
75 15 17935
75 16 9114
75 17 2851
75 18 22768
75 19 14564
75 20 19431
75 21 8333
75 22 15008
75 23 20386
75 24 11018
75 25 22448
75 26 2413
75 27 8064
75 28 8220
75 29 9716
75 30 3200
75 31 10829
75 32 12032
75 33 4380
75 34 5985
75 35 14945
75 36 19932
75 37 17908
75 38 18694
75 39 17282
75 40 4807
75 41 24249
75 42 25807
75 43 18706
75 44 13817
75 45 4236
75 46 4541
75 47 14271
75 48 7409
75 49 21584
75 50 18240
75 51 5969
75 52 6102
75 53 13228
75 54 9969
75 55 27278
75 56 17283
75 57 14306
75 58 13201
75 59 11632
75 60 30239
75 61 11760
75 62 11083
75 63 13466
75 64 12920
75 65 24342
75 66 15574
75 67 1479
75 68 1725
75 69 20643
75 70 28823
75 71 30843
75 72 18778
75 73 12878
75 74 10337
75 76 2661
END
NODE_CONSUMPTION
0 1 18
0 2 26
0 3 11
0 4 30
0 5 21
0 6 19
0 7 15
0 8 16
0 9 29
0 10 26
0 11 37
0 12 16
0 13 12
0 14 31
0 15 8
0 16 19
0 17 20
0 18 13
0 19 15
0 20 22
0 21 28
0 22 12
0 23 6
0 24 27
0 25 14
0 26 18
0 27 17
0 28 29
0 29 13
0 30 22
0 31 25
0 32 28
0 33 27
0 34 19
0 35 10
0 36 12
0 37 14
0 38 24
0 39 16
0 40 33
0 41 15
0 42 11
0 43 18
0 44 17
0 45 21
0 46 27
0 47 19
0 48 20
0 49 5
0 50 22
0 51 12
0 52 19
0 53 22
0 54 16
0 55 7
0 56 26
0 57 14
0 58 21
0 59 24
0 60 13
0 61 15
0 62 18
0 63 11
0 64 28
0 65 9
0 66 37
0 67 30
0 68 10
0 69 8
0 70 11
0 71 3
0 72 1
0 73 6
0 74 10
0 75 20
END
