NAME : ./data/ESPPRC - Test Instances/E-n76-k8_b.simplified-vrp
SIZE : 77
DIRECTED : 1
CYCLIC : 1
ORIGIN : 0
DESTINATION : 76
RESOURCES : 1
RES_NAMES : 0
RES_TYPE
0 CAP
END
RES_BOUND
0 0 180
END
EDGE_COST
0 1 17647
0 2 11036
0 3 14896
0 4 5678
0 5 17928
0 6 6697
0 7 10550
0 8 10219
0 9 15229
0 10 19208
0 11 16961
0 12 9489
0 13 17025
0 14 20167
0 15 19652
0 16 15383
0 17 5457
0 18 27097
0 19 17412
0 20 27167
0 21 15951
0 22 20436
0 23 24660
0 24 15655
0 25 23577
0 26 3493
0 27 11537
0 28 15560
0 29 15741
0 30 10513
0 31 12503
0 32 16018
0 33 13292
0 34 9995
0 35 14026
0 36 25697
0 37 25210
0 38 17510
0 39 16974
0 40 8152
0 41 31388
0 42 32498
0 43 24822
0 44 15118
0 45 10329
0 46 9793
0 47 21971
0 48 15222
0 49 20250
0 50 21057
0 51 8650
0 52 10185
0 53 17666
0 54 11938
0 55 25652
0 56 22892
0 57 19730
0 58 15402
0 59 14859
0 60 35814
0 61 18991
0 62 16403
0 63 14364
0 64 21214
0 65 24443
0 66 24043
0 67 5381
0 68 6322
0 69 26247
0 70 33778
0 71 35415
0 72 15816
0 73 16622
0 74 17000
0 75 1608
1 2 11036
1 3 18271
1 4 25027
1 5 25989
1 6 13756
1 7 36006
1 8 34632
1 9 28844
1 10 40747
1 11 42009
1 12 29186
1 13 36523
1 14 45515
1 15 32499
1 16 10003
1 17 21992
1 18 28612
1 19 41710
1 20 35118
1 21 12426
1 22 -129
1 23 5805
1 24 8326
1 25 32632
1 26 28020
1 27 30496
1 28 5363
1 29 27567
1 30 17573
1 31 30140
1 32 24814
1 33 3550
1 34 33282
1 35 39276
1 36 26767
1 37 31833
1 38 41190
1 39 33446
1 40 23130
1 41 6333
1 42 7059
1 43 -360
1 44 20521
1 45 25307
1 46 33841
1 47 23907
1 48 20625
1 49 11047
1 50 26088
1 51 15990
1 52 31820
1 53 43098
1 54 33766
1 55 32703
1 56 2009
1 57 34842
1 58 37450
1 59 40221
1 60 38242
1 61 6017
1 62 2288
1 63 249
1 64 -3413
1 65 48390
1 66 48841
1 67 30476
1 68 18458
1 69 22171
1 70 38721
1 71 36309
1 72 35362
1 73 1391
1 74 15111
1 75 22039
1 76 1639
2 1 6751
2 3 19456
2 4 11335
2 5 12853
2 6 6021
2 7 24193
2 8 21278
2 9 26110
2 10 33408
2 11 31188
2 12 22426
2 13 21978
2 14 32824
2 15 18526
2 16 13995
2 17 15643
2 18 32572
2 19 28062
2 20 22708
2 21 3920
2 22 6423
2 23 18355
2 24 16134
2 25 32820
2 26 18026
2 27 15998
2 28 1095
2 29 13302
2 30 3195
2 31 25644
2 32 24228
2 33 5928
2 34 19794
2 35 26608
2 36 16674
2 37 19595
2 38 32069
2 39 29138
2 40 18749
2 41 20785
2 42 20616
2 43 14122
2 44 21129
2 45 10747
2 46 20545
2 47 12849
2 48 7606
2 49 19012
2 50 27995
2 51 12370
2 52 17676
2 53 31353
2 54 19357
2 55 34334
2 56 15747
2 57 20569
2 58 29636
2 59 27430
2 60 28156
2 61 4757
2 62 2527
2 63 8495
2 64 7900
2 65 38994
2 66 38375
2 67 18354
2 68 6322
2 69 14961
2 70 27533
2 71 26735
2 72 29215
2 73 5226
2 74 4211
2 75 10313
2 76 -9257
3 1 15213
3 2 20683
3 4 24607
3 5 35130
3 6 13756
3 7 25836
3 8 28408
3 9 6494
3 10 21528
3 11 27252
3 12 12638
3 13 36666
3 14 35084
3 15 38514
3 16 4967
3 17 9437
3 18 8490
3 19 35113
3 20 45041
3 21 28064
3 22 22410
3 23 12998
3 24 -3339
3 25 9751
3 26 17435
3 27 31117
3 28 23247
3 29 33661
3 30 25264
3 31 7968
3 32 1876
3 33 12251
3 34 29423
3 35 30364
3 36 40695
3 37 42398
3 38 24006
3 39 12106
3 40 4306
3 41 24564
3 42 28004
3 43 19408
3 44 -2498
3 45 28837
3 46 28763
3 47 36770
3 48 30731
3 49 3581
3 50 3905
3 51 7605
3 52 29777
3 53 31050
3 54 31093
3 55 10539
3 56 10730
3 57 39091
3 58 19609
3 59 28995
3 60 51961
3 61 26542
3 62 20613
3 63 7036
3 64 18649
3 65 31108
3 66 32808
3 67 24183
3 68 19851
3 69 39104
3 70 50805
3 71 50762
3 72 15718
3 73 17846
3 74 28401
3 75 19224
3 76 -4170
4 1 18611
4 2 9204
4 3 21249
4 5 10956
4 6 9519
4 7 12219
4 8 8550
4 9 22238
4 10 24609
4 11 19429
4 12 16274
4 13 11464
4 14 20167
4 15 12697
4 16 19988
4 17 12395
4 18 33888
4 19 15404
4 20 20095
4 21 10679
4 22 19091
4 23 27988
4 24 21352
4 25 30646
4 26 9115
4 27 5432
4 28 12516
4 29 8704
4 30 5415
4 31 18719
4 32 23020
4 33 15413
4 34 7066
4 35 14026
4 36 19162
4 37 18194
4 38 21648
4 39 23768
4 40 15223
4 41 32743
4 42 33049
4 43 26053
4 44 21797
4 45 3258
4 46 7833
4 47 15661
4 48 8924
4 49 25315
4 50 27995
4 51 14097
4 52 5530
4 53 19160
4 54 7723
4 55 32723
4 56 25992
4 57 13093
4 58 20897
4 59 14728
4 60 28906
4 61 15121
4 62 15255
4 63 17498
4 64 20628
4 65 28175
4 66 26705
4 67 6996
4 68 6322
4 69 20285
4 70 26752
4 71 28696
4 72 22126
4 73 17101
4 74 12811
4 75 3993
4 76 -16746
5 1 25252
5 2 16401
5 3 37451
5 4 16635
5 6 23554
5 7 26822
5 8 19408
5 9 40228
5 10 41592
5 11 32806
5 12 34298
5 13 11017
5 14 30020
5 15 511
5 16 33544
5 17 29953
5 18 50623
5 19 22865
5 20 2927
5 21 1694
5 22 19855
5 23 37996
5 24 35745
5 25 48473
5 26 26940
5 27 9382
5 28 11441
5 29 4010
5 30 9611
5 31 36321
5 32 40483
5 33 25852
5 34 20611
5 35 25998
5 36 2641
5 37 265
5 38 37274
5 39 41783
5 40 33061
5 41 38258
5 42 36876
5 43 31945
5 44 38547
5 45 7367
5 46 20974
5 47 2116
5 48 1677
5 49 38794
5 50 45189
5 51 29807
5 52 14071
5 53 31994
5 54 9106
5 55 50494
5 56 34984
5 57 3759
5 58 38122
5 59 22927
5 60 10905
5 61 8358
5 62 19042
5 63 28404
5 64 20922
5 65 43069
5 66 39846
5 67 24162
5 68 20443
5 69 5647
5 70 8826
5 71 11114
5 72 39921
5 73 24290
5 74 12000
5 75 21280
5 76 1183
6 1 8470
6 2 5020
6 3 11528
6 4 10649
6 5 19005
6 7 19753
6 8 19005
6 9 17590
6 10 25965
6 11 25819
6 12 14523
6 13 23481
6 14 29378
6 15 23125
6 16 8133
6 17 7395
6 18 24769
6 19 26205
6 20 28985
6 21 12363
6 22 12158
6 23 16079
6 24 10033
6 25 24335
6 26 11832
6 27 17382
6 28 9156
6 29 17918
6 30 9001
6 31 17443
6 32 15768
6 33 4090
6 34 18023
6 35 23201
6 36 24481
6 37 26209
6 38 25512
6 39 20786
6 40 10289
6 41 22172
6 42 23336
6 43 15604
6 44 12941
6 45 13651
6 46 18311
6 47 20540
6 48 14455
6 49 13557
6 50 19800
6 51 4008
6 52 17421
6 53 26822
6 54 19632
6 55 25946
6 56 14190
6 57 24309
6 58 22328
6 59 24074
6 60 35686
6 61 12917
6 62 8360
6 63 5604
6 64 12334
6 65 32632
6 66 32752
6 67 14418
6 68 4141
6 69 23366
6 70 34559
6 71 34539
6 72 21277
6 73 7668
6 74 12652
6 75 6224
6 76 -14597
7 1 31789
7 2 24261
7 3 24677
7 4 14418
7 5 23342
7 6 20822
7 8 1479
7 9 17260
7 10 12076
7 11 3617
7 12 12439
7 13 13673
7 14 6256
7 15 21085
7 16 28169
7 17 15423
7 18 33648
7 19 6169
7 20 29792
7 21 26139
7 22 34124
7 23 38052
7 24 26085
7 25 26182
7 26 7259
7 27 12145
7 28 28207
7 29 21385
7 30 21195
7 31 7597
7 32 21974
7 33 27378
7 34 9995
7 35 998
7 36 32791
7 37 29595
7 38 6863
7 39 16974
7 40 14010
7 41 45482
7 42 46639
7 43 38943
7 44 23571
7 45 16187
7 46 6675
7 47 30045
7 48 23675
7 49 32029
7 50 26886
7 51 21312
7 52 8692
7 53 3596
7 54 4154
7 55 27947
7 56 36336
7 57 19011
7 58 9544
7 59 853
7 60 40630
7 61 30931
7 62 30098
7 63 28059
7 64 35211
7 65 12820
7 66 10895
7 67 9430
7 68 19851
7 69 34884
7 70 37491
7 71 41481
7 72 13228
7 73 30719
7 74 28623
7 75 15009
7 76 -9675
8 1 32415
8 2 23346
8 3 29249
8 4 12749
8 5 17928
8 6 22074
8 7 3479
8 9 23830
8 10 19015
8 11 7806
8 12 18287
8 13 6671
8 14 6256
8 15 14585
8 16 31138
8 17 19418
8 18 39508
8 19 1619
8 20 23291
8 21 22494
8 22 33208
8 23 40445
8 24 30561
8 25 32820
8 26 11446
8 27 6382
8 28 26273
8 29 16537
8 30 18667
8 31 14600
8 32 27770
8 33 28609
8 34 7066
8 35 998
8 36 27605
8 37 23608
8 38 13056
8 39 23768
8 40 19505
8 41 46466
8 42 47035
8 43 39804
8 44 28634
8 45 11998
8 46 3613
8 47 25459
8 48 19606
8 49 35745
8 50 32860
8 51 24288
8 52 3114
8 53 6994
8 54 -2432
8 55 34704
8 56 38654
8 57 12143
8 58 16615
8 59 647
8 60 34523
8 61 28139
8 62 29397
8 63 30082
8 64 34771
8 65 18315
8 66 14882
8 67 10436
8 68 19851
8 69 30188
8 70 31148
8 71 35790
8 72 20200
8 73 31006
8 74 26155
8 75 15608
8 76 -8006
9 1 29407
9 2 30958
9 3 10115
9 4 29217
9 5 41528
9 6 23439
9 7 22040
9 8 26610
9 10 8860
9 11 17420
9 12 9448
9 13 37731
9 14 28420
9 15 42659
9 16 19504
9 17 13948
9 18 9474
9 19 31646
9 20 50605
9 21 38052
9 22 36022
9 23 27713
9 24 7358
9 25 631
9 26 17259
9 27 33670
9 28 34977
9 29 39314
9 30 33316
9 31 -6885
9 32 1025
9 33 25488
9 34 30605
9 35 26362
9 36 49027
9 37 48800
9 38 12720
9 39 -1264
9 40 3859
9 41 39425
9 42 42754
9 43 34163
9 44 6585
9 45 33830
9 46 28845
9 47 45165
9 48 38515
9 49 17418
9 50 2777
9 51 17829
9 52 31043
9 53 24063
9 54 29696
9 55 2642
9 56 25176
9 57 42000
9 58 9438
9 59 20723
9 60 59398
9 61 38692
9 62 33247
9 63 21617
9 64 33311
9 65 19221
9 66 21423
9 67 25491
9 68 27678
9 69 48892
9 70 57362
9 71 58875
9 72 4255
9 73 31020
9 74 38437
9 75 24685
9 76 -216
10 1 39730
10 2 36676
10 3 23569
10 4 30008
10 5 41312
10 6 30234
10 7 15276
10 8 20215
10 9 7280
10 11 2839
10 12 13217
10 13 32477
10 14 16134
10 15 39862
10 16 31478
10 17 20482
10 18 24784
10 19 22428
10 20 48535
10 21 41807
10 22 44840
10 23 41077
10 24 22743
10 25 13422
10 26 17435
10 27 30723
10 28 41294
10 29 39063
10 30 36307
10 31 -11151
10 32 16018
10 33 35048
10 34 27852
10 35 17930
10 36 50314
10 37 47975
10 38 -2416
10 39 6275
10 40 12878
10 41 51589
10 42 54126
10 43 45705
10 44 20675
10 45 33550
10 46 25014
10 47 47016
10 48 40312
10 49 31777
10 50 18301
10 51 26760
10 52 27348
10 53 12487
10 54 21716
10 55 13491
10 56 38993
10 57 37877
10 58 1402
10 59 6507
10 60 59030
10 61 44890
10 62 41116
10 63 33186
10 64 44126
10 65 3590
10 66 5836
10 67 24511
10 68 32103
10 69 51685
10 70 56108
10 71 59481
10 72 3010
10 73 39972
10 74 43000
10 75 27608
10 76 2183
11 1 46394
11 2 39858
11 3 34695
11 4 30230
11 5 37928
11 6 35490
11 7 12219
11 8 14408
11 9 21242
11 10 8241
11 12 21819
11 13 25270
11 14 2994
11 15 34042
11 16 40655
11 17 27809
11 18 39083
11 19 12388
11 20 42570
11 21 41807
11 22 49562
11 23 50764
11 24 35321
11 25 28348
11 26 21011
11 27 26382
11 28 43969
11 29 36417
11 30 36999
11 31 1796
11 32 28928
11 33 41716
11 34 25490
11 35 10998
11 36 47600
11 37 43443
11 38 -1354
11 39 20108
11 40 23165
11 41 59597
11 42 61244
11 43 53240
11 44 32515
11 45 31542
11 46 21958
11 47 45294
11 48 39159
11 49 42953
11 50 32375
11 51 34375
11 52 23062
11 53 2994
11 54 11752
11 55 28503
11 56 48983
11 57 30846
11 58 11213
11 59 -8527
11 60 54207
11 61 46741
11 62 45520
11 63 41500
11 64 50313
11 65 -109
11 66 -4912
11 67 25076
11 68 35277
11 69 50089
11 70 50599
11 71 55723
11 72 15816
11 73 45655
11 74 44434
11 75 30373
11 76 5338
12 1 23971
12 2 21496
12 3 10481
12 4 17475
12 5 29820
12 6 14594
12 7 11441
12 8 15289
12 9 3670
12 10 9019
12 11 12219
12 13 25849
12 14 20023
12 15 30633
12 16 16485
12 17 4675
12 18 18687
12 19 21169
12 20 38667
12 21 27707
12 22 29073
12 23 26517
12 24 11639
12 25 12539
12 26 5220
12 27 21631
12 28 26045
12 29 27534
12 30 22444
12 31 713
12 32 6967
12 33 19258
12 34 18596
12 35 16023
12 36 37779
12 37 37023
12 38 9793
12 39 4909
12 40 -891
12 41 36202
12 42 38488
12 43 30148
12 44 8820
12 45 21994
12 46 16971
12 47 34045
12 48 27302
12 49 18599
12 50 11991
12 51 11021
12 52 19065
12 53 15875
12 54 18445
12 55 14627
12 56 24679
12 57 29971
12 58 5698
12 59 13776
12 60 47774
12 61 29768
12 62 25443
12 63 17810
12 64 28362
12 65 17027
12 66 18222
12 67 13450
12 68 17290
12 69 38220
12 70 45556
12 71 47474
12 72 4200
12 73 24166
12 74 28401
12 75 13474
12 76 -11734
13 1 34250
13 2 23990
13 3 37451
13 4 15607
13 5 9481
13 6 26494
13 7 15617
13 8 6615
13 9 34895
13 10 31221
13 11 18612
13 12 28791
13 14 14364
13 15 3449
13 16 36979
13 17 27759
13 18 49220
13 19 7003
13 20 11775
13 21 17081
13 22 32212
13 23 44753
13 24 38098
13 25 43870
13 26 21117
13 27 2453
13 28 24060
13 29 10756
13 30 17219
13 31 26795
13 32 37677
13 33 31985
13 34 12995
13 35 12551
13 36 18840
13 37 13294
13 38 25022
13 39 35221
13 40 29351
13 41 48294
13 42 47907
13 43 41635
13 44 37514
13 45 9187
13 46 11651
13 47 18369
13 48 14405
13 49 42269
13 50 42853
13 51 30847
13 52 4587
13 53 18081
13 54 -7271
13 55 45908
13 56 42616
13 57 96
13 58 28704
13 59 6523
13 60 23611
13 61 23706
13 62 29383
13 63 34300
13 64 33960
13 65 29820
13 66 25144
13 67 18381
13 68 23125
13 69 22126
13 70 19842
13 71 25740
13 72 31997
13 73 32694
13 74 23627
13 75 20699
13 76 -1256
14 1 45342
14 2 36936
14 3 37969
14 4 26410
14 5 30584
14 6 34491
14 7 10300
14 8 8300
14 9 27684
14 10 16978
14 11 -1564
14 12 25065
14 13 16464
14 15 25449
14 16 42032
14 17 29175
14 18 45220
14 19 3003
14 20 33583
14 21 36195
14 22 46873
14 23 51944
14 24 39273
14 25 35876
14 26 21117
14 27 19424
14 28 40137
14 29 29875
14 30 32554
14 31 11754
14 32 34014
14 33 41095
14 34 20804
14 35 5897
14 36 40267
14 37 35242
14 38 8077
14 39 26753
14 40 26767
14 41 59184
14 42 60131
14 43 52598
14 44 36478
14 45 25734
14 46 17214
14 47 38726
14 48 33232
14 49 45667
14 50 38386
14 51 35195
14 52 16659
14 53 1994
14 54 1682
14 55 36826
14 56 50228
14 57 21702
14 58 17606
14 59 -12930
14 60 45585
14 61 42002
14 62 42960
14 63 41933
14 64 48295
14 65 10512
14 66 3619
14 67 22668
14 68 32983
14 69 43226
14 70 41710
14 71 47676
14 72 22366
14 73 44110
14 74 40046
14 75 28340
14 76 3986
15 1 32241
15 2 22553
15 3 41314
15 4 18855
15 5 990
15 6 28153
15 7 25044
15 8 16544
15 9 41838
15 10 40621
15 11 29399
15 12 35590
15 13 5464
15 14 25364
15 16 38687
15 17 32623
15 18 54122
15 19 18003
15 20 1167
15 21 9751
15 22 27665
15 23 44432
15 24 40708
15 25 50543
15 26 27824
15 27 7589
15 28 19205
15 29 7500
15 30 15300
15 31 35934
15 32 43220
15 33 31834
15 34 19995
15 35 22924
15 36 8716
15 37 2414
15 38 35182
15 39 42779
15 40 35241
15 41 45641
15 42 44481
15 43 39203
15 44 42010
15 45 9603
15 46 19708
15 47 10045
15 48 8924
15 49 44102
15 50 48234
15 51 33854
15 52 12168
15 53 28728
15 54 2639
15 55 52652
15 56 41739
15 57 -4205
15 58 37592
15 59 17232
15 60 12647
15 61 16380
15 62 26291
15 63 34429
15 64 28897
15 65 40359
15 66 36068
15 67 24755
15 68 24674
15 69 12208
15 70 9039
15 71 14825
15 72 40200
15 73 31006
15 74 19361
15 75 24162
15 76 3386
16 1 6227
16 2 14504
16 3 4249
16 4 22628
16 5 30505
16 6 9643
16 7 28610
16 8 29579
16 9 15165
16 10 28719
16 11 32494
16 12 17924
16 13 35476
16 14 38429
16 15 35169
16 17 11817
16 18 15535
16 19 36723
16 20 40487
16 21 21183
16 22 13559
16 23 6081
16 24 -1829
16 25 18619
16 26 19771
16 27 29441
16 28 15458
16 29 29875
16 30 20361
16 31 16626
16 32 10843
16 33 4090
16 34 29270
16 35 32768
16 36 34603
16 37 37488
16 38 30283
16 39 20245
16 40 10653
16 41 16177
16 42 19233
16 43 10652
16 44 6502
16 45 25801
16 46 29207
16 47 30850
16 48 25493
16 49 1399
16 50 12256
16 51 6149
16 52 29104
16 53 34956
16 54 31190
16 55 18961
16 56 4331
16 57 36463
16 58 26012
16 59 32876
16 60 46147
16 61 18298
16 62 12400
16 63 -1914
16 64 9777
16 65 37508
16 66 38720
16 67 24735
16 68 16305
16 69 32070
16 70 45547
16 71 44631
16 72 22985
16 73 9422
16 74 21839
16 75 17634
16 76 -4401
17 1 16788
17 2 14724
17 3 7291
17 4 13607
17 5 25486
17 6 7477
17 7 14436
17 8 16431
17 9 8181
17 10 16295
17 11 18220
17 12 4686
17 13 24828
17 14 24144
17 15 27677
17 16 10389
17 18 19044
17 19 23278
17 20 34995
17 21 21550
17 22 21802
17 23 20478
17 24 8538
17 25 15947
17 26 5656
17 27 19548
17 28 19116
17 29 23475
17 30 16786
17 31 7457
17 32 8027
17 33 12041
17 34 17459
17 35 18802
17 36 32553
17 37 32817
17 38 16661
17 39 10892
17 40 718
17 41 29358
17 42 31415
17 43 23164
17 44 7151
17 45 18210
17 46 16724
17 47 28660
17 48 22065
17 49 14019
17 50 13008
17 51 4008
17 52 17883
17 53 20548
17 54 19051
17 55 17939
17 56 18745
17 57 27787
17 58 12866
17 59 18499
17 60 43153
17 61 22875
17 62 18229
17 63 11108
17 64 21155
17 65 23884
17 66 24686
17 67 12162
17 68 11125
17 69 32347
17 70 41383
17 71 42462
17 72 11325
17 73 16887
17 74 22000
17 75 8507
17 76 -15755
18 1 28592
18 2 36837
18 3 11528
18 4 40284
18 5 51340
18 6 30035
18 7 37845
18 8 41705
18 9 8891
18 10 25781
18 11 34678
18 12 23882
18 13 51473
18 14 45373
18 15 54360
18 16 19291
18 17 24228
18 19 47603
18 20 61200
18 21 44100
18 22 36261
18 23 21346
18 24 -4328
18 25 1649
18 26 30936
18 27 46372
18 28 38752
18 29 49733
18 30 41538
18 31 5127
18 32 7156
18 33 27394
18 34 44006
18 35 42388
18 36 56942
18 37 58631
18 38 29878
18 39 15991
18 40 15850
18 41 34268
18 42 38855
18 43 30588
18 44 8924
18 45 44736
18 46 42885
18 47 53028
18 48 47008
18 49 10427
18 50 -2625
18 51 23854
18 52 44509
18 53 41005
18 54 44827
18 55 -2738
18 56 16875
18 57 54615
18 58 26659
18 59 37962
18 60 68237
18 61 41581
18 62 35719
18 63 20234
18 64 29554
18 65 36144
18 66 38404
18 67 38622
18 68 36056
18 69 55103
18 70 67065
18 71 67011
18 72 21506
18 73 32721
18 74 44508
18 75 34967
18 76 11069
19 1 39898
19 2 30535
19 3 36359
19 4 20008
19 5 21790
19 6 29679
19 7 8574
19 8 2024
19 9 29271
19 10 21633
19 11 6191
19 12 24572
19 13 7464
19 14 1364
19 15 16449
19 16 38687
19 17 26670
19 18 45811
19 20 24631
19 21 28013
19 22 40232
19 23 48056
19 24 37746
19 25 38095
19 26 18505
19 27 11034
19 28 32914
19 29 21468
19 30 25264
19 31 17168
19 32 34125
19 33 36194
19 34 14417
19 35 3278
19 36 31424
19 37 26255
19 38 14015
19 39 28789
19 40 26072
19 41 53983
19 42 54438
19 43 47310
19 44 35502
19 45 17820
19 46 11143
19 47 30159
19 48 25020
19 49 43169
19 50 39051
19 51 31810
19 52 8849
19 53 6396
19 54 -6479
19 55 39688
19 56 46269
19 57 12765
19 58 20462
19 59 -5671
19 60 36592
19 61 34153
19 62 36563
19 63 37698
19 64 41904
19 65 17880
19 66 12323
19 67 18024
19 68 27344
19 69 34491
19 70 32747
19 71 38695
19 72 24747
19 73 38444
19 74 32609
19 75 23205
19 76 -408
20 1 36912
20 2 28787
20 3 49893
20 4 28305
20 5 5458
20 6 36065
20 7 35803
20 8 27302
20 9 51836
20 10 51346
20 11 39979
20 12 45676
20 13 15842
20 14 35550
20 15 3219
20 16 46057
20 17 41993
20 18 63014
20 19 28237
20 21 10679
20 22 30034
20 23 50029
20 24 48261
20 25 60342
20 26 38018
20 27 18207
20 28 22109
20 29 15741
20 30 22137
20 31 46592
20 32 52610
20 33 38208
20 34 30524
20 35 33641
20 36 5240
20 37 -723
20 38 45946
20 39 53025
20 40 44922
20 41 49236
20 42 47429
20 43 43181
20 44 50902
20 45 18814
20 46 30378
20 47 11076
20 48 13919
20 49 51272
20 50 57443
20 51 42259
20 52 22876
20 53 39379
20 54 11938
20 55 62422
20 56 46730
20 57 4590
20 58 48241
20 59 26600
20 60 2745
20 61 15805
20 62 30539
20 63 40706
20 64 29990
20 65 51061
20 66 46502
20 67 34996
20 68 32880
20 69 7752
20 70 -1453
20 71 6992
20 72 50671
20 73 36268
20 74 23683
20 75 33321
20 76 12953
21 1 15961
21 2 11740
21 3 34657
21 4 20630
21 5 5966
21 6 21184
21 7 33891
21 8 28246
21 9 41024
21 10 46359
21 11 40957
21 12 36457
21 13 22889
21 14 39903
21 15 13544
21 16 28494
21 17 30289
21 18 47655
21 19 33360
21 20 12420
21 22 8022
21 23 29524
21 24 30153
21 25 48041
21 26 30546
21 27 19089
21 28 532
21 29 12566
21 30 9233
21 31 39722
21 32 39465
21 33 19571
21 34 27654
21 35 34599
21 36 3031
21 37 9319
21 38 43669
21 39 43654
21 40 33570
21 41 27402
21 42 25446
21 43 21568
21 44 36383
21 45 14215
21 46 28446
21 47 1370
21 48 3550
21 49 32787
21 50 43240
21 51 27622
21 52 22969
21 53 40348
21 54 21154
21 55 49596
21 56 25580
21 57 16791
21 58 42572
21 59 33685
21 60 14479
21 61 -4613
21 62 9694
21 63 21414
21 64 8285
21 65 50135
21 66 48223
21 67 29013
21 68 19923
21 69 -299
21 70 15108
21 71 12590
21 72 43054
21 73 16254
21 74 5062
21 75 22939
21 76 3478
22 1 2040
22 2 12877
22 3 27637
22 4 27676
22 5 22761
22 6 19613
22 7 40510
22 8 37594
22 9 37628
22 10 48026
22 11 47346
22 12 36457
22 13 36654
22 14 49215
22 15 30092
22 16 19504
22 17 29175
22 18 38450
22 19 44213
22 20 30409
22 21 6656
22 23 14488
22 24 18030
22 25 42123
22 26 33659
22 27 31187
22 28 532
22 29 26371
22 30 17596
22 31 38593
22 32 34014
22 33 11488
22 34 36120
22 35 43009
22 36 20751
22 37 27253
22 38 47593
22 39 41783
22 40 31226
22 41 9713
22 42 7474
22 43 4594
22 44 29857
22 45 25598
22 46 36901
22 47 19128
22 48 18015
22 49 20832
22 50 35760
22 51 23778
22 52 33580
22 53 47691
22 54 34568
22 55 42429
22 56 9054
22 57 32989
22 58 44443
22 59 43797
22 60 31598
22 61 -3036
22 62 2104
22 63 10031
22 64 -8197
22 65 54667
22 66 54456
22 67 34666
22 68 22366
22 69 14516
22 70 32858
22 71 29546
22 72 43054
22 73 7051
22 74 12652
22 75 26393
22 76 6597
23 1 4721
23 2 21556
23 3 14972
23 4 33320
23 5 37649
23 6 20281
23 7 41185
23 8 41578
23 9 26066
23 10 41010
23 11 45295
23 12 30648
23 13 45942
23 14 51033
23 15 43606
23 16 8773
23 17 24598
23 18 20282
23 19 48784
23 20 47151
23 21 24905
23 22 11235
23 24 -1957
23 25 26832
23 26 32396
23 27 39789
23 28 17878
23 29 38351
23 30 28257
23 31 27395
23 32 21127
23 33 10521
23 34 40799
23 35 45191
23 36 39206
23 37 43889
23 38 42929
23 39 31829
23 40 23079
23 41 6198
23 42 10989
23 43 3228
23 44 16863
23 45 35238
23 46 40992
23 47 36155
23 48 32262
23 49 2229
23 50 19659
23 51 18700
23 52 40190
23 53 47691
23 54 42408
23 55 25238
23 56 -8439
23 57 45561
23 58 38588
23 59 45556
23 60 50728
23 61 18059
23 62 14658
23 63 1223
23 64 1547
23 65 50135
23 66 51463
23 67 36766
23 68 26501
23 69 34677
23 70 51070
23 71 48816
23 72 35200
23 73 12498
23 74 27083
23 75 28972
23 76 7568
24 1 17998
24 2 30091
24 3 9391
24 4 37440
24 5 46154
24 6 24991
24 7 39974
24 8 42450
24 9 16467
24 10 33432
24 11 40608
24 12 26526
24 13 50043
24 14 49118
24 15 50638
24 16 11619
24 17 23414
24 18 5364
24 19 49230
24 20 56139
24 21 36290
24 22 25533
24 23 8799
24 25 13594
24 26 31542
24 27 44218
24 28 29942
24 29 45406
24 30 36007
24 31 16199
24 32 11842
24 33 19089
24 34 43100
24 35 44506
24 36 50019
24 37 53136
24 38 36725
24 39 23214
24 40 18052
24 41 21629
24 42 26512
24 43 18564
24 44 9368
24 45 41109
24 46 42624
24 47 46358
24 48 41136
24 49 -750
24 50 6639
24 51 19966
24 52 43308
24 53 44994
24 54 44952
24 55 10392
24 56 3758
24 57 51718
24 58 32523
24 59 42848
24 60 61612
24 61 31768
24 62 26569
24 63 10388
24 64 17035
24 65 43594
24 66 45609
24 67 38009
24 68 31615
24 69 46936
24 70 61147
24 71 59995
24 72 27957
24 73 23592
24 74 37224
24 75 32149
24 76 9319
25 1 34488
25 2 38961
25 3 14665
25 4 38918
25 5 51066
25 6 31477
25 7 32255
25 8 36893
25 9 1924
25 10 16295
25 11 25819
25 12 19610
25 13 47999
25 14 37905
25 15 52657
25 16 24251
25 17 23007
25 18 3525
25 19 41763
25 20 60404
25 21 46362
25 22 41810
25 23 29772
25 24 5778
25 26 27410
25 27 43797
25 28 42309
25 29 48964
25 30 42238
25 31 -6166
25 32 5897
25 33 31627
25 34 40799
25 35 36495
25 36 58051
25 37 58386
25 38 20651
25 39 8214
25 40 13115
25 41 42418
25 42 46469
25 43 37943
25 44 10994
25 45 43568
25 46 39110
25 47 54121
25 48 47615
25 49 18655
25 50 -379
25 51 25336
25 52 41265
25 53 33633
25 54 39955
25 55 -7554
25 56 26252
25 57 52157
25 58 18747
25 59 29440
25 60 68764
25 61 45790
25 62 39922
25 63 26135
25 64 37236
25 65 26361
25 66 28600
25 67 35605
25 68 36485
25 69 57360
25 70 66958
25 71 68012
25 72 13639
25 73 37237
25 74 46649
25 75 34076
25 76 9425
26 1 22801
26 2 17092
26 3 15274
26 4 10312
26 5 22458
26 6 11899
26 7 6257
26 8 8444
26 9 11477
26 10 13233
26 11 11407
26 12 5216
26 13 18171
26 14 16071
26 15 22863
26 16 18328
26 17 5641
26 18 25737
26 19 15098
26 20 31005
26 21 21792
26 22 26271
26 23 28261
26 24 16651
26 25 20335
26 27 13821
26 28 21639
26 29 20127
26 30 16295
26 31 7018
26 32 14062
26 33 18160
26 34 10812
26 35 10558
26 36 30866
26 37 29553
26 38 11465
26 39 12417
26 40 5715
26 41 36165
26 42 37660
26 43 29729
26 44 14602
26 45 14545
26 46 9383
26 47 27325
26 48 20568
26 49 22262
26 50 19232
26 51 11497
26 52 11307
26 53 12798
26 54 11395
26 55 22431
26 56 26547
26 57 22162
26 58 9438
26 59 10572
26 60 40432
26 61 25068
26 62 22273
26 63 18404
26 64 26751
26 65 18452
26 66 18337
26 67 5653
26 68 12384
26 69 31837
26 70 38033
26 71 40367
26 72 10432
26 73 22083
26 74 23019
26 75 7663
26 76 -17734
27 1 27305
27 2 17092
27 3 30984
27 4 8657
27 5 6928
27 6 19477
27 7 13171
27 8 5408
27 9 29916
27 10 28549
27 11 18806
27 12 23655
27 13 1535
27 14 16406
27 15 4656
27 16 30026
27 17 21561
27 18 43201
27 19 9655
27 20 13222
27 21 12363
27 22 25827
27 23 37682
27 24 31355
27 25 38750
27 26 15849
27 28 17952
27 29 5846
27 30 10617
27 31 23769
27 32 31893
27 33 24916
27 34 7805
27 35 11998
27 36 16612
27 37 12841
27 38 23569
27 39 30682
27 40 23692
27 41 41392
27 42 41150
27 43 34717
27 44 31272
27 45 2590
27 46 7557
27 47 14692
27 48 9371
27 49 35365
27 50 37026
27 51 24081
27 52 166
27 53 17994
27 54 -1189
27 55 40854
27 56 35550
27 57 3759
27 58 25419
27 59 9981
27 60 23868
27 61 18595
27 62 22695
27 63 27231
27 64 27608
27 65 29166
27 66 25861
27 67 12802
27 68 16071
27 69 19298
27 70 20778
27 71 24865
27 72 28002
27 73 25738
27 74 17518
27 75 13905
27 76 -7662
28 1 6509
28 2 6526
28 3 27451
28 4 20078
28 5 13324
28 6 15588
28 7 33570
28 8 29636
28 9 35560
28 10 43457
28 11 40730
28 12 32406
28 13 27479
28 14 41456
28 15 20609
28 16 20380
28 17 25466
28 18 39918
28 19 35872
28 20 21461
28 21 -1857
28 22 -491
28 23 20108
28 24 21416
28 25 41599
28 26 28004
28 27 22289
28 29 17025
28 30 9001
28 31 35528
28 32 33031
28 33 11299
28 34 28297
28 35 35444
28 36 12516
28 37 18214
28 38 42004
28 39 38896
28 40 28376
28 41 18175
28 42 16529
28 43 12167
28 44 29430
28 45 16705
28 46 29142
28 47 10078
28 48 8534
28 49 24007
28 50 36096
28 51 21375
28 52 25112
28 53 40612
28 54 25527
28 55 42732
28 56 16094
28 57 23505
28 58 39685
28 59 35845
28 60 23932
28 61 -5193
28 62 445
28 63 12521
28 64 1027
28 65 48865
28 66 47974
28 67 27853
28 68 16305
28 69 8093
28 70 24563
28 71 21991
28 72 39200
28 73 7320
28 74 3403
28 75 20195
28 76 698
29 1 22456
29 2 12476
29 3 31608
29 4 10009
29 5 -364
29 6 18093
29 7 20491
29 8 13643
29 9 33640
29 10 34969
29 11 26921
29 12 27638
29 13 7918
29 14 24937
29 15 2647
29 16 28540
29 17 23568
29 18 44642
29 19 18169
29 20 8836
29 21 3920
29 22 19091
29 23 34324
29 24 30623
29 25 41997
29 26 20235
29 27 3926
29 28 10768
29 30 5195
29 31 29626
29 32 34175
29 33 21661
29 34 14137
29 35 20185
29 36 8716
29 37 6795
29 38 30895
29 39 35110
29 40 26568
29 41 36153
29 42 35326
29 43 29606
29 44 32515
29 45 659
29 46 14644
29 47 6225
29 48 1009
29 49 33940
29 50 39009
29 51 24025
29 52 8209
29 53 26139
29 54 6132
29 55 44054
29 56 31741
29 57 4590
29 58 31458
29 59 18488
29 60 17607
29 61 10369
29 62 16846
29 63 24252
29 64 20746
29 65 36865
29 66 34079
29 67 17460
29 68 14694
29 69 10975
29 70 15351
29 71 17726
29 72 33213
29 73 21086
29 74 10416
29 75 14887
29 76 -5378
30 1 13569
30 2 3476
30 3 24318
30 4 7827
30 5 6344
30 6 10283
30 7 21408
30 8 16880
30 9 28749
30 10 33320
30 11 28610
30 12 23655
30 13 15488
30 14 28723
30 15 11554
30 16 20133
30 17 17986
30 18 37554
30 19 23072
30 20 16339
30 21 1694
30 22 11423
30 23 25337
30 24 22331
30 25 36378
30 26 17510
30 27 9804
30 28 3851
30 29 6302
30 31 26815
30 32 28019
30 33 12751
30 34 15647
30 35 22831
30 36 12007
30 37 13442
30 38 30784
30 39 31014
30 40 21305
30 41 27433
30 42 26892
30 43 20825
30 44 25615
30 45 4249
30 46 16502
30 47 8083
30 48 1677
30 49 25421
30 50 32412
30 51 16710
30 52 12322
30 53 28236
30 54 13221
30 55 38226
30 56 22744
30 57 13575
30 58 29534
30 59 23055
30 60 22961
30 61 5947
30 62 8360
30 63 15348
30 64 13202
30 65 37373
30 66 35891
30 67 16121
30 68 7644
30 69 11971
30 70 21753
30 71 21991
30 72 30128
30 73 12131
30 74 3708
30 75 10010
30 76 -9499
31 1 46936
31 2 46725
31 3 27822
31 4 41931
31 5 53854
31 6 39525
31 7 28610
31 8 33613
31 9 9348
31 10 6662
31 11 14207
31 12 22724
31 13 45864
31 14 28723
31 15 52988
31 16 37198
31 17 29457
31 18 21943
31 19 35776
31 20 61594
31 21 52983
31 22 53220
31 23 45275
31 24 23323
31 25 8774
31 26 29033
31 27 43756
31 28 51178
31 29 51533
31 30 47615
31 32 18512
31 33 42753
31 34 40701
31 35 31382
31 36 62484
31 37 60737
31 38 9452
31 39 10644
31 40 20029
31 41 57137
31 42 60460
31 43 51873
31 44 24234
31 45 45956
31 46 38059
31 47 58936
31 48 52173
31 49 34664
31 50 16987
31 51 34659
31 52 40461
31 53 25604
31 54 35129
31 55 5066
31 56 42528
31 57 51193
31 58 13760
31 59 17244
31 60 71749
31 61 54935
31 62 50051
31 63 39300
31 64 50982
31 65 12745
31 66 14114
31 67 36766
31 68 42608
31 69 63349
31 70 69026
31 71 71912
31 72 11692
31 73 48160
31 74 53719
31 75 38633
31 76 13291
32 1 23191
32 2 26890
32 3 3311
32 4 27813
32 5 39597
32 6 19431
32 7 24568
32 8 28364
32 9 -1161
32 10 15412
32 11 22920
32 12 10559
32 13 38327
32 14 32564
32 15 41855
32 16 12996
32 17 11608
32 18 5553
32 19 34314
32 20 49193
32 21 34307
32 22 30222
32 23 20588
32 24 547
32 25 2418
32 26 17658
32 27 33461
32 28 30262
32 29 37663
32 30 30400
32 31 93
32 33 19819
32 34 30866
32 35 29134
32 36 46191
32 37 46934
32 38 18762
32 39 5243
32 40 2554
32 41 32516
32 42 36052
32 43 27457
32 44 -399
32 45 32422
32 46 29629
32 47 42247
32 48 35837
32 49 10207
32 50 -1009
32 51 13257
32 52 31384
32 53 28236
32 54 31492
32 55 4035
32 56 17979
32 57 41801
32 58 14715
32 59 25684
32 60 57084
32 61 33798
32 62 27998
32 63 15090
32 64 26710
32 65 25577
32 66 27633
32 67 25491
32 68 24654
32 69 45320
32 70 55483
32 71 56195
32 72 9965
32 73 25434
32 74 34590
32 75 22691
32 76 -1613
33 1 253
33 2 6916
33 3 12012
33 4 18532
33 5 23292
33 6 6079
33 7 28298
33 8 27529
33 9 21628
33 10 32768
33 11 34034
33 12 21176
33 13 30961
33 14 37971
33 15 28795
33 16 4569
33 17 13948
33 18 24117
33 19 34709
33 20 33117
33 21 12739
33 22 6022
33 23 8308
33 24 6120
33 25 26474
33 26 20082
33 27 24810
33 28 6856
33 29 23475
33 30 13458
33 31 22660
33 32 18145
33 34 26396
33 35 31803
33 36 26429
33 37 29964
33 38 33128
33 39 25870
33 40 15388
33 41 13592
33 42 15030
33 43 7074
33 44 14149
33 45 20208
33 46 26791
33 47 22830
33 48 18015
33 49 8822
33 50 20530
33 51 8045
33 52 25454
33 53 35305
33 54 27639
33 55 27237
33 56 6126
33 57 30603
33 58 29417
33 59 32663
33 60 38033
33 61 9837
33 62 3891
33 63 -1914
33 64 4603
33 65 40328
33 66 40817
33 67 23018
33 68 11691
33 69 23539
33 70 37724
33 71 36394
33 72 27480
33 73 1105
33 74 13643
33 75 14733
33 76 -6013
34 1 25478
34 2 16275
34 3 24677
34 4 5678
34 5 13544
34 6 15505
34 7 6408
34 8 1479
34 9 22238
34 10 21065
34 11 13301
34 12 16007
34 13 7464
34 14 13173
34 15 12449
34 16 25242
34 17 14859
34 18 36222
34 19 8425
34 20 20926
34 21 16315
34 22 26147
34 23 34079
34 24 25624
34 25 31139
34 26 8227
34 27 3192
34 28 19347
34 29 11444
34 30 11847
34 31 16101
34 32 24685
34 33 21889
34 35 7178
34 36 22856
34 37 20120
34 38 16757
34 39 22897
34 40 16371
34 41 39571
34 42 40029
34 43 32894
34 44 24585
34 45 6187
34 46 849
34 47 20045
34 48 13711
34 49 30232
34 50 29859
34 51 18629
34 52 515
34 53 12714
34 54 1948
34 55 33226
34 56 32217
34 57 11401
34 58 17763
34 59 7681
34 60 31173
34 61 21527
34 62 22326
34 63 23626
34 64 27699
34 65 22820
34 66 20565
34 67 5381
34 68 12934
34 69 24884
34 70 28324
34 71 31729
34 72 20200
34 73 24024
34 74 19361
34 75 9048
34 76 -13817
35 1 35469
35 2 27086
35 3 29615
35 4 16635
35 5 22928
35 6 24680
35 7 1408
35 8 -592
35 9 21992
35 10 15140
35 11 2806
35 12 17431
35 13 11017
35 14 2263
35 15 19375
35 16 32737
35 17 20199
35 18 38601
35 19 1283
35 20 28040
35 21 27257
35 22 37033
35 23 42468
35 24 31027
35 25 30832
35 26 11970
35 27 11382
35 28 30491
35 29 21489
35 30 23028
35 31 10779
35 32 26950
35 33 31293
35 34 11175
35 36 32603
35 37 28549
35 38 8473
35 39 21539
35 40 19010
35 41 49356
35 42 50243
35 43 42752
35 44 28561
35 45 16803
35 46 7557
35 47 30400
35 48 24439
35 49 36822
35 50 31822
35 51 25836
35 52 8085
35 53 1994
35 54 -81
35 55 32470
35 56 40739
35 57 16632
35 58 13430
35 59 -3042
35 60 39419
35 61 32684
35 62 33093
35 63 32314
35 64 38410
35 65 13436
35 66 9899
35 67 12802
35 68 23084
35 69 35155
35 70 35964
35 71 40767
35 72 17561
35 73 34216
35 74 30541
35 75 18457
35 76 -5789
36 1 26367
36 2 20559
36 3 43353
36 4 25178
36 5 2978
36 6 29367
36 7 36608
36 8 29422
36 9 48064
36 10 50931
36 11 42815
36 12 42594
36 13 20713
36 14 40040
36 15 8574
36 16 37979
36 17 37357
36 18 56562
36 19 32836
36 20 3046
36 21 -904
36 22 18182
36 23 39890
36 24 39947
36 25 55795
36 26 35685
36 27 19403
36 28 10970
36 29 13427
36 30 15611
36 31 45288
36 32 47414
36 33 29326
36 34 30260
36 35 36010
36 37 1004
36 38 47020
36 39 50075
36 40 40658
36 41 37732
36 42 35634
36 43 31983
36 44 44831
36 45 16583
36 46 30753
36 47 1448
36 48 7136
36 49 42657
36 50 51683
36 51 35893
36 52 24043
36 53 42005
36 54 18534
36 55 57630
36 56 36019
36 57 11800
36 58 47325
36 59 32761
36 60 4209
36 61 3196
36 62 20042
36 63 31449
36 64 17521
36 65 52953
36 66 49881
36 67 33238
36 68 27060
36 69 -3905
36 70 4713
36 71 2661
36 72 48688
36 73 26420
36 74 14205
36 75 29022
36 76 9289
37 1 30830
37 2 22877
37 3 44453
37 4 23607
37 5 -1
37 6 30492
37 7 32809
37 8 24822
37 9 47234
37 10 47989
37 11 38055
37 12 41235
37 13 14564
37 14 34412
37 15 1669
37 16 40261
37 17 37018
37 18 57648
37 19 27064
37 20 -3520
37 21 4781
37 22 24081
37 23 43970
37 24 42461
37 25 55527
37 26 33769
37 27 15029
37 28 16065
37 29 10903
37 30 16443
37 31 42938
37 32 47554
37 33 32258
37 34 26921
37 35 31353
37 36 401
37 38 43215
37 39 48696
37 40 40108
37 41 43195
37 42 41440
37 43 37113
37 44 45590
37 45 14215
37 46 27073
37 47 5045
37 48 8022
37 49 45405
37 50 52252
37 51 36810
37 52 19813
37 53 37291
37 54 11845
37 55 57556
37 56 40648
37 57 4552
37 58 44646
37 59 26450
37 60 4252
37 61 10389
37 62 24456
37 63 34723
37 64 24300
37 65 48722
37 66 44887
37 67 30883
37 68 27467
37 69 3750
37 70 1767
37 71 5640
37 72 46678
37 73 30211
37 74 17616
37 75 28340
37 76 8199
38 1 42797
38 2 37961
38 3 28671
38 4 29671
38 5 39618
38 6 32405
38 7 12687
38 8 16880
38 9 13764
38 10 208
38 11 -4132
38 12 16615
38 13 28902
38 14 9857
38 15 37047
38 16 35666
38 17 23472
38 18 31505
38 19 17434
38 20 45759
38 21 41741
38 22 47031
38 23 45620
38 24 28660
38 25 20402
38 26 18291
38 27 28367
38 28 42465
38 29 37613
38 30 36395
38 31 -5737
38 32 21992
38 33 38032
38 34 26168
38 35 13887
38 36 49027
38 37 45825
38 39 12641
38 40 17355
38 41 55369
38 42 57486
38 43 49235
38 44 26125
38 45 32312
38 46 22944
38 47 46133
38 48 39617
38 49 37001
38 50 24901
38 51 30055
38 52 24905
38 53 7036
38 54 16935
38 55 20442
38 56 43713
38 57 34505
38 58 4622
38 59 -473
38 60 56835
38 61 45757
38 62 43083
38 63 37003
38 64 47086
38 65 -2180
38 66 -530
38 67 24079
38 68 33247
38 69 50957
38 70 53580
38 71 57759
38 72 8616
38 73 42525
38 74 43530
38 75 28441
38 76 3109
39 1 31024
39 2 31001
39 3 12742
39 4 27762
39 5 40098
39 6 23650
39 7 18769
39 8 23563
39 9 -4249
39 10 4870
39 11 13301
39 12 7702
39 13 35072
39 14 24504
39 15 40615
39 16 21599
39 17 13674
39 18 13589
39 19 28179
39 20 48809
39 21 37697
39 22 37192
39 23 30491
39 24 11120
39 25 3936
39 26 15214
39 27 31451
39 28 35328
39 29 37799
39 30 32596
39 31 -8574
39 32 4444
39 33 26745
39 34 28279
39 35 22924
39 36 48053
39 37 47277
39 38 8612
39 40 4010
39 41 41768
39 42 44813
39 43 36256
39 44 9502
39 45 32243
39 46 26272
39 47 44289
39 48 37559
39 49 20604
39 50 6899
39 51 18629
39 52 28601
39 53 20173
39 54 26512
39 55 5587
39 56 28168
39 57 39656
39 58 5402
39 59 16640
39 60 58060
39 61 39089
39 62 34042
39 63 23626
39 64 35211
39 65 15181
39 66 17355
39 67 23427
39 68 27202
39 69 48348
39 70 55793
39 71 57767
39 72 200
39 73 32131
39 74 38231
39 75 23688
39 76 -1456
40 1 21311
40 2 21215
40 3 5545
40 4 19820
40 5 31979
40 6 13756
40 7 16408
40 8 19903
40 9 1477
40 10 12076
40 11 16961
40 12 2505
40 13 29805
40 14 25121
40 15 33680
40 16 12610
40 17 4103
40 18 14051
40 19 26065
40 20 41309
40 21 28216
40 22 27238
40 23 22344
40 24 6561
40 25 9440
40 26 9115
40 27 25064
40 28 25411
40 29 29860
40 30 23490
40 31 1414
40 32 2358
40 33 16866
40 34 22356
40 35 20998
40 36 39239
40 37 39292
40 38 13929
40 39 4613
40 41 32743
40 42 35429
40 43 26947
40 44 3722
40 45 24471
40 46 21085
40 47 35356
40 48 28738
40 49 13812
40 50 7530
40 51 8650
40 52 22876
40 53 20956
40 54 22998
40 55 11510
40 56 20385
40 57 33433
40 58 9544
40 59 18819
40 60 49748
40 61 29164
40 62 24042
40 63 14364
40 64 25636
40 65 21104
40 66 22636
40 67 16996
40 68 17830
40 69 39044
40 70 47864
40 71 49125
40 72 6380
40 73 22179
40 74 28623
40 75 15009
40 76 -9675
41 1 3371
41 2 22108
41 3 24660
41 4 36197
41 5 36033
41 6 24496
41 7 46737
41 8 45721
41 9 35900
41 10 49644
41 11 52250
41 12 38455
41 13 47605
41 14 56395
41 15 42937
41 16 16991
41 17 31600
41 18 31326
41 19 52833
41 20 44480
41 21 20905
41 22 4582
41 23 4320
41 24 8995
41 25 37600
41 26 38422
41 27 41621
41 28 14067
41 29 38302
41 30 28475
41 31 37379
41 32 31177
41 33 13927
41 34 44413
41 35 50201
41 36 35170
41 37 41236
41 38 50800
41 39 41228
41 40 31600
41 42 672
41 43 -2596
41 44 26782
41 45 36349
41 46 44938
41 47 33098
41 48 30828
41 49 13179
41 50 30490
41 51 25408
41 52 43000
41 53 53722
41 54 44927
41 55 36264
41 56 -4270
41 57 45487
41 58 46715
41 59 51093
41 60 46147
41 61 11158
41 62 12290
41 63 7267
41 64 -9429
41 65 58035
41 66 58871
41 67 41396
41 68 29571
41 69 29046
41 70 47292
41 71 44098
41 72 43965
41 73 12559
41 74 25160
41 75 33017
41 76 12418
42 1 2821
42 2 20663
42 3 26824
42 4 35227
42 5 33375
42 6 24384
42 7 46618
42 8 45014
42 9 37953
42 10 50905
42 11 52621
42 12 39465
42 13 45942
42 14 56066
42 15 40501
42 16 18771
42 17 32381
42 18 34637
42 19 52012
42 20 41397
42 21 17673
42 22 1067
42 23 7835
42 24 12602
42 25 40375
42 26 38641
42 27 40103
42 28 11145
42 29 36199
42 30 26658
42 31 39426
42 32 33437
42 33 14089
42 34 43595
42 35 49812
42 36 31796
42 37 38205
42 38 51641
42 39 42997
42 40 33010
42 41 -604
42 43 -1969
42 44 29027
42 45 34671
42 46 44220
42 47 30059
42 48 28340
42 49 16366
42 50 33375
42 51 26258
42 52 41836
42 53 53722
42 54 43511
42 55 39449
42 56 -57
42 57 43214
42 58 47757
42 59 50770
42 60 42557
42 61 7229
42 62 10197
42 63 8766
42 64 -12798
42 65 58858
42 66 59418
42 67 41033
42 68 28875
42 69 25285
42 70 43899
42 71 40501
42 72 45360
42 73 11626
42 74 22710
42 75 32579
42 76 12252
43 1 -1101
43 2 17666
43 3 21725
43 4 31728
43 5 31941
43 6 20149
43 7 42419
43 8 41280
43 9 32859
43 10 45981
43 11 48114
43 12 34622
43 13 43167
43 14 52030
43 15 38720
43 16 13687
43 17 27627
43 18 29867
43 19 48381
43 20 40646
43 21 17292
43 22 1684
43 23 3571
43 24 8151
43 25 35346
43 26 34207
43 27 37167
43 28 10280
43 29 33976
43 30 24088
43 31 34336
43 32 28339
43 33 9630
43 34 39957
43 35 45818
43 36 31642
43 37 37375
43 38 46887
43 39 37937
43 40 28025
43 41 -375
43 42 1528
43 44 23930
43 45 31922
43 46 40494
43 47 29279
43 48 26668
43 49 11595
43 50 28389
43 51 21459
43 52 38528
43 53 49446
43 54 40462
43 55 34578
43 56 -2608
43 57 41201
43 58 42910
43 59 46732
43 60 42836
43 61 8611
43 62 8078
43 63 3708
43 64 -7762
43 65 54114
43 66 54815
43 67 37010
43 68 25119
43 69 26046
43 70 43743
43 71 40812
43 72 40388
43 73 8089
43 74 21021
43 75 28608
43 76 8073
44 1 18210
44 2 23103
44 3 -1751
44 4 25902
44 5 36973
44 6 15916
44 7 25477
44 8 28540
44 9 3711
44 10 19381
44 11 25819
44 12 11724
44 13 37476
44 14 34340
44 15 39957
44 16 7967
44 17 10044
44 18 6633
44 19 35003
44 20 46797
44 21 30537
44 22 25377
44 23 15636
44 24 -2615
44 25 6827
44 26 17510
44 27 32152
44 28 25973
44 29 35315
44 30 27308
44 31 5127
44 32 -1087
44 33 15135
44 34 30078
44 35 30057
44 36 42920
44 37 44282
44 38 22207
44 39 9613
44 40 3230
44 41 27433
44 42 30954
44 43 22360
44 45 30319
44 46 29207
44 47 38977
44 48 32790
44 49 5633
44 50 1375
44 51 9647
44 52 30525
44 53 30165
44 54 31449
44 55 7823
44 56 13189
44 57 40306
44 58 17874
44 59 27986
44 60 54069
44 61 29355
44 62 23453
44 63 10031
44 64 21619
44 65 29221
44 66 31075
44 67 24735
44 68 21714
44 69 41581
44 70 52755
44 71 52975
44 72 13639
44 73 20745
44 74 30838
44 75 20562
44 76 -3201
45 1 21311
45 2 11036
45 3 27899
45 4 5678
45 5 4108
45 6 14941
45 7 16408
45 8 10219
45 9 29271
45 10 30571
45 11 23161
45 12 23213
45 13 7464
45 14 21911
45 15 5865
45 16 25581
45 17 19418
45 18 40760
45 19 15636
45 20 13024
45 21 6684
45 22 19433
45 23 32326
45 24 27441
45 25 37716
45 26 15768
45 27 1785
45 28 11563
45 29 1774
45 30 4257
45 31 25164
45 32 30049
45 33 19509
45 34 9995
45 35 16614
45 36 12987
45 37 11222
45 38 26709
45 39 30669
45 40 22294
45 41 35315
45 42 34913
45 43 28667
45 44 28634
45 46 10655
45 47 10045
45 48 3826
45 49 31012
45 50 34975
45 51 20452
45 52 4987
45 53 22453
45 54 5167
45 55 39795
45 56 30013
45 57 6849
45 58 27025
45 59 15886
45 60 22077
45 61 12542
45 62 16403
45 63 22003
45 64 21214
45 65 32820
45 66 30387
45 67 12996
45 68 11411
45 69 14884
45 70 19750
45 71 22161
45 72 28741
45 73 19776
45 74 11142
45 75 10815
45 76 -9675
46 1 27419
46 2 18408
46 3 25399
46 4 7827
46 5 15289
46 6 17175
46 7 4470
46 8 -592
46 9 21860
46 10 19609
46 11 11151
46 12 15764
46 13 7502
46 14 10965
46 15 13544
46 16 26561
46 17 15506
46 18 36483
46 19 6533
46 20 22162
46 21 18489
46 22 28310
46 23 35654
46 24 26530
46 25 30832
46 26 8180
46 27 4326
46 28 21574
46 29 13333
46 30 14084
46 31 14841
46 32 24830
46 33 23666
46 34 2231
46 35 4942
46 36 24731
46 37 21654
46 38 14915
46 39 22272
46 40 16482
46 41 41478
46 42 42036
46 43 34813
46 44 25096
46 45 8229
46 47 22064
46 48 15819
46 49 31384
46 50 30001
46 51 19809
46 52 1043
46 53 10518
46 54 950
46 55 32875
46 56 33834
46 57 12070
46 58 16497
46 59 5509
46 60 32709
46 61 23757
46 62 24456
46 63 25245
46 64 29826
46 65 20838
46 66 18402
46 67 5996
46 68 14853
46 69 26897
46 70 29709
46 71 33445
46 72 19283
46 73 26006
46 74 21597
46 75 10691
46 76 -12637
47 1 21053
47 2 14280
47 3 36974
47 4 19223
47 5 -1
47 6 22972
47 7 31408
47 8 24822
47 9 41748
47 10 45179
47 11 38055
47 12 36406
47 13 17788
47 14 36045
47 15 7449
47 16 31772
47 17 31010
47 18 50194
47 19 29117
47 20 6428
47 21 -5019
47 22 14105
47 23 34385
47 24 33832
47 25 49411
47 26 29690
47 27 15029
47 28 6078
47 29 8482
47 30 9233
47 31 39286
47 32 41016
47 33 23273
47 34 24995
47 35 31353
47 36 -1006
47 37 3194
47 38 41672
47 39 43857
47 40 34321
47 41 33206
47 42 31443
47 43 27166
47 44 38434
47 45 11187
47 46 25632
47 48 931
47 49 36597
47 50 45282
47 51 29495
47 52 19388
47 53 37291
47 54 15983
47 55 51233
47 56 30852
47 57 10761
47 58 41500
47 59 29364
47 60 10351
47 61 1400
47 62 14658
47 63 25544
47 64 14603
47 65 47820
47 66 45236
47 67 27455
47 68 20675
47 69 -116
47 70 10011
47 71 9044
47 72 42634
47 73 20704
47 74 8180
47 75 22774
47 76 3109
48 1 18210
48 2 9476
48 3 31374
48 4 12925
48 5 -1
48 6 17326
48 7 25477
48 8 19408
48 9 35537
48 10 38914
48 11 32359
48 12 30102
48 13 14263
48 14 30990
48 15 6767
48 16 26854
48 17 24854
48 18 44613
48 19 24417
48 20 9710
48 21 -2400
48 22 13431
48 23 30931
48 24 29049
48 25 43344
48 26 23372
48 27 10147
48 28 4973
48 29 3705
48 30 3266
48 31 32962
48 32 35045
48 33 18897
48 34 19100
48 35 25831
48 36 5121
48 37 6610
48 38 35595
48 39 37566
48 40 28142
48 41 31375
48 42 30163
48 43 24994
48 44 32686
48 45 5407
48 46 19826
48 47 1370
48 49 31991
48 50 39479
48 51 23778
48 52 14071
48 53 31668
48 54 12505
48 55 45234
48 56 27920
48 57 9580
48 58 35214
48 59 24741
48 60 15892
48 61 3966
48 62 12070
48 63 21414
48 64 14876
48 65 41861
48 66 39596
48 67 21209
48 68 14662
48 69 6001
48 70 14751
48 71 15006
48 72 36310
48 73 17219
48 74 5062
48 75 16497
48 76 -3201
49 1 11059
49 2 23309
49 3 6651
49 4 31743
49 5 39543
49 6 18855
49 7 36258
49 8 37974
49 9 16867
49 10 32806
49 11 38580
49 12 23826
49 13 44554
49 14 45852
49 15 44372
49 16 5187
49 17 19235
49 18 10459
49 19 44993
49 20 49490
49 21 29264
49 22 18675
49 23 3325
49 24 -10410
49 25 16811
49 26 27493
49 27 38568
49 28 22873
49 29 39063
49 30 29437
49 31 17880
49 32 11842
49 33 12131
49 34 38048
49 35 40641
49 36 43069
49 37 46420
49 38 35406
49 39 23038
49 40 15643
49 41 16153
49 42 20616
49 43 12348
49 44 7956
49 45 35020
49 46 37818
49 47 39463
49 48 34418
49 50 9623
49 51 14634
49 52 38043
49 53 42005
49 54 40001
49 55 15288
49 56 48
49 57 45681
49 58 31011
49 59 40001
49 60 54676
49 61 24757
49 62 19498
49 63 3317
49 64 11338
49 65 42499
49 66 44208
49 67 33238
49 68 25518
49 69 39874
49 70 54321
49 71 53018
49 72 27028
49 73 16524
49 74 30287
49 75 26626
49 76 4254
50 1 26904
50 2 33096
50 3 7779
50 4 35227
50 5 46742
50 6 25902
50 7 31919
50 8 35893
50 9 3030
50 10 20134
50 11 28806
50 12 18022
50 13 45942
50 14 39375
50 15 49308
50 16 16848
50 17 19028
50 18 -1789
50 19 41679
50 20 56465
50 21 40521
50 22 34407
50 23 21559
50 24 -2217
50 25 -1419
50 26 25267
50 27 41033
50 28 35766
50 29 44936
50 30 37232
50 31 1007
50 32 1430
50 33 24643
50 34 38479
50 35 36445
50 36 52899
50 37 54071
50 38 24110
50 39 10137
50 40 10165
50 41 34268
50 42 38429
50 43 29946
50 44 4502
50 45 39787
50 46 37239
50 47 48952
50 48 42710
50 49 10427
50 51 19628
50 52 38996
50 53 35006
50 54 39039
50 55 -1908
50 56 18010
50 57 49353
50 58 20720
50 59 32019
50 60 63996
50 61 38988
50 62 33042
50 63 18479
50 64 29202
50 65 30516
50 66 32752
50 67 33102
50 68 31569
50 69 51566
50 70 62583
50 71 62947
50 72 15596
50 73 30182
50 74 40829
50 75 30009
50 76 5865
51 1 10576
51 2 11241
51 3 5249
51 4 15099
51 5 25130
51 6 3880
51 7 20115
51 8 21091
51 9 11852
51 10 22363
51 11 24576
51 12 10822
51 13 27706
51 14 29954
51 15 28698
51 16 4511
51 17 3798
51 18 18460
51 19 28208
51 20 35051
51 21 18673
51 22 16195
51 23 14370
51 24 4880
51 25 18066
51 26 11302
51 27 21858
51 28 14815
51 29 23722
51 30 15300
51 31 12449
51 32 9466
51 33 5928
51 34 21019
51 35 24229
51 36 30879
51 37 32399
51 38 23034
51 39 15637
51 40 5055
51 41 22956
51 42 25082
51 43 16786
51 44 6544
51 45 19034
51 46 20817
51 47 26935
51 48 20779
51 49 9208
51 50 13398
51 52 21063
51 53 26617
51 54 22972
51 55 19585
51 56 12656
51 57 29499
51 58 19109
51 59 24461
51 60 42044
51 61 18491
51 62 13068
51 63 4731
51 64 14972
51 65 30263
51 66 31086
51 67 16275
51 68 9859
51 69 29701
51 70 40817
51 71 40933
51 72 17040
51 73 11139
51 74 18954
51 75 9788
51 76 -12772
52 1 27968
52 2 18109
52 3 28983
52 4 8094
52 5 10956
52 6 18855
52 7 9057
52 8 1479
52 9 26628
52 10 24513
52 11 14825
52 12 20428
52 13 3008
52 14 12980
52 15 8574
52 16 29028
52 17 19235
52 18 40677
52 19 6809
52 20 17230
52 21 15582
52 22 27559
52 23 37422
52 24 29784
52 25 35557
52 26 12674
52 27 -495
52 28 20114
52 29 9468
52 30 12474
52 31 19813
52 32 29155
52 33 24899
52 34 4467
52 35 8040
52 36 20591
52 37 16964
52 38 19446
52 39 27171
52 40 20843
52 41 42110
52 42 42222
52 43 35417
52 44 28984
52 45 5131
52 46 3613
52 47 18390
52 48 12634
52 49 34179
52 50 34328
52 51 22625
52 53 14020
52 54 -1739
52 55 37632
52 56 35459
52 57 7108
52 58 21479
52 59 6969
52 60 27987
52 61 21472
52 62 24042
52 63 26931
52 64 29290
52 65 25069
52 66 21940
52 67 9845
52 68 15805
52 69 23118
52 70 24858
52 71 28967
52 72 24269
52 73 26420
52 74 19804
52 75 12644
52 76 -9675
53 1 40295
53 2 32835
53 3 31305
53 4 22773
53 5 29928
53 6 29305
53 7 5010
53 8 6408
53 9 20697
53 10 10701
53 11 -4194
53 12 18287
53 13 17551
53 14 -636
53 15 26183
53 16 35929
53 17 22949
53 18 38222
53 19 5405
53 20 34782
53 21 34010
53 22 42719
53 23 45972
53 24 32519
53 25 28974
53 26 15214
53 27 18382
53 28 36663
53 29 28447
53 30 29437
53 31 6005
53 32 27056
53 33 35799
53 34 17715
53 35 2998
53 36 39602
53 37 35491
53 38 2626
53 39 19792
53 40 19972
53 41 53881
53 42 55157
53 43 47384
53 44 29673
53 45 23646
53 46 14137
53 47 37342
53 48 31280
53 49 39190
53 50 31387
53 51 29228
53 52 15069
53 54 4919
53 55 30066
53 56 44253
53 57 23175
53 58 10699
53 59 -7007
53 60 46306
53 61 39181
53 62 38696
53 63 36207
53 64 43807
53 65 6748
53 66 2941
53 67 18024
53 68 28453
53 69 42119
53 70 42767
53 71 47744
53 72 15424
53 73 39284
53 74 36925
53 75 23608
53 76 -1145
54 1 41038
54 2 30914
54 3 41423
54 4 21411
54 5 17115
54 6 32190
54 7 15643
54 8 7057
54 9 36405
54 10 30005
54 11 14639
54 12 30932
54 13 2274
54 14 9127
54 15 10169
54 16 42238
54 17 31527
54 18 52119
54 19 2605
54 20 17416
54 21 24891
54 22 39671
54 23 50764
54 24 42552
54 25 45371
54 26 23886
54 27 9274
54 28 31653
54 29 18515
54 30 24497
54 31 25605
54 32 40387
54 33 38208
54 34 17024
54 35 10998
54 36 26206
54 37 20120
54 38 22600
54 39 36206
54 40 32089
54 41 55161
54 42 55021
54 43 48475
54 44 41032
54 45 16435
54 46 14644
54 47 26109
54 48 22192
54 49 47261
54 50 45495
54 51 35658
54 52 9385
54 53 14994
54 55 47179
54 56 48793
54 57 5694
54 58 28417
54 59 -365
54 60 29668
54 61 31512
54 62 36586
54 63 40273
54 64 41448
54 65 26435
54 66 20381
54 67 22019
54 68 29125
54 69 29603
54 70 25562
54 71 32468
54 72 32416
54 73 39469
54 74 31205
54 75 25903
54 76 3202
55 1 41668
55 2 47584
55 3 22562
55 4 48104
55 5 60196
55 6 40197
55 7 41129
55 8 45886
55 9 11044
55 10 23473
55 11 33083
55 12 28807
55 13 57146
55 14 45964
55 15 61875
55 16 31702
55 17 32108
55 18 6247
55 19 50465
55 20 69593
55 21 55026
55 22 49225
55 23 35287
55 24 9685
55 25 -445
55 26 36615
55 27 53010
55 28 50551
55 29 58130
55 30 51195
55 31 -2765
55 32 14623
55 33 39499
55 34 49995
55 35 45242
55 36 66995
55 37 67524
55 38 27800
55 39 16974
55 40 22294
55 41 48191
55 42 52652
55 43 44284
55 44 19099
55 45 52756
55 46 48262
55 47 63052
55 48 56614
55 49 24241
55 50 6241
55 51 33964
55 52 50449
55 53 41834
55 54 48872
55 56 30907
55 57 61366
55 58 27025
55 59 36739
55 60 77823
55 61 53837
55 62 47894
55 63 33234
55 64 43394
55 65 32820
55 66 34851
55 67 44818
55 68 45442
55 69 66059
55 70 76093
55 71 76990
55 72 22126
55 73 45047
55 74 55310
55 75 43206
55 76 18609
56 1 8470
56 2 26493
56 3 20249
56 4 38869
56 5 42182
56 6 25937
56 7 47014
56 8 47332
56 9 31074
56 10 46471
56 11 51059
56 12 36355
56 13 51350
56 14 56862
56 15 48458
56 16 14568
56 17 30410
56 18 23356
56 19 54542
56 20 51397
56 21 28506
56 22 13346
56 23 -894
56 24 547
56 25 30857
56 26 38227
56 27 45202
56 28 21409
56 29 43313
56 30 33209
56 31 32193
56 32 26063
56 33 15884
56 34 46482
56 35 51007
56 36 42880
56 37 48112
56 38 48567
56 39 37051
56 40 28665
56 41 5153
56 42 10642
56 43 4594
56 44 21961
56 45 40470
56 46 46717
56 47 40167
56 48 36796
56 49 6497
56 50 23655
56 51 24531
56 52 45772
56 53 53517
56 54 47982
56 55 28403
56 57 50586
56 58 44197
56 59 51387
56 60 54232
56 61 20268
56 62 18557
56 63 6869
56 64 134
56 65 55756
56 66 57162
56 67 42540
56 68 32027
56 69 37638
56 70 54909
56 71 52238
56 72 40653
56 73 17030
56 74 31366
56 75 34664
56 76 13345
57 1 35481
57 2 25493
57 3 42788
57 4 20148
57 5 5135
57 6 30234
57 7 23867
57 8 14999
57 9 42076
57 10 39533
57 11 27100
57 12 35825
57 13 3008
57 14 22514
57 15 -3308
57 16 40878
57 17 33630
57 18 55274
57 19 15216
57 20 3435
57 21 13895
57 22 31459
57 23 47284
57 24 42685
57 25 50940
57 26 28020
57 27 7589
57 28 22998
57 29 10340
57 30 18218
57 31 35036
57 32 44063
57 33 34539
57 34 19844
57 35 21078
57 36 12839
57 37 6194
57 38 33537
57 39 42717
57 40 35891
57 41 49088
57 42 48091
57 43 42581
57 44 43256
57 45 11484
57 46 19131
57 47 14254
57 48 12634
57 49 46308
57 50 49176
57 51 35552
57 52 11599
57 53 26617
57 54 -939
57 55 53040
57 56 44764
57 58 36802
57 59 13776
57 60 15569
57 61 20562
57 62 29735
57 63 37103
57 64 32828
57 65 38361
57 66 33514
57 67 24996
57 68 26701
57 69 16343
57 70 11573
57 71 18394
57 72 39798
57 73 34124
57 74 22962
57 75 25534
57 76 4361
58 1 34239
58 2 30710
58 3 19456
58 4 24102
58 5 35648
58 6 24403
58 7 10550
58 8 15621
58 9 5664
58 10 -792
58 11 3617
58 12 7702
58 13 27766
58 14 14568
58 15 34639
58 16 26577
58 17 14859
58 18 23468
58 19 19063
58 20 43236
58 21 35826
58 22 39063
58 23 36461
58 24 19640
58 25 13680
58 26 11446
58 27 25399
58 28 35328
58 29 33358
58 30 30327
58 31 -6247
58 32 13127
58 33 29503
58 34 22356
58 35 14026
58 36 44514
58 37 42438
58 38 -196
58 39 4613
58 40 8152
58 41 46466
58 42 48784
58 43 40440
58 44 16974
58 45 27810
58 46 19708
58 47 41143
58 48 34418
58 49 27788
58 50 16693
58 51 21312
58 52 22120
58 53 10291
58 54 17934
58 55 14849
58 56 34525
58 57 32952
58 59 6705
58 60 53473
58 61 38905
58 62 35273
58 63 28059
58 64 38617
58 65 6962
58 66 8617
58 67 18678
58 68 26116
58 69 45770
58 70 50685
58 71 53779
58 72 200
58 73 34281
58 74 37000
58 75 21608
58 76 -3817
59 1 55972
59 2 47466
59 3 47804
59 4 36895
59 5 39415
59 6 45111
59 7 20821
59 8 18615
59 9 35911
59 10 23275
59 11 2839
59 12 34742
59 13 24547
59 14 2994
59 15 33241
59 16 52403
59 17 39454
59 18 53733
59 19 11892
59 20 40557
59 21 45901
59 22 57379
59 23 62391
59 24 48927
59 25 43335
59 26 31542
59 27 28923
59 28 50450
59 29 39350
59 30 42810
59 31 16199
59 32 43058
59 33 51711
59 34 31236
59 35 16516
59 36 48912
59 37 43204
59 38 13671
59 39 34813
59 40 36389
59 41 69806
59 42 70759
59 43 63224
59 44 46048
59 45 35633
59 46 27682
59 47 47969
59 48 42907
59 49 55740
59 50 46954
59 51 45626
59 52 26572
59 53 11547
59 54 8114
59 55 43525
59 56 60677
59 57 28888
59 58 25667
59 60 52846
59 61 51988
59 62 53506
59 63 52468
59 64 58862
59 65 13701
59 66 3072
59 67 33298
59 68 43595
59 69 52130
59 70 48690
59 71 55607
59 72 30428
59 73 54734
59 74 50254
59 75 38969
59 76 14602
60 1 37886
60 2 32085
60 3 54663
60 4 34966
60 5 11286
60 6 40616
60 7 44491
60 8 36384
60 9 58479
60 10 59691
60 11 49466
60 12 52633
60 13 25528
60 14 45402
60 15 12549
60 16 49567
60 17 48001
60 18 67901
60 19 38048
60 20 595
60 21 10588
60 22 29073
60 23 51456
60 24 51584
60 25 66552
60 26 45295
60 27 26703
60 28 22430
60 29 22362
60 30 26609
60 31 54597
60 32 58351
60 33 40974
60 34 38621
60 35 42870
60 36 4253
60 37 4899
60 38 54872
60 39 60126
60 40 51211
60 41 48753
60 42 46439
60 43 43221
60 44 56024
60 45 25717
60 46 38775
60 47 12849
60 48 17951
60 49 54308
60 50 62824
60 51 47102
60 52 31483
60 53 48753
60 54 22040
60 55 68502
60 56 47415
60 57 14574
60 58 56328
60 59 36739
60 61 12828
60 62 31619
60 63 43111
60 64 27212
60 65 60289
60 66 56167
60 67 42481
60 68 37991
60 69 2884
60 70 -2981
60 71 689
60 72 58263
60 73 38065
60 74 25844
60 75 39412
60 76 19450
61 1 13451
61 2 16476
61 3 37034
61 4 28971
61 5 16529
61 6 25637
61 7 42582
61 8 37790
61 9 45563
61 10 53341
61 11 49790
61 12 42417
61 13 33413
61 14 49609
61 15 24072
61 16 29508
61 17 35513
61 18 49035
61 19 43399
61 20 21445
61 21 -714
61 22 2229
61 23 26577
61 24 29530
61 25 51368
61 26 37721
61 27 29220
61 28 1095
61 29 22914
61 30 17385
61 31 45573
61 32 42855
61 33 20568
61 34 36765
61 35 43925
61 36 11030
61 37 18826
61 38 51584
61 39 48945
61 40 38417
61 41 21554
61 42 18901
61 43 16786
61 44 39100
61 45 23972
61 46 37613
61 47 11688
61 48 13815
61 49 32179
61 50 45606
61 51 31339
61 52 32758
61 53 49418
61 54 31674
61 55 52306
61 56 21241
61 57 27357
61 58 49550
61 59 43671
61 60 20618
61 62 9274
61 63 20847
61 64 -774
61 65 58333
61 66 57068
61 67 37104
61 68 26116
61 69 3026
61 70 22614
61 71 18612
61 72 49209
61 73 16131
61 74 11560
61 75 29865
61 76 10417
62 1 437
62 2 4961
62 3 21820
62 4 19820
62 5 17928
62 6 11795
62 7 32464
62 8 29763
62 9 30833
62 10 40282
62 11 39284
62 12 28807
62 13 29805
62 14 41282
62 15 24698
62 16 14325
62 17 21582
62 18 33888
62 19 36524
62 20 26894
62 21 4308
62 22 -1916
62 23 13891
62 24 15046
62 25 36215
62 26 25641
62 27 24035
62 28 -2552
62 29 20106
62 30 10513
62 31 31404
62 32 27770
62 33 5337
62 34 28279
62 35 35049
62 36 18591
62 37 23608
62 38 39625
62 39 34613
62 40 24010
62 41 13401
62 42 12584
62 43 6968
62 44 23913
62 45 18548
62 46 29027
62 47 15661
62 48 12634
62 49 17635
62 50 30375
62 51 16631
62 52 26043
62 53 39648
62 54 27463
62 55 37078
62 56 10245
62 57 27245
62 58 36633
62 59 35904
62 60 30124
62 61 -11
62 63 6145
62 64 -585
62 65 46672
62 66 46400
62 67 26623
62 68 14306
62 69 14496
62 70 30494
62 71 28240
62 72 35511
62 73 1006
62 74 7000
62 75 18331
62 76 -1456
63 1 437
63 2 12968
63 3 10282
63 4 24102
63 5 29329
63 6 11078
63 7 32464
63 8 32487
63 9 21242
63 10 34391
63 11 37303
63 12 23213
63 13 36761
63 14 42294
63 15 34875
63 16 2050
63 17 16500
63 18 20442
63 19 39698
63 20 39100
63 21 18067
63 22 8050
63 23 2495
63 24 904
63 25 24467
63 26 23811
63 27 30610
63 28 11563
63 29 29551
63 30 19540
63 31 22692
63 32 16901
63 33 1571
63 34 31618
63 35 36309
63 36 32037
63 37 35914
63 38 35584
63 39 26236
63 40 16371
63 41 10417
63 42 13192
63 43 4637
63 44 12530
63 45 26187
63 46 31855
63 47 28586
63 48 24017
63 49 3493
63 50 17851
63 51 10333
63 52 30971
63 53 39198
63 54 33189
63 55 24457
63 56 596
63 57 36652
63 58 31458
63 59 36905
63 60 43655
63 61 13601
63 62 8184
63 64 3697
63 65 42820
63 66 43781
63 67 27727
63 68 17290
63 69 28583
63 70 43537
63 71 41915
63 72 28741
63 73 5226
63 74 19361
63 75 19798
63 76 -1456
64 1 10576
64 2 26174
64 3 35696
64 4 41033
64 5 35648
64 6 31609
64 7 53417
64 8 50977
64 9 46737
64 10 59132
64 11 59917
64 12 47566
64 13 50222
64 14 62457
64 15 43144
64 16 27542
64 17 40348
64 18 43563
64 19 57705
64 20 42185
64 21 18739
64 22 3623
64 23 16620
64 24 21352
64 25 49369
64 26 45959
64 27 44788
64 28 13870
64 29 39846
64 30 31195
64 31 48175
64 32 42322
64 33 21889
64 34 49492
64 35 56206
64 36 31910
64 37 39292
64 38 59468
64 39 51622
64 40 41444
64 41 7522
64 42 5429
64 43 6968
64 44 37919
64 45 39199
64 46 50237
64 47 31446
64 48 31280
64 49 25315
64 50 42375
64 51 34375
64 52 47131
64 53 60599
64 54 48165
64 55 48418
64 56 7662
64 57 46178
64 58 55817
64 59 57100
64 60 41557
64 61 5781
64 62 15255
64 63 17498
64 65 66644
64 66 66884
64 67 47630
64 68 35277
64 69 23898
64 70 43635
64 71 39590
64 72 53723
64 73 18478
64 74 26155
64 75 39216
64 76 19195
65 1 47761
65 2 42650
65 3 33537
65 4 33962
65 5 43177
65 6 37289
65 7 16408
65 8 19903
65 9 18029
65 10 3978
65 11 -5123
65 12 21613
65 13 31464
65 14 10056
65 15 39988
65 16 40655
65 17 28459
65 18 35535
65 19 19063
65 20 48638
65 21 45971
65 22 51869
65 23 50590
65 24 33293
65 25 23876
65 26 23042
65 27 31728
65 28 47090
65 29 41347
65 30 40748
65 31 -4680
65 32 26571
65 33 42996
65 34 29995
65 35 16614
65 36 52724
65 37 49096
65 38 -4416
65 39 16974
65 40 22294
65 41 60368
65 42 62467
65 43 54226
65 44 30903
65 45 36187
65 46 26631
65 47 50045
65 48 43647
65 49 41858
65 50 29071
65 51 35048
65 52 28292
65 53 8922
65 54 18534
65 55 23226
65 56 48666
65 57 37093
65 58 9544
65 59 -2679
65 60 60016
65 61 50270
65 62 47894
65 63 42003
65 64 52026
65 66 -4912
65 67 28439
65 68 37939
65 69 54884
65 70 56578
65 71 61210
65 72 13228
65 73 47436
65 74 47990
65 75 33090
65 76 7806
66 1 53224
66 2 47043
66 3 40249
66 4 37504
66 5 44966
66 6 42421
66 7 19495
66 8 21482
66 9 25243
66 10 11236
66 11 -4914
66 12 27820
66 13 31800
66 14 8175
66 15 40709
66 16 46879
66 17 34273
66 18 42807
66 19 18518
66 20 49091
66 21 49071
66 22 56670
66 23 56930
66 24 40320
66 25 31127
66 26 27939
66 27 33435
66 28 51211
66 29 43573
66 30 44278
66 31 1701
66 32 33639
66 33 48497
66 34 32752
66 35 18089
66 36 54664
66 37 50273
66 38 2246
66 39 24160
66 40 28838
66 41 66216
66 42 68039
66 43 59939
66 44 37769
66 45 38766
66 46 29207
66 47 52473
66 48 46394
66 49 48579
66 50 36319
66 51 40883
66 52 30175
66 53 10127
66 54 17492
66 55 30269
66 56 55084
66 57 37258
66 58 16211
66 59 -8296
66 60 60906
66 61 54017
66 62 52634
66 63 47976
66 64 57278
66 65 100
66 67 32307
66 68 42424
66 69 57243
66 70 57177
66 71 62620
66 72 20260
66 73 52610
66 74 51708
66 75 37518
66 76 12418
67 1 22671
67 2 14834
67 3 19436
67 4 5607
67 5 17094
67 6 11899
67 7 5842
67 8 4848
67 9 17123
67 10 17723
67 11 12886
67 12 10860
67 13 12849
67 14 15036
67 15 17208
67 16 20706
67 17 9561
67 18 30837
67 19 12031
67 20 25397
67 21 17673
67 22 24692
67 23 30045
67 24 20532
67 25 25944
67 26 3067
67 27 8188
67 28 18902
67 29 14766
67 30 12320
67 31 12165
67 32 19309
67 33 18510
67 34 5380
67 35 8804
67 36 25833
67 37 24081
67 38 14667
67 39 18044
67 40 11010
67 41 36553
67 42 37466
67 43 29946
67 44 19241
67 45 9187
67 46 4613
67 47 22504
67 48 15819
67 49 25421
67 50 24481
67 51 13884
67 52 5892
67 53 13022
67 54 6942
67 55 28048
67 56 28274
67 57 16552
67 58 14084
67 59 9742
67 60 35032
67 61 21865
67 62 20669
67 63 19734
67 64 25836
67 65 21263
67 66 20119
67 68 10444
67 69 27212
67 70 32509
67 71 35150
67 72 15791
67 73 21462
67 74 19561
67 75 5679
67 76 -18432
68 1 11607
68 2 3756
68 3 16058
68 4 5887
68 5 14329
68 6 2576
68 7 17217
68 8 15217
68 9 20264
68 10 26269
68 11 24041
68 12 15654
68 13 18547
68 14 26305
68 15 18081
68 16 13230
68 17 9478
68 18 29225
68 19 22305
68 20 24235
68 21 9537
68 22 13346
68 23 20734
68 24 15092
68 25 27778
68 26 10752
68 27 12411
68 28 8308
68 29 12954
68 30 4797
68 31 18961
68 32 19426
68 33 8137
68 34 13887
68 35 20040
68 36 20609
68 37 21619
68 38 24789
68 39 22773
68 40 12798
68 41 25682
68 42 26262
68 43 19009
68 44 17174
68 45 8556
68 46 14424
68 47 16678
68 48 10226
68 49 18655
68 50 23902
68 51 8422
68 52 12806
68 53 24405
68 54 15002
68 55 29626
68 56 18715
68 57 19211
68 58 22476
68 59 20993
68 60 31496
68 61 11831
68 62 9306
68 63 10251
68 64 14437
68 65 31717
68 66 31190
68 67 11398
68 69 20269
68 70 30084
68 71 30590
68 72 22366
68 73 10219
68 74 10153
68 75 3080
68 76 -16537
69 1 25478
69 2 22553
69 3 45469
69 4 30008
69 5 9691
69 6 31959
69 7 42408
69 8 35712
69 9 51636
69 10 56009
69 11 49011
69 12 46742
69 13 27706
69 14 46706
69 15 15773
69 16 39153
69 17 40858
69 18 58430
69 19 39610
69 20 9265
69 21 -527
69 22 15654
69 23 39068
69 24 40571
69 25 58811
69 26 40363
69 27 25796
69 28 10254
69 29 19393
69 30 19282
69 31 49860
69 32 50250
69 33 30143
69 34 35995
69 35 42269
69 36 -198
69 37 8060
69 38 52657
69 39 54077
69 40 44170
69 41 35315
69 42 32830
69 43 30094
69 44 47199
69 45 22187
69 46 36626
69 47 6045
69 48 11723
69 49 43169
69 50 54057
69 51 38422
69 52 30277
69 53 48229
69 54 25638
69 55 60401
69 56 34484
69 57 19011
69 58 52288
69 59 39686
69 60 6547
69 61 -1101
69 62 19654
69 63 31702
69 64 13216
69 65 58820
69 66 56167
69 67 38324
69 68 30427
69 70 9039
69 71 4645
69 72 53174
69 73 26486
69 74 15868
69 75 33090
69 76 13546
70 1 38365
70 2 31462
70 3 53507
70 4 32812
70 5 9207
70 6 39489
70 7 41352
70 8 33009
70 9 56443
70 10 56769
70 11 45858
70 12 50415
70 13 21759
70 14 41527
70 15 8941
70 16 48967
70 17 46231
70 18 66729
70 19 34203
70 20 -3603
70 21 11217
70 22 30333
70 23 51798
70 24 51119
70 25 64746
70 26 42896
70 27 23613
70 28 23061
70 29 20106
70 30 25401
70 31 51874
70 32 56750
70 33 40665
70 34 35772
70 35 39415
70 36 4757
70 37 2414
70 38 51617
70 39 57859
70 40 49327
70 41 49898
70 42 47781
70 43 44128
70 44 54710
70 45 23390
70 46 35775
70 47 12509
70 48 16810
70 49 53953
70 50 61411
70 51 45875
70 52 28354
70 53 45214
70 54 17934
70 55 66772
70 56 48092
70 57 10578
70 58 53540
70 59 32583
70 60 -2981
70 61 14824
70 62 31989
70 63 42993
70 64 29290
70 65 56851
70 66 52438
70 67 39958
70 68 36579
70 69 5376
70 71 3206
70 72 55739
70 73 38160
70 74 25636
70 75 37557
70 76 17414
71 1 32910
71 2 27621
71 3 50421
71 4 31713
71 5 8452
71 6 36426
71 7 42299
71 8 34608
71 9 54913
71 10 57099
71 11 47939
71 12 49290
71 13 24614
71 14 44450
71 15 11684
71 16 45008
71 17 44267
71 18 63632
71 19 37108
71 20 1799
71 21 5656
71 22 23978
71 23 46501
71 24 46924
71 25 62757
71 26 42187
71 27 24657
71 28 17446
71 29 19438
71 30 22596
71 31 51717
71 32 54419
71 33 36292
71 34 36134
71 35 41175
71 36 -338
71 37 3244
71 38 52753
71 39 56790
71 40 47545
71 41 43661
71 42 41340
71 43 38154
71 44 51887
71 45 22758
71 46 36468
71 47 8499
71 48 14022
71 49 49607
71 50 58732
71 51 42948
71 52 29420
71 53 47148
71 54 21797
71 55 64626
71 56 42378
71 57 14356
71 58 53591
71 59 36457
71 60 -2354
71 61 7779
71 62 26692
71 63 38328
71 64 22202
71 65 58440
71 66 54838
71 67 39556
71 68 34042
71 69 -2061
71 70 163
71 72 55208
71 73 33222
71 74 21207
71 75 35824
71 76 16008
72 1 32353
72 2 30491
72 3 15767
72 4 25533
72 5 37649
72 6 23554
72 7 14436
72 8 19408
72 9 683
72 10 1018
72 11 8422
72 12 6406
72 13 31261
72 14 19530
72 15 37449
72 16 23752
72 17 13520
72 18 18517
72 19 23550
72 20 45868
72 21 36510
72 22 37876
72 23 33275
72 24 15276
72 25 8774
72 26 12642
72 27 28184
72 28 35045
72 29 35315
72 30 31123
72 31 -8113
72 32 8579
72 33 27768
72 34 24995
72 35 18359
72 36 46079
72 37 44672
72 38 4000
72 39 -387
72 40 5190
72 41 43918
72 42 46589
72 43 38120
72 44 12941
72 45 29728
72 46 22696
72 47 42479
72 48 35716
72 49 24007
72 50 11771
72 51 19445
72 52 25112
72 53 15218
72 54 22135
72 55 10152
72 56 31183
72 57 36150
72 58 402
72 59 11668
72 60 55610
72 61 38766
72 62 34353
72 63 25544
72 64 36725
72 65 10848
72 66 12868
72 67 20587
72 68 26208
72 69 46858
72 70 53086
72 71 55598
72 73 32884
72 74 37311
72 75 22145
72 76 -3201
73 1 -2424
73 2 5696
73 3 17089
73 4 19702
73 5 21212
73 6 9139
73 7 31121
73 8 29408
73 9 26642
73 10 37174
73 11 37455
73 12 25566
73 13 31152
73 14 40468
73 15 27449
73 16 9383
73 17 18276
73 18 28926
73 19 36441
73 20 30659
73 21 8904
73 22 1067
73 23 9767
73 24 10105
73 25 31566
73 26 23487
73 27 25114
73 28 2359
73 29 22382
73 30 12320
73 31 27549
73 32 23242
73 33 587
73 34 28013
73 35 34208
73 36 23005
73 37 27399
73 38 37103
73 39 30738
73 40 20183
73 41 11706
73 42 12049
73 43 5015
73 44 19241
73 45 19957
73 46 28613
73 47 19743
73 48 15819
73 49 12697
73 50 25551
73 51 12738
73 52 26457
73 53 38272
73 54 28382
73 55 32267
73 56 6754
73 57 29670
73 58 33677
73 59 35168
73 60 34606
73 61 4882
73 62 -958
73 63 1223
73 64 674
73 65 44250
73 66 44412
73 67 25452
73 68 13255
73 69 19364
73 70 34701
73 71 32806
73 72 32078
73 74 10601
73 75 16993
73 76 -3201
74 1 10302
74 2 3687
74 3 26650
74 4 14418
74 5 7928
74 6 13129
74 7 28031
74 8 23563
74 9 33065
74 10 39208
74 11 35240
74 12 28807
74 13 21091
74 14 35410
74 15 14810
74 16 20806
74 17 22395
74 18 39719
74 19 29612
74 20 17080
74 21 -3282
74 22 5674
74 23 23358
74 24 22743
74 25 39984
74 26 23429
74 27 15900
74 28 -2552
74 29 10718
74 30 2903
74 31 32114
74 32 31404
74 33 12131
74 34 22356
74 35 29539
74 36 9796
74 37 13810
74 38 37114
74 39 35844
74 40 25633
74 41 23313
74 42 22139
74 43 16953
74 44 28340
74 45 10329
74 46 23210
74 47 6225
74 48 2668
74 49 25466
74 50 35204
74 51 19559
74 52 18847
74 53 34919
74 54 19124
74 55 41536
74 56 20096
74 57 17514
74 58 35402
74 59 29694
74 60 21391
74 61 -683
74 62 4042
74 63 14364
74 64 7357
74 65 43810
74 66 42516
74 67 22557
74 68 12195
74 69 7752
74 70 21183
74 71 19797
74 72 35511
74 73 9607
74 75 15608
74 76 -3817
75 1 15622
75 2 8181
75 3 15865
75 4 3992
75 5 15600
75 6 5093
75 7 12809
75 8 11408
75 9 17705
75 10 22208
75 11 19571
75 12 12272
75 13 16555
75 14 22096
75 15 18003
75 16 14993
75 17 7294
75 18 28570
75 19 18600
75 20 25110
75 21 12987
75 22 17807
75 23 23639
75 24 16060
75 25 25803
75 26 6465
75 27 10679
75 28 12632
75 29 13581
75 30 7597
75 31 15420
75 32 17897
75 33 11613
75 34 10435
75 35 15847
75 36 23005
75 37 22926
75 38 20417
75 39 19693
75 40 10411
75 41 29562
75 42 30400
75 43 22932
75 44 16456
75 45 8394
75 46 10696
75 47 19211
75 48 12495
75 49 20197
75 50 22776
75 51 8785
75 52 10079
75 53 19994
75 54 12214
75 55 27824
75 56 21786
75 57 18478
75 58 18402
75 59 16801
75 60 33351
75 61 16014
75 62 13765
75 63 13193
75 64 18810
75 65 27302
75 66 26718
75 67 7067
75 68 3514
75 69 23366
75 70 31496
75 71 32806
75 72 18737
75 73 14391
75 74 14000
75 76 -20817
END
NODE_CONSUMPTION
0 1 18
0 2 26
0 3 11
0 4 30
0 5 21
0 6 19
0 7 15
0 8 16
0 9 29
0 10 26
0 11 37
0 12 16
0 13 12
0 14 31
0 15 8
0 16 19
0 17 20
0 18 13
0 19 15
0 20 22
0 21 28
0 22 12
0 23 6
0 24 27
0 25 14
0 26 18
0 27 17
0 28 29
0 29 13
0 30 22
0 31 25
0 32 28
0 33 27
0 34 19
0 35 10
0 36 12
0 37 14
0 38 24
0 39 16
0 40 33
0 41 15
0 42 11
0 43 18
0 44 17
0 45 21
0 46 27
0 47 19
0 48 20
0 49 5
0 50 22
0 51 12
0 52 19
0 53 22
0 54 16
0 55 7
0 56 26
0 57 14
0 58 21
0 59 24
0 60 13
0 61 15
0 62 18
0 63 11
0 64 28
0 65 9
0 66 37
0 67 30
0 68 10
0 69 8
0 70 11
0 71 3
0 72 1
0 73 6
0 74 10
0 75 20
END
