NAME : ./data/ESPPRC - Test Instances/E-n76-k14_b.simplified-vrp
SIZE : 77
DIRECTED : 1
CYCLIC : 1
ORIGIN : 0
DESTINATION : 76
RESOURCES : 1
RES_NAMES : 0
RES_TYPE
0 CAP
END
RES_BOUND
0 0 100
END
EDGE_COST
0 1 12389
0 2 1655
0 3 11574
0 4 -2223
0 5 9991
0 6 -158
0 7 6126
0 8 7294
0 9 3610
0 10 5309
0 11 2922
0 12 4535
0 13 12572
0 14 6283
0 15 19581
0 16 7908
0 17 -479
0 18 18863
0 19 12660
0 20 16406
0 21 7419
0 22 16735
0 23 20752
0 24 6240
0 25 18552
0 26 -1332
0 27 6139
0 28 4388
0 29 10914
0 30 4455
0 31 3660
0 32 5682
0 33 1490
0 34 4588
0 35 9983
0 36 20482
0 37 18636
0 38 9380
0 39 11326
0 40 1477
0 41 24572
0 42 24565
0 43 17055
0 44 9111
0 45 2979
0 46 886
0 47 11909
0 48 9009
0 49 19426
0 50 11663
0 51 4973
0 52 4976
0 53 6305
0 54 7288
0 55 21610
0 56 14086
0 57 12555
0 58 6178
0 59 5714
0 60 29298
0 61 11976
0 62 12259
0 63 13937
0 64 7400
0 65 19932
0 66 4008
0 67 -1909
0 68 3811
0 69 22607
0 70 27581
0 71 33662
0 72 17960
0 73 16146
0 74 13197
0 75 -2165
1 2 1655
1 3 14949
1 4 17126
1 5 18052
1 6 6901
1 7 31582
1 8 31707
1 9 17225
1 10 26848
1 11 27970
1 12 24232
1 13 32070
1 14 31631
1 15 32428
1 16 2528
1 17 16056
1 18 20378
1 19 36958
1 20 24357
1 21 3894
1 22 -3830
1 23 1897
1 24 -1089
1 25 27607
1 26 23195
1 27 25098
1 28 -5809
1 29 22740
1 30 11515
1 31 21297
1 32 14478
1 33 -8252
1 34 27875
1 35 35233
1 36 21552
1 37 25259
1 38 33060
1 39 27798
1 40 16455
1 41 -483
1 42 -874
1 43 -8127
1 44 14514
1 45 17957
1 46 24934
1 47 13845
1 48 14412
1 49 10223
1 50 16694
1 51 12313
1 52 26611
1 53 31737
1 54 29116
1 55 28661
1 56 -6797
1 57 27667
1 58 28226
1 59 31076
1 60 31726
1 61 -998
1 62 -1856
1 63 -178
1 64 -17227
1 65 43879
1 66 28806
1 67 23186
1 68 15947
1 69 18531
1 70 32524
1 71 34556
1 72 37506
1 73 915
1 74 11308
1 75 18266
1 76 27624
2 1 1493
2 3 16134
2 4 3434
2 5 4916
2 6 -834
2 7 19769
2 8 18353
2 9 14491
2 10 19509
2 11 17149
2 12 17472
2 13 17525
2 14 18940
2 15 18455
2 16 6520
2 17 9707
2 18 24338
2 19 23310
2 20 11947
2 21 -4612
2 22 2722
2 23 14447
2 24 6719
2 25 27795
2 26 13201
2 27 10600
2 28 -10077
2 29 8475
2 30 -2863
2 31 16801
2 32 13892
2 33 -5874
2 34 14387
2 35 22565
2 36 11459
2 37 13021
2 38 23939
2 39 23490
2 40 12074
2 41 13969
2 42 12683
2 43 6355
2 44 15122
2 45 3397
2 46 11638
2 47 2787
2 48 1393
2 49 18188
2 50 18601
2 51 8693
2 52 12467
2 53 19992
2 54 14707
2 55 30292
2 56 6941
2 57 13394
2 58 20412
2 59 18285
2 60 21640
2 61 -2258
2 62 -1617
2 63 8068
2 64 -5914
2 65 34483
2 66 18340
2 67 11064
2 68 3811
2 69 11321
2 70 21336
2 71 24982
2 72 31359
2 73 4750
2 74 408
2 75 6540
2 76 16728
3 1 9955
3 2 11302
3 4 16706
3 5 27193
3 6 6901
3 7 21412
3 8 25483
3 9 -5125
3 10 7629
3 11 13213
3 12 7684
3 13 32213
3 14 21200
3 15 38443
3 16 -2508
3 17 3501
3 18 256
3 19 30361
3 20 34280
3 21 19532
3 22 18709
3 23 9090
3 24 -12754
3 25 4726
3 26 12610
3 27 25719
3 28 12075
3 29 28834
3 30 19206
3 31 -875
3 32 -8460
3 33 449
3 34 24016
3 35 26321
3 36 35480
3 37 35824
3 38 15876
3 39 6458
3 40 -2369
3 41 17748
3 42 20071
3 43 11641
3 44 -8505
3 45 21487
3 46 19856
3 47 26708
3 48 24518
3 49 2757
3 50 -5489
3 51 3928
3 52 24568
3 53 19689
3 54 26443
3 55 6497
3 56 1924
3 57 31916
3 58 10385
3 59 19850
3 60 45445
3 61 19527
3 62 16469
3 63 6609
3 64 4835
3 65 26597
3 66 12773
3 67 16893
3 68 17340
3 69 35464
3 70 44608
3 71 49009
3 72 17862
3 73 17370
3 74 24598
3 75 15451
3 76 21815
4 1 13353
4 2 -177
4 3 17927
4 5 3019
4 6 2664
4 7 7795
4 8 5625
4 9 10619
4 10 10710
4 11 5390
4 12 11320
4 13 7011
4 14 6283
4 15 12626
4 16 12513
4 17 6459
4 18 25654
4 19 10652
4 20 9334
4 21 2147
4 22 15390
4 23 24080
4 24 11937
4 25 25621
4 26 4290
4 27 34
4 28 1344
4 29 3877
4 30 -643
4 31 9876
4 32 12684
4 33 3611
4 34 1659
4 35 9983
4 36 13947
4 37 11620
4 38 13518
4 39 18120
4 40 8548
4 41 25927
4 42 25116
4 43 18286
4 44 15790
4 45 -4092
4 46 -1074
4 47 5599
4 48 2711
4 49 24491
4 50 18601
4 51 10420
4 52 321
4 53 7799
4 54 3073
4 55 28681
4 56 17186
4 57 5918
4 58 11673
4 59 5583
4 60 22390
4 61 8106
4 62 11111
4 63 17071
4 64 6814
4 65 23664
4 66 6670
4 67 -294
4 68 3811
4 69 16645
4 70 20555
4 71 26943
4 72 24270
4 73 16625
4 74 9008
4 75 220
4 76 9239
5 1 19994
5 2 7020
5 3 34129
5 4 8734
5 6 16699
5 7 22398
5 8 16483
5 9 28609
5 10 27693
5 11 18767
5 12 29344
5 13 6564
5 14 16136
5 15 440
5 16 26069
5 17 24017
5 18 42389
5 19 18113
5 20 -7834
5 21 -6838
5 22 16154
5 23 34088
5 24 26330
5 25 43448
5 26 22115
5 27 3984
5 28 269
5 29 -817
5 30 3553
5 31 27478
5 32 30147
5 33 14050
5 34 15204
5 35 21955
5 36 -2574
5 37 -6309
5 38 29144
5 39 36135
5 40 26386
5 41 31442
5 42 28943
5 43 24178
5 44 32540
5 45 17
5 46 12067
5 47 -7946
5 48 -4536
5 49 37970
5 50 35795
5 51 26130
5 52 8862
5 53 20633
5 54 4456
5 55 46452
5 56 26178
5 57 -3416
5 58 28898
5 59 13782
5 60 4389
5 61 1343
5 62 14898
5 63 27977
5 64 7108
5 65 38558
5 66 19811
5 67 16872
5 68 17932
5 69 2007
5 70 2629
5 71 9361
5 72 42065
5 73 23814
5 74 8197
5 75 17507
5 76 27168
6 1 3212
6 2 -4361
6 3 8206
6 4 2748
6 5 11068
6 7 15329
6 8 16080
6 9 5971
6 10 12066
6 11 11780
6 12 9569
6 13 19028
6 14 15494
6 15 23054
6 16 658
6 17 1459
6 18 16535
6 19 21453
6 20 18224
6 21 3831
6 22 8457
6 23 12171
6 24 618
6 25 19310
6 26 7007
6 27 11984
6 28 -2016
6 29 13091
6 30 2943
6 31 8600
6 32 5432
6 33 -7712
6 34 12616
6 35 19158
6 36 19266
6 37 19635
6 38 17382
6 39 15138
6 40 3614
6 41 15356
6 42 15403
6 43 7837
6 44 6934
6 45 6301
6 46 9404
6 47 10478
6 48 8242
6 49 12733
6 50 10406
6 51 331
6 52 12212
6 53 15461
6 54 14982
6 55 21904
6 56 5384
6 57 17134
6 58 13104
6 59 14929
6 60 29170
6 61 5902
6 62 4216
6 63 5177
6 64 -1480
6 65 28121
6 66 12717
6 67 7128
6 68 1630
6 69 19726
6 70 28362
6 71 32786
6 72 23421
6 73 7192
6 74 8849
6 75 2451
6 76 11388
7 1 26531
7 2 14880
7 3 21355
7 4 6517
7 5 15405
7 6 13967
7 8 -1446
7 9 5641
7 10 -1823
7 11 -10422
7 12 7485
7 13 9220
7 14 -7628
7 15 21014
7 16 20694
7 17 9487
7 18 25414
7 19 1417
7 20 19031
7 21 17607
7 22 30423
7 23 34144
7 24 16670
7 25 21157
7 26 2434
7 27 6747
7 28 17035
7 29 16558
7 30 15137
7 31 -1246
7 32 11638
7 33 15576
7 34 4588
7 35 -3045
7 36 27576
7 37 23021
7 38 -1267
7 39 11326
7 40 7335
7 41 38666
7 42 38706
7 43 31176
7 44 17564
7 45 8837
7 46 -2232
7 47 19983
7 48 17462
7 49 31205
7 50 17492
7 51 17635
7 52 3483
7 53 -7765
7 54 -496
7 55 23905
7 56 27530
7 57 11836
7 58 320
7 59 -8292
7 60 34114
7 61 23916
7 62 25954
7 63 27632
7 64 21397
7 65 8309
7 66 -9140
7 67 2140
7 68 17340
7 69 31244
7 70 31294
7 71 39728
7 72 15372
7 73 30243
7 74 24820
7 75 11236
7 76 16310
8 1 27157
8 2 13965
8 3 25927
8 4 4848
8 5 9991
8 6 15219
8 7 -945
8 9 12211
8 10 5116
8 11 -6233
8 12 13333
8 13 2218
8 14 -7628
8 15 14514
8 16 23663
8 17 13482
8 18 31274
8 19 -3133
8 20 12530
8 21 13962
8 22 29507
8 23 36537
8 24 21146
8 25 27795
8 26 6621
8 27 984
8 28 15101
8 29 11710
8 30 12609
8 31 5757
8 32 17434
8 33 16807
8 34 1659
8 35 -3045
8 36 22390
8 37 17034
8 38 4926
8 39 18120
8 40 12830
8 41 39650
8 42 39102
8 43 32037
8 44 22627
8 45 4648
8 46 -5294
8 47 15397
8 48 13393
8 49 34921
8 50 23466
8 51 20611
8 52 -2095
8 53 -4367
8 54 -7082
8 55 30662
8 56 29848
8 57 4968
8 58 7391
8 59 -8498
8 60 28007
8 61 21124
8 62 25253
8 63 29655
8 64 20957
8 65 13804
8 66 -5153
8 67 3146
8 68 17340
8 69 26548
8 70 24951
8 71 34037
8 72 22344
8 73 30530
8 74 22352
8 75 11835
8 76 17979
9 1 24149
9 2 21577
9 3 6793
9 4 21316
9 5 33591
9 6 16584
9 7 17616
9 8 23685
9 10 -5039
9 11 3381
9 12 4494
9 13 33278
9 14 14536
9 15 42588
9 16 12029
9 17 8012
9 18 1240
9 19 26894
9 20 39844
9 21 29520
9 22 32321
9 23 23805
9 24 -2057
9 25 -4394
9 26 12434
9 27 28272
9 28 23805
9 29 34487
9 30 27258
9 31 -15728
9 32 -9311
9 33 13686
9 34 25198
9 35 22319
9 36 43812
9 37 42226
9 38 4590
9 39 -6912
9 40 -2816
9 41 32609
9 42 34821
9 43 26396
9 44 578
9 45 26480
9 46 19938
9 47 35103
9 48 32302
9 49 16594
9 50 -6617
9 51 14152
9 52 25834
9 53 12702
9 54 25046
9 55 -1400
9 56 16370
9 57 34825
9 58 214
9 59 11578
9 60 52882
9 61 31677
9 62 29103
9 63 21190
9 64 19497
9 65 14710
9 66 1388
9 67 18201
9 68 25167
9 69 45252
9 70 51165
9 71 57122
9 72 6399
9 73 30544
9 74 34634
9 75 20912
9 76 25769
10 1 34472
10 2 27295
10 3 20247
10 4 22107
10 5 33375
10 6 23379
10 7 10852
10 8 17290
10 9 -4339
10 11 -11200
10 12 8263
10 13 28024
10 14 2250
10 15 39791
10 16 24003
10 17 14546
10 18 16550
10 19 17676
10 20 37774
10 21 33275
10 22 41139
10 23 37169
10 24 13328
10 25 8397
10 26 12610
10 27 25325
10 28 30122
10 29 34236
10 30 30249
10 31 -19994
10 32 5682
10 33 23246
10 34 22445
10 35 13887
10 36 45099
10 37 41401
10 38 -10546
10 39 627
10 40 6203
10 41 44773
10 42 46193
10 43 37938
10 44 14668
10 45 26200
10 46 16107
10 47 36954
10 48 34099
10 49 30953
10 50 8907
10 51 23083
10 52 22139
10 53 1126
10 54 17066
10 55 9449
10 56 30187
10 57 30702
10 58 -7822
10 59 -2638
10 60 52514
10 61 37875
10 62 36972
10 63 32759
10 64 30312
10 65 -921
10 66 -14199
10 67 17221
10 68 29592
10 69 48045
10 70 49911
10 71 57728
10 72 5154
10 73 39496
10 74 39197
10 75 23835
10 76 28168
11 1 41136
11 2 30477
11 3 31373
11 4 22329
11 5 29991
11 6 28635
11 7 7795
11 8 11483
11 9 9623
11 10 -5658
11 12 16865
11 13 20817
11 14 -10890
11 15 33971
11 16 33180
11 17 21873
11 18 30849
11 19 7636
11 20 31809
11 21 33275
11 22 45861
11 23 46856
11 24 25906
11 25 23323
11 26 16186
11 27 20984
11 28 32797
11 29 31590
11 30 30941
11 31 -7047
11 32 18592
11 33 29914
11 34 20083
11 35 6955
11 36 42385
11 37 36869
11 38 -9484
11 39 14460
11 40 16490
11 41 52781
11 42 53311
11 43 45473
11 44 26508
11 45 24192
11 46 13051
11 47 35232
11 48 32946
11 49 42129
11 50 22981
11 51 30698
11 52 17853
11 53 -8367
11 54 7102
11 55 24461
11 56 40177
11 57 23671
11 58 1989
11 59 -17672
11 60 47691
11 61 39726
11 62 41376
11 63 41073
11 64 36499
11 65 -4620
11 66 -24947
11 67 17786
11 68 32766
11 69 46449
11 70 44402
11 71 53970
11 72 17960
11 73 45179
11 74 40631
11 75 26600
11 76 31323
12 1 18713
12 2 12115
12 3 7159
12 4 9574
12 5 21883
12 6 7739
12 7 7017
12 8 12364
12 9 -7949
12 10 -4880
12 11 -1820
12 13 21396
12 14 6139
12 15 30562
12 16 9010
12 17 -1261
12 18 10453
12 19 16417
12 20 27906
12 21 19175
12 22 25372
12 23 22609
12 24 2224
12 25 7514
12 26 395
12 27 16233
12 28 14873
12 29 22707
12 30 16386
12 31 -8130
12 32 -3369
12 33 7456
12 34 13189
12 35 11980
12 36 32564
12 37 30449
12 38 1663
12 39 -739
12 40 -7566
12 41 29386
12 42 30555
12 43 22381
12 44 2813
12 45 14644
12 46 8064
12 47 23983
12 48 21089
12 49 17775
12 50 2597
12 51 7344
12 52 13856
12 53 4514
12 54 13795
12 55 10585
12 56 15873
12 57 22796
12 58 -3526
12 59 4631
12 60 41258
12 61 22753
12 62 21299
12 63 17383
12 64 14548
12 65 12516
12 66 -1813
12 67 6160
12 68 14779
12 69 34580
12 70 39359
12 71 45721
12 72 6344
12 73 23690
12 74 24598
12 75 9701
12 76 14251
13 1 28992
13 2 14609
13 3 34129
13 4 7706
13 5 1544
13 6 19639
13 7 11193
13 8 3690
13 9 23276
13 10 17322
13 11 4573
13 12 23837
13 14 480
13 15 3378
13 16 29504
13 17 21823
13 18 40986
13 19 2251
13 20 1014
13 21 8549
13 22 28511
13 23 40845
13 24 28683
13 25 38845
13 26 16292
13 27 -2945
13 28 12888
13 29 5929
13 30 11161
13 31 17952
13 32 27341
13 33 20183
13 34 7588
13 35 8508
13 36 13625
13 37 6720
13 38 16892
13 39 29573
13 40 22676
13 41 41478
13 42 39974
13 43 33868
13 44 31507
13 45 1837
13 46 2744
13 47 8307
13 48 8192
13 49 41445
13 50 33459
13 51 27170
13 52 -622
13 53 6720
13 54 -11921
13 55 41866
13 56 33810
13 57 -7079
13 58 19480
13 59 -2622
13 60 17095
13 61 16691
13 62 25239
13 63 33873
13 64 20146
13 65 25309
13 66 5109
13 67 11091
13 68 20614
13 69 18486
13 70 13645
13 71 23987
13 72 34141
13 73 32218
13 74 19824
13 75 16926
13 76 24729
14 1 40084
14 2 27555
14 3 34647
14 4 18509
14 5 22647
14 6 27636
14 7 5876
14 8 5375
14 9 16065
14 10 3079
14 11 -15603
14 12 20111
14 13 12011
14 15 25378
14 16 34557
14 17 23239
14 18 36986
14 19 -1749
14 20 22822
14 21 27663
14 22 43172
14 23 48036
14 24 29858
14 25 30851
14 26 16292
14 27 14026
14 28 28965
14 29 25048
14 30 26496
14 31 2911
14 32 23678
14 33 29293
14 34 15397
14 35 1854
14 36 35052
14 37 28668
14 38 -53
14 39 21105
14 40 20092
14 41 52368
14 42 52198
14 43 44831
14 44 30471
14 45 18384
14 46 8307
14 47 28664
14 48 27019
14 49 44843
14 50 28992
14 51 31518
14 52 11450
14 53 -9367
14 54 -2968
14 55 32784
14 56 41422
14 57 14527
14 58 8382
14 59 -22075
14 60 39069
14 61 34987
14 62 38816
14 63 41506
14 64 34481
14 65 6001
14 66 -16416
14 67 15378
14 68 30472
14 69 39586
14 70 35513
14 71 45923
14 72 24510
14 73 43634
14 74 36243
14 75 24567
14 76 29971
15 1 26983
15 2 13172
15 3 37992
15 4 10954
15 5 -6947
15 6 21298
15 7 20620
15 8 13619
15 9 30219
15 10 26722
15 11 15360
15 12 30636
15 13 1011
15 14 11480
15 16 31212
15 17 26687
15 18 45888
15 19 13251
15 20 -9594
15 21 1219
15 22 23964
15 23 40524
15 24 31293
15 25 45518
15 26 22999
15 27 2191
15 28 8033
15 29 2673
15 30 9242
15 31 27091
15 32 32884
15 33 20032
15 34 14588
15 35 18881
15 36 3501
15 37 -4160
15 38 27052
15 39 37131
15 40 28566
15 41 38825
15 42 36548
15 43 31436
15 44 36003
15 45 2253
15 46 10801
15 47 -17
15 48 2711
15 49 43278
15 50 38840
15 51 30177
15 52 6959
15 53 17367
15 54 -2011
15 55 48610
15 56 32933
15 57 -11380
15 58 28368
15 59 8087
15 60 6131
15 61 9365
15 62 22147
15 63 34002
15 64 15083
15 65 35848
15 66 16033
15 67 17465
15 68 22163
15 69 8568
15 70 2842
15 71 13072
15 72 42344
15 73 30530
15 74 15558
15 75 20389
15 76 29371
16 1 969
16 2 5123
16 3 927
16 4 14727
16 5 22568
16 6 2788
16 7 24186
16 8 26654
16 9 3546
16 10 14820
16 11 18455
16 12 12970
16 13 31023
16 14 24545
16 15 35098
16 17 5881
16 18 7301
16 19 31971
16 20 29726
16 21 12651
16 22 9858
16 23 2173
16 24 -11244
16 25 13594
16 26 14946
16 27 24043
16 28 4286
16 29 25048
16 30 14303
16 31 7783
16 32 507
16 33 -7712
16 34 23863
16 35 28725
16 36 29388
16 37 30914
16 38 22153
16 39 14597
16 40 3978
16 41 9361
16 42 11300
16 43 2885
16 44 495
16 45 18451
16 46 20300
16 47 20788
16 48 19280
16 49 575
16 50 2862
16 51 2472
16 52 23895
16 53 23595
16 54 26540
16 55 14919
16 56 -4475
16 57 29288
16 58 16788
16 59 23731
16 60 39631
16 61 11283
16 62 8256
16 63 -2341
16 64 -4037
16 65 32997
16 66 18685
16 67 17445
16 68 13794
16 69 28430
16 70 39350
16 71 42878
16 72 25129
16 73 8946
16 74 18036
16 75 13861
16 76 21584
17 1 11530
17 2 5343
17 3 3969
17 4 5706
17 5 17549
17 6 622
17 7 10012
17 8 13506
17 9 -3438
17 10 2396
17 11 4181
17 12 -268
17 13 20375
17 14 10260
17 15 27606
17 16 2914
17 18 10810
17 19 18526
17 20 24234
17 21 13018
17 22 18101
17 23 16570
17 24 -877
17 25 10922
17 26 831
17 27 14150
17 28 7944
17 29 18648
17 30 10728
17 31 -1386
17 32 -2309
17 33 239
17 34 12052
17 35 14759
17 36 27338
17 37 26243
17 38 8531
17 39 5244
17 40 -5957
17 41 22542
17 42 23482
17 43 15397
17 44 1144
17 45 10860
17 46 7817
17 47 18598
17 48 15852
17 49 13195
17 50 3614
17 51 331
17 52 12674
17 53 9187
17 54 14401
17 55 13897
17 56 9939
17 57 20612
17 58 3642
17 59 9354
17 60 36637
17 61 15860
17 62 14085
17 63 10681
17 64 7341
17 65 19373
17 66 4651
17 67 4872
17 68 8614
17 69 28707
17 70 35186
17 71 40709
17 72 13469
17 73 16411
17 74 18197
17 75 4734
17 76 10230
18 1 23334
18 2 27456
18 3 8206
18 4 32383
18 5 43403
18 6 23180
18 7 33421
18 8 38780
18 9 -2728
18 10 11882
18 11 20639
18 12 18928
18 13 47020
18 14 31489
18 15 54289
18 16 11816
18 17 18292
18 19 42851
18 20 50439
18 21 35568
18 22 32560
18 23 17438
18 24 -13743
18 25 -3376
18 26 26111
18 27 40974
18 28 27580
18 29 44906
18 30 35480
18 31 -3716
18 32 -3180
18 33 15592
18 34 38599
18 35 38345
18 36 51727
18 37 52057
18 38 21748
18 39 10343
18 40 9175
18 41 27452
18 42 30922
18 43 22821
18 44 2917
18 45 37386
18 46 33978
18 47 42966
18 48 40795
18 49 9603
18 50 -12019
18 51 20177
18 52 39300
18 53 29644
18 54 40177
18 55 -6780
18 56 8069
18 57 47440
18 58 17435
18 59 28817
18 60 61721
18 61 34566
18 62 31575
18 63 19807
18 64 15740
18 65 31633
18 66 18369
18 67 31332
18 68 33545
18 69 51463
18 70 60868
18 71 65258
18 72 23650
18 73 32245
18 74 40705
18 75 31194
18 76 37054
19 1 34640
19 2 21154
19 3 33037
19 4 12107
19 5 13853
19 6 22824
19 7 4150
19 8 -901
19 9 17652
19 10 7734
19 11 -7848
19 12 19618
19 13 3011
19 14 -12520
19 15 16378
19 16 31212
19 17 20734
19 18 37577
19 20 13870
19 21 19481
19 22 36531
19 23 44148
19 24 28331
19 25 33070
19 26 13680
19 27 5636
19 28 21742
19 29 16641
19 30 19206
19 31 8325
19 32 23789
19 33 24392
19 34 9010
19 35 -765
19 36 26209
19 37 19681
19 38 5885
19 39 23141
19 40 19397
19 41 47167
19 42 46505
19 43 39543
19 44 29495
19 45 10470
19 46 2236
19 47 20097
19 48 18807
19 49 42345
19 50 29657
19 51 28133
19 52 3640
19 53 -4965
19 54 -11129
19 55 35646
19 56 37463
19 57 5590
19 58 11238
19 59 -14816
19 60 30076
19 61 27138
19 62 32419
19 63 37271
19 64 28090
19 65 13369
19 66 -7712
19 67 10734
19 68 24833
19 69 30851
19 70 26550
19 71 36942
19 72 26891
19 73 37968
19 74 28806
19 75 19432
19 76 25577
20 1 31654
20 2 19406
20 3 46571
20 4 20404
20 5 -2479
20 6 29210
20 7 31379
20 8 24377
20 9 40217
20 10 37447
20 11 25940
20 12 40722
20 13 11389
20 14 21666
20 15 3148
20 16 38582
20 17 36057
20 18 54780
20 19 23485
20 21 2147
20 22 26333
20 23 46121
20 24 38846
20 25 55317
20 26 33193
20 27 12809
20 28 10937
20 29 10914
20 30 16079
20 31 37749
20 32 42274
20 33 26406
20 34 25117
20 35 29598
20 36 25
20 37 -7297
20 38 37816
20 39 47377
20 40 38247
20 41 42420
20 42 39496
20 43 35414
20 44 44895
20 45 11464
20 46 21471
20 47 1014
20 48 7706
20 49 50448
20 50 48049
20 51 38582
20 52 17667
20 53 28018
20 54 7288
20 55 58380
20 56 37924
20 57 -2585
20 58 39017
20 59 17455
20 60 -3771
20 61 8790
20 62 26395
20 63 40279
20 64 16176
20 65 46550
20 66 26467
20 67 27706
20 68 30369
20 69 4112
20 70 -7650
20 71 5239
20 72 52815
20 73 35792
20 74 19880
20 75 29548
20 76 38938
21 1 10703
21 2 2359
21 3 31335
21 4 12729
21 5 -1971
21 6 14329
21 7 29467
21 8 25321
21 9 29405
21 10 32460
21 11 26918
21 12 31503
21 13 18436
21 14 26019
21 15 13473
21 16 21019
21 17 24353
21 18 39421
21 19 28608
21 20 1659
21 22 4321
21 23 25616
21 24 20738
21 25 43016
21 26 25721
21 27 13691
21 28 -10640
21 29 7739
21 30 3175
21 31 30879
21 32 29129
21 33 7769
21 34 22247
21 35 30556
21 36 -2184
21 37 2745
21 38 35539
21 39 38006
21 40 26895
21 41 20586
21 42 17513
21 43 13801
21 44 30376
21 45 6865
21 46 19539
21 47 -8692
21 48 -2663
21 49 31963
21 50 33846
21 51 23945
21 52 17760
21 53 28987
21 54 16504
21 55 45554
21 56 16774
21 57 9616
21 58 33348
21 59 24540
21 60 7963
21 61 -11628
21 62 5550
21 63 20987
21 64 -5529
21 65 45624
21 66 28188
21 67 21723
21 68 17412
21 69 -3939
21 70 8911
21 71 10837
21 72 45198
21 73 15778
21 74 1259
21 75 19166
21 76 29463
22 1 -3218
22 2 3496
22 3 24315
22 4 19775
22 5 14824
22 6 12758
22 7 36086
22 8 34669
22 9 26009
22 10 34127
22 11 33307
22 12 31503
22 13 32201
22 14 35331
22 15 30021
22 16 12029
22 17 23239
22 18 30216
22 19 39461
22 20 19648
22 21 -1876
22 23 10580
22 24 8615
22 25 37098
22 26 28834
22 27 25789
22 28 -10640
22 29 21544
22 30 11538
22 31 29750
22 32 23678
22 33 -314
22 34 30713
22 35 38966
22 36 15536
22 37 20679
22 38 39463
22 39 36135
22 40 24551
22 41 2897
22 42 -459
22 43 -3173
22 44 23850
22 45 18248
22 46 27994
22 47 9066
22 48 11802
22 49 20008
22 50 26366
22 51 20101
22 52 28371
22 53 36330
22 54 29918
22 55 38387
22 56 248
22 57 25814
22 58 35219
22 59 34652
22 60 25082
22 61 -10051
22 62 -2040
22 63 9604
22 64 -22011
22 65 50156
22 66 34421
22 67 27376
22 68 19855
22 69 10876
22 70 26661
22 71 27793
22 72 45198
22 73 6575
22 74 8849
22 75 22620
22 76 32582
23 1 -537
23 2 12175
23 3 11650
23 4 25419
23 5 29712
23 6 13426
23 7 36761
23 8 38653
23 9 14447
23 10 27111
23 11 31256
23 12 25694
23 13 41489
23 14 37149
23 15 43535
23 16 1298
23 17 18662
23 18 12048
23 19 44032
23 20 36390
23 21 16373
23 22 7534
23 24 -11372
23 25 21807
23 26 27571
23 27 34391
23 28 6706
23 29 33524
23 30 22199
23 31 18552
23 32 10791
23 33 -1281
23 34 35392
23 35 41148
23 36 33991
23 37 37315
23 38 34799
23 39 26181
23 40 16404
23 41 -618
23 42 3056
23 43 -4539
23 44 10856
23 45 27888
23 46 32085
23 47 26093
23 48 26049
23 49 1405
23 50 10265
23 51 15023
23 52 34981
23 53 36330
23 54 37758
23 55 21196
23 56 -17245
23 57 38386
23 58 29364
23 59 36411
23 60 44212
23 61 11044
23 62 10514
23 63 796
23 64 -12267
23 65 45624
23 66 31428
23 67 29476
23 68 23990
23 69 31037
23 70 44873
23 71 47063
23 72 37344
23 73 12022
23 74 23280
23 75 25199
23 76 33553
24 1 12740
24 2 20710
24 3 6069
24 4 29539
24 5 38217
24 6 18136
24 7 35550
24 8 39525
24 9 4848
24 10 19533
24 11 26569
24 12 21572
24 13 45590
24 14 35234
24 15 50567
24 16 4144
24 17 17478
24 18 -2870
24 19 44478
24 20 45378
24 21 27758
24 22 21832
24 23 4891
24 25 8569
24 26 26717
24 27 38820
24 28 18770
24 29 40579
24 30 29949
24 31 7356
24 32 1506
24 33 7287
24 34 37693
24 35 40463
24 36 44804
24 37 46562
24 38 28595
24 39 17566
24 40 11377
24 41 14813
24 42 18579
24 43 10797
24 44 3361
24 45 33759
24 46 33717
24 47 36296
24 48 34923
24 49 -1574
24 50 -2755
24 51 16289
24 52 38099
24 53 33633
24 54 40302
24 55 6350
24 56 -5048
24 57 44543
24 58 23299
24 59 33703
24 60 55096
24 61 24753
24 62 22425
24 63 9961
24 64 3221
24 65 39083
24 66 25574
24 67 30719
24 68 29104
24 69 43296
24 70 54950
24 71 58242
24 72 30101
24 73 23116
24 74 33421
24 75 28376
24 76 35304
25 1 29230
25 2 29580
25 3 11343
25 4 31017
25 5 43129
25 6 24622
25 7 27831
25 8 33968
25 9 -9695
25 10 2396
25 11 11780
25 12 14656
25 13 43546
25 14 24021
25 15 52586
25 16 16776
25 17 17071
25 18 -4709
25 19 37011
25 20 49643
25 21 37830
25 22 38109
25 23 25864
25 24 -3637
25 26 22585
25 27 38399
25 28 31137
25 29 44137
25 30 36180
25 31 -15009
25 32 -4439
25 33 19825
25 34 35392
25 35 32452
25 36 52836
25 37 51812
25 38 12521
25 39 2566
25 40 6440
25 41 35602
25 42 38536
25 43 30176
25 44 4987
25 45 36218
25 46 30203
25 47 44059
25 48 41402
25 49 17831
25 50 -9773
25 51 21659
25 52 36056
25 53 22272
25 54 35305
25 55 -11596
25 56 17446
25 57 44982
25 58 9523
25 59 20295
25 60 62248
25 61 38775
25 62 35778
25 63 25708
25 64 23422
25 65 21850
25 66 8565
25 67 28315
25 68 33974
25 69 53720
25 70 60761
25 71 66259
25 72 15783
25 73 36761
25 74 42846
25 75 30303
25 76 35410
26 1 17543
26 2 7711
26 3 11952
26 4 2411
26 5 14521
26 6 5044
26 7 1833
26 8 5519
26 9 -142
26 10 -666
26 11 -2632
26 12 262
26 13 13718
26 14 2187
26 15 22792
26 16 10853
26 17 -295
26 18 17503
26 19 10346
26 20 20244
26 21 13260
26 22 22570
26 23 24353
26 24 7236
26 25 15310
26 27 8423
26 28 10467
26 29 15300
26 30 10237
26 31 -1825
26 32 3726
26 33 6358
26 34 5405
26 35 6515
26 36 25651
26 37 22979
26 38 3335
26 39 6769
26 40 -960
26 41 29349
26 42 29727
26 43 21962
26 44 8595
26 45 7195
26 46 476
26 47 17263
26 48 14355
26 49 21438
26 50 9838
26 51 7820
26 52 6098
26 53 1437
26 54 6745
26 55 18389
26 56 17741
26 57 14987
26 58 214
26 59 1427
26 60 33916
26 61 18053
26 62 18129
26 63 17977
26 64 12937
26 65 13941
26 66 -1698
26 67 -1637
26 68 9873
26 69 28197
26 70 31836
26 71 38614
26 72 12576
26 73 21607
26 74 19216
26 75 3890
26 76 8251
27 1 22047
27 2 7711
27 3 27662
27 4 756
27 5 -1009
27 6 12622
27 7 8747
27 8 2483
27 9 18297
27 10 14650
27 11 4767
27 12 18701
27 13 -2918
27 14 2522
27 15 4585
27 16 22551
27 17 15625
27 18 34967
27 19 4903
27 20 2461
27 21 3831
27 22 22126
27 23 33774
27 24 21940
27 25 33725
27 26 11024
27 28 6780
27 29 1019
27 30 4559
27 31 14926
27 32 21557
27 33 13114
27 34 2398
27 35 7955
27 36 11397
27 37 6267
27 38 15439
27 39 25034
27 40 17017
27 41 34576
27 42 33217
27 43 26950
27 44 25265
27 45 -4760
27 46 -1350
27 47 4630
27 48 3158
27 49 34541
27 50 27632
27 51 20404
27 52 -5043
27 53 6633
27 54 -5839
27 55 36812
27 56 26744
27 57 -3416
27 58 16195
27 59 836
27 60 17352
27 61 11580
27 62 18551
27 63 26804
27 64 13794
27 65 24655
27 66 5826
27 67 5512
27 68 13560
27 69 15658
27 70 14581
27 71 23112
27 72 30146
27 73 25262
27 74 13715
27 75 10132
27 76 18323
28 1 1251
28 2 -2855
28 3 24129
28 4 12177
28 5 5387
28 6 8733
28 7 29146
28 8 26711
28 9 23941
28 10 29558
28 11 26691
28 12 27452
28 13 23026
28 14 27572
28 15 20538
28 16 12905
28 17 19530
28 18 31684
28 19 31120
28 20 10700
28 21 -10389
28 22 -4192
28 23 16200
28 24 12001
28 25 36574
28 26 23179
28 27 16891
28 29 12198
28 30 2943
28 31 26685
28 32 22695
28 33 -503
28 34 22890
28 35 31401
28 36 7301
28 37 11640
28 38 33874
28 39 33248
28 40 21701
28 41 11359
28 42 8596
28 43 4400
28 44 23423
28 45 9355
28 46 20235
28 47 16
28 48 2321
28 49 23183
28 50 26702
28 51 17698
28 52 19903
28 53 29251
28 54 20877
28 55 38690
28 56 7288
28 57 16330
28 58 30461
28 59 26700
28 60 17416
28 61 -12208
28 62 -3699
28 63 12094
28 64 -12787
28 65 44354
28 66 27939
28 67 20563
28 68 13794
28 69 4453
28 70 18366
28 71 20238
28 72 41344
28 73 6844
28 74 -400
28 75 16422
28 76 26683
29 1 17198
29 2 3095
29 3 28286
29 4 2108
29 5 -8301
29 6 11238
29 7 16067
29 8 10718
29 9 22021
29 10 21070
29 11 12882
29 12 22684
29 13 3465
29 14 11053
29 15 2576
29 16 21065
29 17 17632
29 18 36408
29 19 13417
29 20 -1925
29 21 -4612
29 22 15390
29 23 30416
29 24 21208
29 25 36972
29 26 15410
29 27 -1472
29 28 -404
29 30 -863
29 31 20783
29 32 23839
29 33 9859
29 34 8730
29 35 16142
29 36 3501
29 37 221
29 38 22765
29 39 29462
29 40 19893
29 41 29337
29 42 27393
29 43 21839
29 44 26508
29 45 -6691
29 46 5737
29 47 -3837
29 48 -5204
29 49 33116
29 50 29615
29 51 20348
29 52 3000
29 53 14778
29 54 1482
29 55 40012
29 56 22935
29 57 -2585
29 58 22234
29 59 9343
29 60 11091
29 61 3354
29 62 12702
29 63 23825
29 64 6932
29 65 32354
29 66 14044
29 67 10170
29 68 12183
29 69 7335
29 70 9154
29 71 15973
29 72 35357
29 73 20610
29 74 6613
29 75 11114
29 76 20607
30 1 8311
30 2 -5905
30 3 20996
30 4 -74
30 5 -1593
30 6 3428
30 7 16984
30 8 13955
30 9 17130
30 10 19421
30 11 14571
30 12 18701
30 13 11035
30 14 14839
30 15 11483
30 16 12658
30 17 12050
30 18 29320
30 19 18320
30 20 5578
30 21 -6838
30 22 7722
30 23 21429
30 24 12916
30 25 31353
30 26 12685
30 27 4406
30 28 -7321
30 29 1475
30 31 17972
30 32 17683
30 33 949
30 34 10240
30 35 18788
30 36 6792
30 37 6868
30 38 22654
30 39 25366
30 40 14630
30 41 20617
30 42 18959
30 43 13058
30 44 19608
30 45 -3101
30 46 7595
30 47 -1979
30 48 -4536
30 49 24597
30 50 23018
30 51 13033
30 52 7113
30 53 16875
30 54 8571
30 55 34184
30 56 13938
30 57 6400
30 58 20310
30 59 13910
30 60 16445
30 61 -1068
30 62 4216
30 63 14921
30 64 -612
30 65 32862
30 66 15856
30 67 8831
30 68 5133
30 69 8331
30 70 15556
30 71 20238
30 72 32272
30 73 11655
30 74 -95
30 75 6237
30 76 16486
31 1 41678
31 2 37344
31 3 24500
31 4 34030
31 5 45917
31 6 32670
31 7 24186
31 8 30688
31 9 -2271
31 10 -7237
31 11 168
31 12 17770
31 13 41411
31 14 14839
31 15 52917
31 16 29723
31 17 23521
31 18 13709
31 19 31024
31 20 50833
31 21 44451
31 22 49519
31 23 41367
31 24 13908
31 25 3749
31 26 24208
31 27 38358
31 28 40006
31 29 46706
31 30 41557
31 32 8176
31 33 30951
31 34 35294
31 35 27339
31 36 57269
31 37 54163
31 38 1322
31 39 4996
31 40 13354
31 41 50321
31 42 52527
31 43 44106
31 44 18227
31 45 38606
31 46 29152
31 47 48874
31 48 45960
31 49 33840
31 50 7593
31 51 30982
31 52 35252
31 53 14243
31 54 30479
31 55 1024
31 56 33722
31 57 44018
31 58 4536
31 59 8099
31 60 65233
31 61 47920
31 62 45907
31 63 38873
31 64 37168
31 65 8234
31 66 -5921
31 67 29476
31 68 40097
31 69 59709
31 70 62829
31 71 70159
31 72 13836
31 73 47684
31 74 49916
31 75 34860
31 76 39276
32 1 17933
32 2 17509
32 3 -11
32 4 19912
32 5 31660
32 6 12576
32 7 20144
32 8 25439
32 9 -12780
32 10 1513
32 11 8881
32 12 5605
32 13 33874
32 14 18680
32 15 41784
32 16 5521
32 17 5672
32 18 -2681
32 19 29562
32 20 38432
32 21 25775
32 22 26521
32 23 16680
32 24 -8868
32 25 -2607
32 26 12833
32 27 28063
32 28 19090
32 29 32836
32 30 24342
32 31 -8750
32 33 8017
32 34 25459
32 35 25091
32 36 40976
32 37 40360
32 38 10632
32 39 -405
32 40 -4121
32 41 25700
32 42 28119
32 43 19690
32 44 -6406
32 45 25072
32 46 20722
32 47 32185
32 48 29624
32 49 9383
32 50 -10403
32 51 9580
32 52 26175
32 53 16875
32 54 26842
32 55 -7
32 56 9173
32 57 34626
32 58 5491
32 59 16539
32 60 50568
32 61 26783
32 62 23854
32 63 14663
32 64 12896
32 65 21066
32 66 7598
32 67 18201
32 68 22143
32 69 41680
32 70 49286
32 71 54442
32 72 12109
32 73 24958
32 74 30787
32 75 18918
32 76 24372
33 1 -5005
33 2 -2465
33 3 8690
33 4 10631
33 5 15355
33 6 -776
33 7 23874
33 8 24604
33 9 10009
33 10 18869
33 11 19995
33 12 16222
33 13 26508
33 14 24087
33 15 28724
33 16 -2906
33 17 8012
33 18 15883
33 19 29957
33 20 22356
33 21 4207
33 22 2321
33 23 4400
33 24 -3295
33 25 21449
33 26 15257
33 27 19412
33 28 -4316
33 29 18648
33 30 7400
33 31 13817
33 32 7809
33 34 20989
33 35 27760
33 36 21214
33 37 23390
33 38 24998
33 39 20222
33 40 8713
33 41 6776
33 42 7097
33 43 -693
33 44 8142
33 45 12858
33 46 17884
33 47 12768
33 48 11802
33 49 7998
33 50 11136
33 51 4368
33 52 20245
33 53 23944
33 54 22989
33 55 23195
33 56 -2680
33 57 23428
33 58 20193
33 59 23518
33 60 31517
33 61 2822
33 62 -253
33 63 -2341
33 64 -9211
33 65 35817
33 66 20782
33 67 15728
33 68 9180
33 69 19899
33 70 31527
33 71 34641
33 72 29624
33 73 629
33 74 9840
33 75 10960
33 76 19972
34 1 20220
34 2 6894
34 3 21355
34 4 -2223
34 5 5607
34 6 8650
34 7 1984
34 8 -1446
34 9 10619
34 10 7166
34 11 -738
34 12 11053
34 13 3011
34 14 -711
34 15 12378
34 16 17767
34 17 8923
34 18 27988
34 19 3673
34 20 10165
34 21 7783
34 22 22446
34 23 30171
34 24 16209
34 25 26114
34 26 3402
34 27 -2206
34 28 8175
34 29 6617
34 30 5789
34 31 7258
34 32 14349
34 33 10087
34 35 3135
34 36 17641
34 37 13546
34 38 8627
34 39 17249
34 40 9696
34 41 32755
34 42 32096
34 43 25127
34 44 18578
34 45 -1163
34 46 -8058
34 47 9983
34 48 7498
34 49 29408
34 50 20465
34 51 14952
34 52 -4694
34 53 1353
34 54 -2702
34 55 29184
34 56 23411
34 57 4226
34 58 8539
34 59 -1464
34 60 24657
34 61 14512
34 62 18182
34 63 23199
34 64 13885
34 65 18309
34 66 530
34 67 -1909
34 68 10423
34 69 21244
34 70 22127
34 71 29976
34 72 22344
34 73 23548
34 74 15558
34 75 5275
34 76 12168
35 1 30211
35 2 17705
35 3 26293
35 4 8734
35 5 14991
35 6 17825
35 7 -3016
35 8 -3517
35 9 10373
35 10 1241
35 11 -11233
35 12 12477
35 13 6564
35 14 -11621
35 15 19304
35 16 25262
35 17 14263
35 18 30367
35 19 -3469
35 20 17279
35 21 18725
35 22 33332
35 23 38560
35 24 21612
35 25 25807
35 26 7145
35 27 5984
35 28 19319
35 29 16662
35 30 16970
35 31 1936
35 32 16614
35 33 19491
35 34 5768
35 36 27388
35 37 21975
35 38 343
35 39 15891
35 40 12335
35 41 42540
35 42 42310
35 43 34985
35 44 22554
35 45 9453
35 46 -1350
35 47 20338
35 48 18226
35 49 35998
35 50 22428
35 51 22159
35 52 2876
35 53 -9367
35 54 -4731
35 55 28428
35 56 31933
35 57 9457
35 58 4206
35 59 -12187
35 60 32903
35 61 25669
35 62 28949
35 63 31887
35 64 24596
35 65 8925
35 66 -10136
35 67 5512
35 68 20573
35 69 31515
35 70 29767
35 71 39014
35 72 19705
35 73 33740
35 74 26738
35 75 14684
35 76 20196
36 1 21109
36 2 11178
36 3 40031
36 4 17277
36 5 -4959
36 6 22512
36 7 32184
36 8 26497
36 9 36445
36 10 37032
36 11 28776
36 12 37640
36 13 16260
36 14 26156
36 15 8503
36 16 30504
36 17 31421
36 18 48328
36 19 28084
36 20 -7715
36 21 -9436
36 22 14481
36 23 35982
36 24 30532
36 25 50770
36 26 30860
36 27 14005
36 28 -202
36 29 8600
36 30 9553
36 31 36445
36 32 37078
36 33 17524
36 34 24853
36 35 31967
36 37 -5570
36 38 38890
36 39 44427
36 40 33983
36 41 30916
36 42 27701
36 43 24216
36 44 38824
36 45 9233
36 46 21846
36 47 -8614
36 48 923
36 49 41833
36 50 42289
36 51 32216
36 52 18834
36 53 30644
36 54 13884
36 55 53588
36 56 27213
36 57 4625
36 58 38101
36 59 23616
36 60 -2307
36 61 -3819
36 62 15898
36 63 31022
36 64 3707
36 65 48442
36 66 29846
36 67 25948
36 68 24549
36 69 -7545
36 70 -1484
36 71 908
36 72 50832
36 73 25944
36 74 10402
36 75 25249
36 76 35274
37 1 25572
37 2 13496
37 3 41131
37 4 15706
37 5 -7938
37 6 23637
37 7 28385
37 8 21897
37 9 35615
37 10 34090
37 11 24016
37 12 36281
37 13 10111
37 14 20528
37 15 1598
37 16 32786
37 17 31082
37 18 49414
37 19 22312
37 20 -14281
37 21 -3751
37 22 20380
37 23 40062
37 24 33046
37 25 50502
37 26 28944
37 27 9631
37 28 4893
37 29 6076
37 30 10385
37 31 34095
37 32 37218
37 33 20456
37 34 21514
37 35 27310
37 36 -4814
37 38 35085
37 39 43048
37 40 33433
37 41 36379
37 42 33507
37 43 29346
37 44 39583
37 45 6865
37 46 18166
37 47 -5017
37 48 1809
37 49 44581
37 50 42858
37 51 33133
37 52 14604
37 53 25930
37 54 7195
37 55 53514
37 56 31842
37 57 -2623
37 58 35422
37 59 17305
37 60 -2264
37 61 3374
37 62 20312
37 63 34296
37 64 10486
37 65 44211
37 66 24852
37 67 23593
37 68 24956
37 69 110
37 70 -4430
37 71 3887
37 72 48822
37 73 29735
37 74 13813
37 75 24567
37 76 34184
38 1 37539
38 2 28580
38 3 25349
38 4 21770
38 5 31681
38 6 25550
38 7 8263
38 8 13955
38 9 2145
38 10 -13691
38 11 -18171
38 12 11661
38 13 24449
38 14 -4027
38 15 36976
38 16 28191
38 17 17536
38 18 23271
38 19 12682
38 20 34998
38 21 33209
38 22 43330
38 23 41712
38 24 19245
38 25 15377
38 26 13466
38 27 22969
38 28 31293
38 29 32786
38 30 30337
38 31 -14580
38 32 11656
38 33 26230
38 34 20761
38 35 9844
38 36 43812
38 37 39251
38 39 6993
38 40 10680
38 41 48553
38 42 49553
38 43 41468
38 44 20118
38 45 24962
38 46 14037
38 47 36071
38 48 33404
38 49 36177
38 50 15507
38 51 26378
38 52 19696
38 53 -4325
38 54 12285
38 55 16400
38 56 34907
38 57 27330
38 58 -4602
38 59 -9618
38 60 50319
38 61 38742
38 62 38939
38 63 36576
38 64 33272
38 65 -6691
38 66 -20565
38 67 16789
38 68 30736
38 69 47317
38 70 47383
38 71 56006
38 72 10760
38 73 42049
38 74 39727
38 75 24668
38 76 29094
39 1 25766
39 2 21620
39 3 9420
39 4 19861
39 5 32161
39 6 16795
39 7 14345
39 8 20638
39 9 -15868
39 10 -9029
39 11 -738
39 12 2748
39 13 30619
39 14 10620
39 15 40544
39 16 14124
39 17 7738
39 18 5355
39 19 23427
39 20 38048
39 21 29165
39 22 33491
39 23 26583
39 24 1705
39 25 -1089
39 26 10389
39 27 26053
39 28 24156
39 29 32972
39 30 26538
39 31 -17417
39 32 -5892
39 33 14943
39 34 22872
39 35 18881
39 36 42838
39 37 40703
39 38 482
39 40 -2665
39 41 34952
39 42 36880
39 43 28489
39 44 3495
39 45 24893
39 46 17365
39 47 34227
39 48 31346
39 49 19780
39 50 -2495
39 51 14952
39 52 23392
39 53 8812
39 54 21862
39 55 1545
39 56 19362
39 57 32481
39 58 -3822
39 59 7495
39 60 51544
39 61 32074
39 62 29898
39 63 23199
39 64 21397
39 65 10670
39 66 -2680
39 67 16137
39 68 24691
39 69 44708
39 70 49596
39 71 56014
39 72 2344
39 73 31655
39 74 34428
39 75 19915
39 76 24529
40 1 16053
40 2 11834
40 3 2223
40 4 11919
40 5 24042
40 6 6901
40 7 11984
40 8 16978
40 9 -10142
40 10 -1823
40 11 2922
40 12 -2449
40 13 25352
40 14 11237
40 15 33609
40 16 5135
40 17 -1833
40 18 5817
40 19 21313
40 20 30548
40 21 19684
40 22 23537
40 23 18436
40 24 -2854
40 25 4415
40 26 4290
40 27 19666
40 28 14239
40 29 25033
40 30 17432
40 31 -7429
40 32 -7978
40 33 5064
40 34 16949
40 35 16955
40 36 34024
40 37 32718
40 38 5799
40 39 -1035
40 41 25927
40 42 27496
40 43 19180
40 44 -2285
40 45 17121
40 46 12178
40 47 25294
40 48 22525
40 49 12988
40 50 -1864
40 51 4973
40 52 17667
40 53 9595
40 54 18348
40 55 7468
40 56 11579
40 57 26258
40 58 320
40 59 9674
40 60 43232
40 61 22149
40 62 19898
40 63 13937
40 64 11822
40 65 16593
40 66 2601
40 67 9706
40 68 15319
40 69 35404
40 70 41667
40 71 47372
40 72 8524
40 73 21703
40 74 24820
40 75 11236
40 76 16310
41 1 -1887
41 2 12727
41 3 21338
41 4 28296
41 5 28096
41 6 17641
41 7 42313
41 8 42796
41 9 24281
41 10 35745
41 11 38211
41 12 33501
41 13 43152
41 14 42511
41 15 42866
41 16 9516
41 17 25664
41 18 23092
41 19 48081
41 20 33719
41 21 12373
41 22 881
41 23 412
41 24 -420
41 25 32575
41 26 33597
41 27 36223
41 28 2895
41 29 33475
41 30 22417
41 31 28536
41 32 20841
41 33 2125
41 34 39006
41 35 46158
41 36 29955
41 37 34662
41 38 42670
41 39 35580
41 40 24925
41 42 -7261
41 43 -10363
41 44 20775
41 45 28999
41 46 36031
41 47 23036
41 48 24615
41 49 12355
41 50 21096
41 51 21731
41 52 37791
41 53 42361
41 54 40277
41 55 32222
41 56 -13076
41 57 38312
41 58 37491
41 59 41948
41 60 39631
41 61 4143
41 62 8146
41 63 6840
41 64 -23243
41 65 53524
41 66 38836
41 67 34106
41 68 27060
41 69 25406
41 70 41095
41 71 42345
41 72 46109
41 73 12083
41 74 21357
41 75 29244
41 76 38403
42 1 -2437
42 2 11282
42 3 23502
42 4 27326
42 5 25438
42 6 17529
42 7 42194
42 8 42089
42 9 26334
42 10 37006
42 11 38582
42 12 34511
42 13 41489
42 14 42182
42 15 40430
42 16 11296
42 17 26445
42 18 26403
42 19 47260
42 20 30636
42 21 9141
42 22 -2634
42 23 3927
42 24 3187
42 25 35350
42 26 33816
42 27 34705
42 28 -27
42 29 31372
42 30 20600
42 31 30583
42 32 23101
42 33 2287
42 34 38188
42 35 45769
42 36 26581
42 37 31631
42 38 43511
42 39 37349
42 40 26335
42 41 -7420
42 43 -9736
42 44 23020
42 45 27321
42 46 35313
42 47 19997
42 48 22127
42 49 15542
42 50 23981
42 51 22581
42 52 36627
42 53 42361
42 54 38861
42 55 35407
42 56 -8863
42 57 36039
42 58 38533
42 59 41625
42 60 36041
42 61 214
42 62 6053
42 63 8339
42 64 -26612
42 65 54347
42 66 39383
42 67 33743
42 68 26364
42 69 21645
42 70 37702
42 71 38748
42 72 47504
42 73 11150
42 74 18907
42 75 28806
42 76 38237
43 1 -6359
43 2 8285
43 3 18403
43 4 23827
43 5 24004
43 6 13294
43 7 37995
43 8 38355
43 9 21240
43 10 32082
43 11 34075
43 12 29668
43 13 38714
43 14 38146
43 15 38649
43 16 6212
43 17 21691
43 18 21633
43 19 43629
43 20 29885
43 21 8760
43 22 -2017
43 23 -337
43 24 -1264
43 25 30321
43 26 29382
43 27 31769
43 28 -892
43 29 29149
43 30 18030
43 31 25493
43 32 18003
43 33 -2172
43 34 34550
43 35 41775
43 36 26427
43 37 30801
43 38 38757
43 39 32289
43 40 21350
43 41 -7191
43 42 -6405
43 44 17923
43 45 24572
43 46 31587
43 47 19217
43 48 20455
43 49 10771
43 50 18995
43 51 17782
43 52 33319
43 53 38085
43 54 35812
43 55 30536
43 56 -11414
43 57 34026
43 58 33686
43 59 37587
43 60 36320
43 61 1596
43 62 3934
43 63 3281
43 64 -21576
43 65 49603
43 66 34780
43 67 29720
43 68 22608
43 69 22406
43 70 37546
43 71 39059
43 72 42532
43 73 7613
43 74 17218
43 75 24835
43 76 34058
44 1 12952
44 2 13722
44 3 -5073
44 4 18001
44 5 29036
44 6 9061
44 7 21053
44 8 25615
44 9 -7908
44 10 5482
44 11 11780
44 12 6770
44 13 33023
44 14 20456
44 15 39886
44 16 492
44 17 4108
44 18 -1601
44 19 30251
44 20 36036
44 21 22005
44 22 21676
44 23 11728
44 24 -12030
44 25 1802
44 26 12685
44 27 26754
44 28 14801
44 29 30488
44 30 21250
44 31 -3716
44 32 -11423
44 33 3333
44 34 24671
44 35 26014
44 36 37705
44 37 37708
44 38 14077
44 39 3965
44 40 -3445
44 41 20617
44 42 23021
44 43 14593
44 45 22969
44 46 20300
44 47 28915
44 48 26577
44 49 4809
44 50 -8019
44 51 5970
44 52 25316
44 53 18804
44 54 26799
44 55 3781
44 56 4383
44 57 33131
44 58 8650
44 59 18841
44 60 47553
44 61 22340
44 62 19309
44 63 9604
44 64 7805
44 65 24710
44 66 11040
44 67 17445
44 68 19203
44 69 37941
44 70 46558
44 71 51222
44 72 15783
44 73 20269
44 74 27035
44 75 16789
44 76 22784
45 1 16053
45 2 1655
45 3 24577
45 4 -2223
45 5 -3829
45 6 8086
45 7 11984
45 8 7294
45 9 17652
45 10 16672
45 11 9122
45 12 18259
45 13 3011
45 14 8027
45 15 5794
45 16 18106
45 17 13482
45 18 32526
45 19 10884
45 20 2263
45 21 -1848
45 22 15732
45 23 28418
45 24 18026
45 25 32691
45 26 10943
45 27 -3613
45 28 391
45 29 -3053
45 30 -1801
45 31 16321
45 32 19713
45 33 7707
45 34 4588
45 35 12571
45 36 7772
45 37 4648
45 38 18579
45 39 25021
45 40 15619
45 41 28499
45 42 26980
45 43 20900
45 44 22627
45 46 1748
45 47 -17
45 48 -2387
45 49 30188
45 50 25581
45 51 16775
45 52 -222
45 53 11092
45 54 517
45 55 35753
45 56 21207
45 57 -326
45 58 17801
45 59 6741
45 60 15561
45 61 5527
45 62 12259
45 63 21576
45 64 7400
45 65 28309
45 66 10352
45 67 5706
45 68 8900
45 69 11244
45 70 13553
45 71 20408
45 72 30885
45 73 19300
45 74 7339
45 75 7042
45 76 16310
46 1 22161
46 2 9027
46 3 22077
46 4 -74
46 5 7352
46 6 10320
46 7 46
46 8 -3517
46 9 10241
46 10 5710
46 11 -2888
46 12 10810
46 13 3049
46 14 -2919
46 15 13473
46 16 19086
46 17 9570
46 18 28249
46 19 1781
46 20 11401
46 21 9957
46 22 24609
46 23 31746
46 24 17115
46 25 25807
46 26 3355
46 27 -1072
46 28 10402
46 29 8506
46 30 8026
46 31 5998
46 32 14494
46 33 11864
46 34 -3176
46 35 899
46 36 19516
46 37 15080
46 38 6785
46 39 16624
46 40 9807
46 41 34662
46 42 34103
46 43 27046
46 44 19089
46 45 879
46 47 12002
46 48 9606
46 49 30560
46 50 20607
46 51 16132
46 52 -4166
46 53 -843
46 54 -3700
46 55 28833
46 56 25028
46 57 4895
46 58 7273
46 59 -3636
46 60 26193
46 61 16742
46 62 20312
46 63 24818
46 64 16012
46 65 16327
46 66 -1633
46 67 -1294
46 68 12342
46 69 23257
46 70 23512
46 71 31692
46 72 21427
46 73 25530
46 74 17794
46 75 6918
46 76 13348
47 1 15795
47 2 4899
47 3 33652
47 4 11322
47 5 -7938
47 6 16117
47 7 26984
47 8 21897
47 9 30129
47 10 31280
47 11 24016
47 12 31452
47 13 13335
47 14 22161
47 15 7378
47 16 24297
47 17 25074
47 18 41960
47 19 24365
47 20 -4333
47 21 -13551
47 22 10404
47 23 30477
47 24 24417
47 25 44386
47 26 24865
47 27 9631
47 28 -5094
47 29 3655
47 30 3175
47 31 30443
47 32 30680
47 33 11471
47 34 19588
47 35 27310
47 36 -6221
47 37 -3380
47 38 33542
47 39 38209
47 40 27646
47 41 26390
47 42 23510
47 43 19399
47 44 32427
47 45 3837
47 46 16725
47 48 -5282
47 49 35773
47 50 35888
47 51 25818
47 52 14179
47 53 25930
47 54 11333
47 55 47191
47 56 22046
47 57 3586
47 58 32276
47 59 20219
47 60 3835
47 61 -5615
47 62 10514
47 63 25117
47 64 789
47 65 43309
47 66 25201
47 67 20165
47 68 18164
47 69 -3756
47 70 3814
47 71 7291
47 72 44778
47 73 20228
47 74 4377
47 75 19001
47 76 29094
48 1 12952
48 2 95
48 3 28052
48 4 5024
48 5 -7938
48 6 10471
48 7 21053
48 8 16483
48 9 23918
48 10 25015
48 11 18320
48 12 25148
48 13 9810
48 14 17106
48 15 6696
48 16 19379
48 17 18918
48 18 36379
48 19 19665
48 20 -1051
48 21 -10932
48 22 9730
48 23 27023
48 24 19634
48 25 38319
48 26 18547
48 27 4749
48 28 -6199
48 29 -1122
48 30 -2792
48 31 24119
48 32 24709
48 33 7095
48 34 13693
48 35 21788
48 36 -94
48 37 36
48 38 27465
48 39 31918
48 40 21467
48 41 24559
48 42 22230
48 43 17227
48 44 26679
48 45 -1943
48 46 10919
48 47 -8692
48 49 31167
48 50 30085
48 51 20101
48 52 8862
48 53 20307
48 54 7855
48 55 41192
48 56 19114
48 57 2405
48 58 25990
48 59 15596
48 60 9376
48 61 -3049
48 62 7926
48 63 20987
48 64 1062
48 65 37350
48 66 19561
48 67 13919
48 68 12151
48 69 2361
48 70 8554
48 71 13253
48 72 38454
48 73 16743
48 74 1259
48 75 12724
48 76 22784
49 1 5801
49 2 13928
49 3 3329
49 4 23842
49 5 31606
49 6 12000
49 7 31834
49 8 35049
49 9 5248
49 10 18907
49 11 24541
49 12 18872
49 13 40101
49 14 31968
49 15 44301
49 16 -2288
49 17 13299
49 18 2225
49 19 40241
49 20 38729
49 21 20732
49 22 14974
49 23 -583
49 24 -19825
49 25 11786
49 26 22668
49 27 33170
49 28 11701
49 29 34236
49 30 23379
49 31 9037
49 32 1506
49 33 329
49 34 32641
49 35 36598
49 36 37854
49 37 39846
49 38 27276
49 39 17390
49 40 8968
49 41 9337
49 42 12683
49 43 4581
49 44 1949
49 45 27670
49 46 28911
49 47 29401
49 48 28205
49 50 229
49 51 10957
49 52 32834
49 53 30644
49 54 35351
49 55 11246
49 56 -8758
49 57 38506
49 58 21787
49 59 30856
49 60 48160
49 61 17742
49 62 15354
49 63 2890
49 64 -2476
49 65 37988
49 66 24173
49 67 25948
49 68 23007
49 69 36234
49 70 48124
49 71 51265
49 72 29172
49 73 16048
49 74 26484
49 75 22853
49 76 30239
50 1 21646
50 2 23715
50 3 4457
50 4 27326
50 5 38805
50 6 19047
50 7 27495
50 8 32968
50 9 -8589
50 10 6235
50 11 14767
50 12 13068
50 13 41489
50 14 25491
50 15 49237
50 16 9373
50 17 13092
50 18 -10023
50 19 36927
50 20 45704
50 21 31989
50 22 30706
50 23 17651
50 24 -11632
50 25 -6444
50 26 20442
50 27 35635
50 28 24594
50 29 40109
50 30 31174
50 31 -7836
50 32 -8906
50 33 12841
50 34 33072
50 35 32402
50 36 47684
50 37 47497
50 38 15980
50 39 4489
50 40 3490
50 41 27452
50 42 30496
50 43 22179
50 44 -1505
50 45 32437
50 46 28332
50 47 38890
50 48 36497
50 49 9603
50 51 15951
50 52 33787
50 53 23645
50 54 34389
50 55 -5950
50 56 9204
50 57 42178
50 58 11496
50 59 22874
50 60 57480
50 61 31973
50 62 28898
50 63 18052
50 64 15388
50 65 26005
50 66 12717
50 67 25812
50 68 29058
50 69 47926
50 70 56386
50 71 61194
50 72 17740
50 73 29706
50 74 37026
50 75 26236
50 76 31850
51 1 5318
51 2 1860
51 3 1927
51 4 7198
51 5 17193
51 6 -2975
51 7 15691
51 8 18166
51 9 233
51 10 8464
51 11 10537
51 12 5868
51 13 23253
51 14 16070
51 15 28627
51 16 -2964
51 17 -2138
51 18 10226
51 19 23456
51 20 24290
51 21 10141
51 22 12494
51 23 10462
51 24 -4535
51 25 13041
51 26 6477
51 27 16460
51 28 3643
51 29 18895
51 30 9242
51 31 3606
51 32 -870
51 33 -5874
51 34 15612
51 35 20186
51 36 25664
51 37 25825
51 38 14904
51 39 9989
51 40 -1620
51 41 16140
51 42 17149
51 43 9019
51 44 537
51 45 11684
51 46 11910
51 47 16873
51 48 14566
51 49 8384
51 50 4004
51 52 15854
51 53 15256
51 54 18322
51 55 15543
51 56 3850
51 57 22324
51 58 9885
51 59 15316
51 60 35528
51 61 11476
51 62 8924
51 63 4304
51 64 1158
51 65 25752
51 66 11051
51 67 8985
51 68 7348
51 69 26061
51 70 34620
51 71 39180
51 72 19184
51 73 10663
51 74 15151
51 75 6015
51 76 13213
52 1 22710
52 2 8728
52 3 25661
52 4 193
52 5 3019
52 6 12000
52 7 4633
52 8 -1446
52 9 15009
52 10 10614
52 11 786
52 12 15474
52 13 -1445
52 14 -904
52 15 8503
52 16 21553
52 17 13299
52 18 32443
52 19 2057
52 20 6469
52 21 7050
52 22 23858
52 23 33514
52 24 20369
52 25 30532
52 26 7849
52 27 -5893
52 28 8942
52 29 4641
52 30 6416
52 31 10970
52 32 18819
52 33 13097
52 34 -940
52 35 3997
52 36 15376
52 37 10390
52 38 11316
52 39 21523
52 40 14168
52 41 35294
52 42 34289
52 43 27650
52 44 22977
52 45 -2219
52 46 -5294
52 47 8328
52 48 6421
52 49 33355
52 50 24934
52 51 18948
52 53 2659
52 54 -6389
52 55 33590
52 56 26653
52 57 -67
52 58 12255
52 59 -2176
52 60 21471
52 61 14457
52 62 19898
52 63 26504
52 64 15476
52 65 20558
52 66 1905
52 67 2555
52 68 13294
52 69 19478
52 70 18661
52 71 27214
52 72 26413
52 73 25944
52 74 16001
52 75 8871
52 76 16310
53 1 35037
53 2 23454
53 3 27983
53 4 14872
53 5 21991
53 6 22450
53 7 586
53 8 3483
53 9 9078
53 10 -3198
53 11 -18233
53 12 13333
53 13 13098
53 14 -14520
53 15 26112
53 16 28454
53 17 17013
53 18 29988
53 19 653
53 20 24021
53 21 25478
53 22 39018
53 23 42064
53 24 23104
53 25 23949
53 26 10389
53 27 12984
53 28 25491
53 29 23620
53 30 23379
53 31 -2838
53 32 16720
53 33 23997
53 34 12308
53 35 -1045
53 36 34387
53 37 28917
53 38 -5504
53 39 14144
53 40 13297
53 41 47065
53 42 47224
53 43 39617
53 44 23666
53 45 16296
53 46 5230
53 47 27280
53 48 25067
53 49 38366
53 50 21993
53 51 25551
53 52 9860
53 54 269
53 55 26024
53 56 35447
53 57 16000
53 58 1475
53 59 -16152
53 60 39790
53 61 32166
53 62 34552
53 63 35780
53 64 29993
53 65 2237
53 66 -17094
53 67 10734
53 68 25942
53 69 38479
53 70 36570
53 71 45991
53 72 17568
53 73 38808
53 74 33122
53 75 19835
53 76 24840
54 1 35780
54 2 21533
54 3 38101
54 4 13510
54 5 9178
54 6 25335
54 7 11219
54 8 4132
54 9 24786
54 10 16106
54 11 600
54 12 25978
54 13 -2179
54 14 -4757
54 15 10098
54 16 34763
54 17 25591
54 18 43885
54 19 -2147
54 20 6655
54 21 16359
54 22 35970
54 23 46856
54 24 33137
54 25 40346
54 26 19061
54 27 3876
54 28 20481
54 29 13688
54 30 18439
54 31 16762
54 32 30051
54 33 26406
54 34 11617
54 35 6955
54 36 20991
54 37 13546
54 38 14470
54 39 30558
54 40 25414
54 41 48345
54 42 47088
54 43 40708
54 44 35025
54 45 9085
54 46 5737
54 47 16047
54 48 15979
54 49 46437
54 50 36101
54 51 31981
54 52 4176
54 53 3633
54 55 43137
54 56 39987
54 57 -1481
54 58 19193
54 59 -9510
54 60 23152
54 61 24497
54 62 32442
54 63 39846
54 64 27634
54 65 21924
54 66 346
54 67 14729
54 68 26614
54 69 25963
54 70 19365
54 71 30715
54 72 34560
54 73 38993
54 74 27402
54 75 22130
54 76 29187
55 1 36410
55 2 38203
55 3 19240
55 4 40203
55 5 52259
55 6 33342
55 7 36705
55 8 42961
55 9 -575
55 10 9574
55 11 19044
55 12 23853
55 13 52693
55 14 32080
55 15 61804
55 16 24227
55 17 26172
55 18 -1987
55 19 45713
55 20 58832
55 21 46494
55 22 45524
55 23 31379
55 24 270
55 25 -5470
55 26 31790
55 27 47612
55 28 39379
55 29 53303
55 30 45137
55 31 -11608
55 32 4287
55 33 27697
55 34 44588
55 35 41199
55 36 61780
55 37 60950
55 38 19670
55 39 11326
55 40 15619
55 41 41375
55 42 44719
55 43 36517
55 44 13092
55 45 45406
55 46 39355
55 47 52990
55 48 50401
55 49 23417
55 50 -3153
55 51 30287
55 52 45240
55 53 30473
55 54 44222
55 56 22101
55 57 54191
55 58 17801
55 59 27594
55 60 71307
55 61 46822
55 62 43750
55 63 32807
55 64 29580
55 65 28309
55 66 14816
55 67 37528
55 68 42931
55 69 62419
55 70 69896
55 71 75237
55 72 24270
55 73 44571
55 74 51507
55 75 39433
55 76 44594
56 1 3212
56 2 17112
56 3 16927
56 4 30968
56 5 34245
56 6 19082
56 7 42590
56 8 44407
56 9 19455
56 10 32572
56 11 37020
56 12 31401
56 13 46897
56 14 42978
56 15 48387
56 16 7093
56 17 24474
56 18 15122
56 19 49790
56 20 40636
56 21 19974
56 22 9645
56 23 -4802
56 24 -8868
56 25 25832
56 26 33402
56 27 39804
56 28 10237
56 29 38486
56 30 27151
56 31 23350
56 32 15727
56 33 4082
56 34 41075
56 35 46964
56 36 37665
56 37 41538
56 38 40437
56 39 31403
56 40 21990
56 41 -1663
56 42 2709
56 43 -3173
56 44 15954
56 45 33120
56 46 37810
56 47 30105
56 48 30583
56 49 5673
56 50 14261
56 51 20854
56 52 40563
56 53 42156
56 54 43332
56 55 24361
56 57 43411
56 58 34973
56 59 42242
56 60 47716
56 61 13253
56 62 14413
56 63 6442
56 64 -13680
56 65 51245
56 66 37127
56 67 35250
56 68 29516
56 69 33998
56 70 48712
56 71 50485
56 72 42797
56 73 16554
56 74 27563
56 75 30891
56 76 39330
57 1 30223
57 2 16112
57 3 39466
57 4 12247
57 5 -2802
57 6 23379
57 7 19443
57 8 12074
57 9 30457
57 10 25634
57 11 13061
57 12 30871
57 13 -1445
57 14 8630
57 15 -3379
57 16 33403
57 17 27694
57 18 47040
57 19 10464
57 20 -7326
57 21 5363
57 22 27758
57 23 43376
57 24 33270
57 25 45915
57 26 23195
57 27 2191
57 28 11826
57 29 5513
57 30 12160
57 31 26193
57 32 33727
57 33 22737
57 34 14437
57 35 17035
57 36 7624
57 37 -380
57 38 25407
57 39 37069
57 40 29216
57 41 42272
57 42 40158
57 43 34814
57 44 37249
57 45 4134
57 46 10224
57 47 4192
57 48 6421
57 49 45484
57 50 39782
57 51 31875
57 52 6390
57 53 15256
57 54 -5589
57 55 48998
57 56 35958
57 58 27578
57 59 4631
57 60 9053
57 61 13547
57 62 25591
57 63 36676
57 64 19014
57 65 33850
57 66 13479
57 67 17706
57 68 24190
57 69 12703
57 70 5376
57 71 16641
57 72 41942
57 73 33648
57 74 19159
57 75 21761
57 76 30346
58 1 28981
58 2 21329
58 3 16134
58 4 16201
58 5 27711
58 6 17548
58 7 6126
58 8 12696
58 9 -5955
58 10 -14691
58 11 -10422
58 12 2748
58 13 23313
58 14 684
58 15 34568
58 16 19102
58 17 8923
58 18 15234
58 19 14311
58 20 32475
58 21 27294
58 22 35362
58 23 32553
58 24 10225
58 25 8655
58 26 6621
58 27 20001
58 28 24156
58 29 28531
58 30 24269
58 31 -15090
58 32 2791
58 33 17701
58 34 16949
58 35 9983
58 36 39299
58 37 35864
58 38 -8326
58 39 -1035
58 40 1477
58 41 39650
58 42 40851
58 43 32673
58 44 10967
58 45 20460
58 46 10801
58 47 31081
58 48 28205
58 49 26964
58 50 7299
58 51 17635
58 52 16911
58 53 -1070
58 54 13284
58 55 10807
58 56 25719
58 57 25777
58 59 -2440
58 60 46957
58 61 31890
58 62 31129
58 63 27632
58 64 24803
58 65 2451
58 66 -11418
58 67 11388
58 68 23605
58 69 42130
58 70 44488
58 71 52026
58 72 2344
58 73 33805
58 74 33197
58 75 17835
58 76 22168
59 1 50714
59 2 38085
59 3 44482
59 4 28994
59 5 31478
59 6 38256
59 7 16397
59 8 15690
59 9 24292
59 10 9376
59 11 -11200
59 12 29788
59 13 20094
59 14 -10890
59 15 33170
59 16 44928
59 17 33518
59 18 45499
59 19 7140
59 20 29796
59 21 37369
59 22 53678
59 23 58483
59 24 39512
59 25 38310
59 26 26717
59 27 23525
59 28 39278
59 29 34523
59 30 36752
59 31 7356
59 32 32722
59 33 39909
59 34 25829
59 35 12473
59 36 43697
59 37 36630
59 38 5541
59 39 29165
59 40 29714
59 41 62990
59 42 62826
59 43 55457
59 44 40041
59 45 28283
59 46 18775
59 47 37907
59 48 36694
59 49 54916
59 50 37560
59 51 41949
59 52 21363
59 53 186
59 54 3464
59 55 39483
59 56 51871
59 57 21713
59 58 16443
59 60 46330
59 61 44973
59 62 49362
59 63 52041
59 64 45048
59 65 9190
59 66 -16963
59 67 26008
59 68 41084
59 69 48490
59 70 42493
59 71 53854
59 72 32572
59 73 54258
59 74 46451
59 75 35196
59 76 40587
60 1 32628
60 2 22704
60 3 51341
60 4 27065
60 5 3349
60 6 33761
60 7 40067
60 8 33459
60 9 46860
60 10 45792
60 11 35427
60 12 47679
60 13 21075
60 14 31518
60 15 12478
60 16 42092
60 17 42065
60 18 59667
60 19 33296
60 20 -10166
60 21 2056
60 22 25372
60 23 47548
60 24 42169
60 25 61527
60 26 40470
60 27 21305
60 28 11258
60 29 17535
60 30 20551
60 31 45754
60 32 48015
60 33 29172
60 34 33214
60 35 38827
60 36 -962
60 37 -1675
60 38 46742
60 39 54478
60 40 44536
60 41 41937
60 42 38506
60 43 35454
60 44 50017
60 45 18367
60 46 29868
60 47 2787
60 48 11738
60 49 53484
60 50 53430
60 51 43425
60 52 26274
60 53 37392
60 54 17390
60 55 64460
60 56 38609
60 57 7399
60 58 47104
60 59 27594
60 61 5813
60 62 27475
60 63 42684
60 64 13398
60 65 55778
60 66 36132
60 67 35191
60 68 35480
60 69 -756
60 70 -9178
60 71 -1064
60 72 60407
60 73 37589
60 74 22041
60 75 35639
60 76 45435
61 1 8193
61 2 7095
61 3 33712
61 4 21070
61 5 8592
61 6 18782
61 7 38158
61 8 34865
61 9 33944
61 10 39442
61 11 35751
61 12 37463
61 13 28960
61 14 35725
61 15 24001
61 16 22033
61 17 29577
61 18 40801
61 19 38647
61 20 10684
61 21 -9246
61 22 -1472
61 23 22669
61 24 20115
61 25 46343
61 26 32896
61 27 23822
61 28 -10077
61 29 18087
61 30 11327
61 31 36730
61 32 32519
61 33 8766
61 34 31358
61 35 39882
61 36 5815
61 37 12252
61 38 43454
61 39 43297
61 40 31742
61 41 14738
61 42 10968
61 43 9019
61 44 33093
61 45 16622
61 46 28706
61 47 1626
61 48 7602
61 49 31355
61 50 36212
61 51 27662
61 52 27549
61 53 38057
61 54 27024
61 55 48264
61 56 12435
61 57 20182
61 58 40326
61 59 34526
61 60 14102
61 62 5130
61 63 20420
61 64 -14588
61 65 53822
61 66 37033
61 67 29814
61 68 23605
61 69 -614
61 70 16417
61 71 16859
61 72 51353
61 73 15655
61 74 7757
61 75 26092
61 76 36402
62 1 -4821
62 2 -4420
62 3 18498
62 4 11919
62 5 9991
62 6 4940
62 7 28040
62 8 26838
62 9 19214
62 10 26383
62 11 25245
62 12 23853
62 13 25352
62 14 27398
62 15 24627
62 16 6850
62 17 15646
62 18 25654
62 19 31772
62 20 16133
62 21 -4224
62 22 -5617
62 23 9983
62 24 5631
62 25 31190
62 26 20816
62 27 18637
62 28 -13724
62 29 15279
62 30 4455
62 31 22561
62 32 17434
62 33 -6465
62 34 22872
62 35 31006
62 36 13376
62 37 17034
62 38 31495
62 39 28965
62 40 17335
62 41 6585
62 42 4651
62 43 -799
62 44 17906
62 45 11198
62 46 20120
62 47 5599
62 48 6421
62 49 16811
62 50 20981
62 51 12954
62 52 20834
62 53 28287
62 54 22813
62 55 33036
62 56 1439
62 57 20070
62 58 27409
62 59 26759
62 60 23608
62 61 -7026
62 63 5718
62 64 -14399
62 65 42161
62 66 26365
62 67 19333
62 68 11795
62 69 10856
62 70 24297
62 71 26487
62 72 37655
62 73 530
62 74 3197
62 75 14558
62 76 24529
63 1 -4821
63 2 3587
63 3 6960
63 4 16201
63 5 21392
63 6 4223
63 7 28040
63 8 29562
63 9 9623
63 10 20492
63 11 23264
63 12 18259
63 13 32308
63 14 28410
63 15 34804
63 16 -5425
63 17 10564
63 18 12208
63 19 34946
63 20 28339
63 21 9535
63 22 4349
63 23 -1413
63 24 -8511
63 25 19442
63 26 18986
63 27 25212
63 28 391
63 29 24724
63 30 13482
63 31 13849
63 32 6565
63 33 -10231
63 34 26211
63 35 32266
63 36 26822
63 37 29340
63 38 27454
63 39 20588
63 40 9696
63 41 3601
63 42 5259
63 43 -3130
63 44 6523
63 45 18837
63 46 22948
63 47 18524
63 48 17804
63 49 2669
63 50 8457
63 51 6656
63 52 25762
63 53 27837
63 54 28539
63 55 20415
63 56 -8210
63 57 29477
63 58 22234
63 59 27760
63 60 37139
63 61 6586
63 62 4040
63 64 -10117
63 65 38309
63 66 23746
63 67 20437
63 68 14779
63 69 24943
63 70 37340
63 71 40162
63 72 30885
63 73 4750
63 74 15558
63 75 16025
63 76 24529
64 1 5318
64 2 16793
64 3 32374
64 4 33132
64 5 27711
64 6 24754
64 7 48993
64 8 48052
64 9 35118
64 10 45233
64 11 45878
64 12 42612
64 13 45769
64 14 48573
64 15 43073
64 16 20067
64 17 34412
64 18 35329
64 19 52953
64 20 31424
64 21 10207
64 22 -78
64 23 12712
64 24 11937
64 25 44344
64 26 41134
64 27 39390
64 28 2698
64 29 35019
64 30 25137
64 31 39332
64 32 31986
64 33 10087
64 34 44085
64 35 52163
64 36 26695
64 37 32718
64 38 51338
64 39 45974
64 40 34769
64 41 706
64 42 -2504
64 43 -799
64 44 31912
64 45 31849
64 46 41330
64 47 21384
64 48 25067
64 49 24491
64 50 32981
64 51 30698
64 52 41922
64 53 49238
64 54 43515
64 55 44376
64 56 -1144
64 57 39003
64 58 46593
64 59 47955
64 60 35041
64 61 -1234
64 62 11111
64 63 17071
64 65 62133
64 66 46849
64 67 40340
64 68 32766
64 69 20258
64 70 37438
64 71 37837
64 72 55867
64 73 18002
64 74 22352
64 75 35443
64 76 45180
65 1 42503
65 2 33269
65 3 30215
65 4 26061
65 5 35240
65 6 30434
65 7 11984
65 8 16978
65 9 6410
65 10 -9921
65 11 -19162
65 12 16659
65 13 27011
65 14 -3828
65 15 39917
65 16 33180
65 17 22523
65 18 27301
65 19 14311
65 20 37877
65 21 37439
65 22 48168
65 23 46682
65 24 23878
65 25 18851
65 26 18217
65 27 26330
65 28 35918
65 29 36520
65 30 34690
65 31 -13523
65 32 16235
65 33 31194
65 34 24588
65 35 12571
65 36 47509
65 37 42522
65 38 -12546
65 39 11326
65 40 15619
65 41 53552
65 42 54534
65 43 46459
65 44 24896
65 45 28837
65 46 17724
65 47 39983
65 48 37434
65 49 41034
65 50 19677
65 51 31371
65 52 23083
65 53 -2439
65 54 13884
65 55 19184
65 56 39860
65 57 29918
65 58 320
65 59 -11824
65 60 53500
65 61 43255
65 62 43750
65 63 41576
65 64 38212
65 66 -24947
65 67 21149
65 68 35428
65 69 51244
65 70 50381
65 71 59457
65 72 15372
65 73 46960
65 74 44187
65 75 29317
65 76 33791
66 1 47966
66 2 37662
66 3 36927
66 4 29603
66 5 37029
66 6 35566
66 7 15071
66 8 18557
66 9 13624
66 10 -2663
66 11 -18953
66 12 22866
66 13 27347
66 14 -5709
66 15 40638
66 16 39404
66 17 28337
66 18 34573
66 19 13766
66 20 38330
66 21 40539
66 22 52969
66 23 53022
66 24 30905
66 25 26102
66 26 23114
66 27 28037
66 28 40039
66 29 38746
66 30 38220
66 31 -7142
66 32 23303
66 33 36695
66 34 27345
66 35 14046
66 36 49449
66 37 43699
66 38 -5884
66 39 18512
66 40 22163
66 41 59400
66 42 60106
66 43 52172
66 44 31762
66 45 31416
66 46 20300
66 47 42411
66 48 40181
66 49 47755
66 50 26925
66 51 37206
66 52 24966
66 53 -1234
66 54 12842
66 55 26227
66 56 46278
66 57 30083
66 58 6987
66 59 -17441
66 60 54390
66 61 47002
66 62 48490
66 63 47549
66 64 43464
66 65 -4411
66 67 25017
66 68 39913
66 69 53603
66 70 50980
66 71 60867
66 72 22404
66 73 52134
66 74 47905
66 75 33745
66 76 38403
67 1 17413
67 2 5453
67 3 16114
67 4 -2294
67 5 9157
67 6 5044
67 7 1418
67 8 1923
67 9 5504
67 10 3824
67 11 -1153
67 12 5906
67 13 8396
67 14 1152
67 15 17137
67 16 13231
67 17 3625
67 18 22603
67 19 7279
67 20 14636
67 21 9141
67 22 20991
67 23 26137
67 24 11117
67 25 20919
67 26 -1758
67 27 2790
67 28 7730
67 29 9939
67 30 6262
67 31 3322
67 32 8973
67 33 6708
67 34 -27
67 35 4761
67 36 20618
67 37 17507
67 38 6537
67 39 12396
67 40 4335
67 41 29737
67 42 29533
67 43 22179
67 44 13234
67 45 1837
67 46 -4294
67 47 12442
67 48 9606
67 49 24597
67 50 15087
67 51 10207
67 52 683
67 53 1661
67 54 2292
67 55 24006
67 56 19468
67 57 9377
67 58 4860
67 59 597
67 60 28516
67 61 14850
67 62 16525
67 63 19307
67 64 12022
67 65 16752
67 66 84
67 68 7933
67 69 23572
67 70 26312
67 71 33397
67 72 17935
67 73 20986
67 74 15758
67 75 1906
67 76 7553
68 1 6349
68 2 -5625
68 3 12736
68 4 -2014
68 5 6392
68 6 -4279
68 7 12793
68 8 12292
68 9 8645
68 10 12370
68 11 10002
68 12 10700
68 13 14094
68 14 12421
68 15 18010
68 16 5755
68 17 3542
68 18 20991
68 19 17553
68 20 13474
68 21 1005
68 22 9645
68 23 16826
68 24 5677
68 25 22753
68 26 5927
68 27 7013
68 28 -2864
68 29 8127
68 30 -1261
68 31 10118
68 32 9090
68 33 -3665
68 34 8480
68 35 15997
68 36 15394
68 37 15045
68 38 16659
68 39 17125
68 40 6123
68 41 18866
68 42 18329
68 43 11242
68 44 11167
68 45 1206
68 46 5517
68 47 6616
68 48 4013
68 49 17831
68 50 14508
68 51 4745
68 52 7597
68 53 13044
68 54 10352
68 55 25584
68 56 9909
68 57 12036
68 58 13252
68 59 11848
68 60 24980
68 61 4816
68 62 5162
68 63 9824
68 64 623
68 65 27206
68 66 11155
68 67 4108
68 69 16629
68 70 23887
68 71 28837
68 72 24510
68 73 9743
68 74 6350
68 75 -693
68 76 9448
69 1 20220
69 2 13172
69 3 42147
69 4 22107
69 5 1754
69 6 25104
69 7 37984
69 8 32787
69 9 40017
69 10 42110
69 11 34972
69 12 41788
69 13 23253
69 14 32822
69 15 15702
69 16 31678
69 17 34922
69 18 50196
69 19 34858
69 20 -1496
69 21 -9059
69 22 11953
69 23 35160
69 24 31156
69 25 53786
69 26 35538
69 27 20398
69 28 -918
69 29 14566
69 30 13224
69 31 41017
69 32 39914
69 33 18341
69 34 30588
69 35 38226
69 36 -5413
69 37 1486
69 38 44527
69 39 48429
69 40 37495
69 41 28499
69 42 24897
69 43 22327
69 44 41192
69 45 14837
69 46 27719
69 47 -4017
69 48 5510
69 49 42345
69 50 44663
69 51 34745
69 52 25068
69 53 36868
69 54 20988
69 55 56359
69 56 25678
69 57 11836
69 58 43064
69 59 30541
69 60 31
69 61 -8116
69 62 15510
69 63 31275
69 64 -598
69 65 54309
69 66 36132
69 67 31034
69 68 27916
69 70 2842
69 71 2892
69 72 55318
69 73 26010
69 74 12065
69 75 29317
69 76 39531
70 1 33107
70 2 22081
70 3 50185
70 4 24911
70 5 1270
70 6 32634
70 7 36928
70 8 30084
70 9 44824
70 10 42870
70 11 31819
70 12 45461
70 13 17306
70 14 27643
70 15 8870
70 16 41492
70 17 40295
70 18 58495
70 19 29451
70 20 -14364
70 21 2685
70 22 26632
70 23 47890
70 24 41704
70 25 59721
70 26 38071
70 27 18215
70 28 11889
70 29 15279
70 30 19343
70 31 43031
70 32 46414
70 33 28863
70 34 30365
70 35 35372
70 36 -458
70 37 -4160
70 38 43487
70 39 52211
70 40 42652
70 41 43082
70 42 39848
70 43 36361
70 44 48703
70 45 16040
70 46 26868
70 47 2447
70 48 10597
70 49 53129
70 50 52017
70 51 42198
70 52 23145
70 53 33853
70 54 13284
70 55 62730
70 56 39286
70 57 3403
70 58 44316
70 59 23438
70 60 -9497
70 61 7809
70 62 27845
70 63 42566
70 64 15476
70 65 52340
70 66 32403
70 67 32668
70 68 34068
70 69 1736
70 71 1453
70 72 57883
70 73 37684
70 74 21833
70 75 33784
70 76 43399
71 1 27652
71 2 18240
71 3 47099
71 4 23812
71 5 515
71 6 29571
71 7 37875
71 8 31683
71 9 43294
71 10 43200
71 11 33900
71 12 44336
71 13 20161
71 14 30566
71 15 11613
71 16 37533
71 17 38331
71 18 55398
71 19 32356
71 20 -8962
71 21 -2876
71 22 20277
71 23 42593
71 24 37509
71 25 57732
71 26 37362
71 27 19259
71 28 6274
71 29 14611
71 30 16538
71 31 42874
71 32 44083
71 33 24490
71 34 30727
71 35 37132
71 36 -5553
71 37 -3330
71 38 44623
71 39 51142
71 40 40870
71 41 36845
71 42 33407
71 43 30387
71 44 45880
71 45 15408
71 46 27561
71 47 -1563
71 48 7809
71 49 48783
71 50 49338
71 51 39271
71 52 24211
71 53 35787
71 54 17147
71 55 60584
71 56 33572
71 57 7181
71 58 44367
71 59 27312
71 60 -8870
71 61 764
71 62 22548
71 63 37901
71 64 8388
71 65 53929
71 66 34803
71 67 32266
71 68 31531
71 69 -5701
71 70 -6034
71 72 57352
71 73 32746
71 74 17404
71 75 32051
71 76 41993
72 1 27095
72 2 21110
72 3 12445
72 4 17632
72 5 29712
72 6 16699
72 7 10012
72 8 16483
72 9 -10936
72 10 -12881
72 11 -5617
72 12 1452
72 13 26808
72 14 5646
72 15 37378
72 16 16277
72 17 7584
72 18 10283
72 19 18798
72 20 35107
72 21 27978
72 22 34175
72 23 29367
72 24 5861
72 25 3749
72 26 7817
72 27 22786
72 28 23873
72 29 30488
72 30 25065
72 31 -16956
72 32 -1757
72 33 15966
72 34 19588
72 35 14316
72 36 40864
72 37 38098
72 38 -4130
72 39 -6035
72 40 -1485
72 41 37102
72 42 38656
72 43 30353
72 44 6934
72 45 22378
72 46 13789
72 47 32417
72 48 29503
72 49 23183
72 50 2377
72 51 15768
72 52 19903
72 53 3857
72 54 17485
72 55 6110
72 56 22377
72 57 28975
72 58 -8822
72 59 2523
72 60 49094
72 61 31751
72 62 30209
72 63 25117
72 64 22911
72 65 6337
72 66 -7167
72 67 13297
72 68 23697
72 69 43218
72 70 46889
72 71 53845
72 73 32408
72 74 33508
72 75 18372
72 76 22784
73 1 -7682
73 2 -3685
73 3 13767
73 4 11801
73 5 13275
73 6 2284
73 7 26697
73 8 26483
73 9 15023
73 10 23275
73 11 23416
73 12 20612
73 13 26699
73 14 26584
73 15 27378
73 16 1908
73 17 12340
73 18 20692
73 19 31689
73 20 19898
73 21 372
73 22 -2634
73 23 5859
73 24 690
73 25 26541
73 26 18662
73 27 19716
73 28 -8813
73 29 17555
73 30 6262
73 31 18706
73 32 12906
73 33 -11215
73 34 22606
73 35 30165
73 36 17790
73 37 20825
73 38 28973
73 39 25090
73 40 13508
73 41 4890
73 42 4116
73 43 -2752
73 44 13234
73 45 12607
73 46 19706
73 47 9681
73 48 9606
73 49 11873
73 50 16157
73 51 9061
73 52 21248
73 53 26911
73 54 23732
73 55 28225
73 56 -2052
73 57 22495
73 58 24453
73 59 26023
73 60 28090
73 61 -2133
73 62 -5102
73 63 796
73 64 -13140
73 65 39739
73 66 24377
73 67 18162
73 68 10744
73 69 15724
73 70 28504
73 71 31053
73 72 34222
73 74 6798
73 75 13220
73 76 22784
74 1 5044
74 2 -5694
74 3 23328
74 4 6517
74 5 -9
74 6 6274
74 7 23607
74 8 20638
74 9 21446
74 10 25309
74 11 21201
74 12 23853
74 13 16638
74 14 21526
74 15 14739
74 16 13331
74 17 16459
74 18 31485
74 19 24860
74 20 6319
74 21 -11814
74 22 1973
74 23 19450
74 24 13328
74 25 34959
74 26 18604
74 27 10502
74 28 -13724
74 29 5891
74 30 -3155
74 31 23271
74 32 21068
74 33 329
74 34 16949
74 35 25496
74 36 4581
74 37 7236
74 38 28984
74 39 30196
74 40 18958
74 41 16497
74 42 14206
74 43 9186
74 44 22333
74 45 2979
74 46 14303
74 47 -3837
74 48 -3545
74 49 24642
74 50 25810
74 51 15882
74 52 13638
74 53 23558
74 54 14474
74 55 37494
74 56 11290
74 57 10339
74 58 26178
74 59 20549
74 60 14875
74 61 -7698
74 62 -102
74 63 13937
74 64 -6457
74 65 39299
74 66 22481
74 67 15267
74 68 9684
74 69 4112
74 70 14986
74 71 18044
74 72 37655
74 73 9131
74 75 11835
74 76 22168
75 1 10364
75 2 -1200
75 3 12543
75 4 -3909
75 5 7663
75 6 -1762
75 7 8385
75 8 8483
75 9 6086
75 10 8309
75 11 5532
75 12 7318
75 13 12102
75 14 8212
75 15 17932
75 16 7518
75 17 1358
75 18 20336
75 19 13848
75 20 14349
75 21 4455
75 22 14106
75 23 19731
75 24 6645
75 25 20778
75 26 1640
75 27 5281
75 28 1460
75 29 8754
75 30 1539
75 31 6577
75 32 7561
75 33 -189
75 34 5028
75 35 11804
75 36 17790
75 37 16352
75 38 12287
75 39 14045
75 40 3736
75 41 22746
75 42 22467
75 43 15165
75 44 10449
75 45 1044
75 46 1789
75 47 9149
75 48 6282
75 49 19373
75 50 13382
75 51 5108
75 52 4870
75 53 8633
75 54 7564
75 55 23782
75 56 12980
75 57 11303
75 58 9178
75 59 7656
75 60 26835
75 61 8999
75 62 9621
75 63 12766
75 64 4996
75 65 22791
75 66 6683
75 67 -223
75 68 1003
75 69 19726
75 70 25299
75 71 31053
75 72 20881
75 73 13915
75 74 10197
75 76 5168
END
NODE_CONSUMPTION
0 1 18
0 2 26
0 3 11
0 4 30
0 5 21
0 6 19
0 7 15
0 8 16
0 9 29
0 10 26
0 11 37
0 12 16
0 13 12
0 14 31
0 15 8
0 16 19
0 17 20
0 18 13
0 19 15
0 20 22
0 21 28
0 22 12
0 23 6
0 24 27
0 25 14
0 26 18
0 27 17
0 28 29
0 29 13
0 30 22
0 31 25
0 32 28
0 33 27
0 34 19
0 35 10
0 36 12
0 37 14
0 38 24
0 39 16
0 40 33
0 41 15
0 42 11
0 43 18
0 44 17
0 45 21
0 46 27
0 47 19
0 48 20
0 49 5
0 50 22
0 51 12
0 52 19
0 53 22
0 54 16
0 55 7
0 56 26
0 57 14
0 58 21
0 59 24
0 60 13
0 61 15
0 62 18
0 63 11
0 64 28
0 65 9
0 66 37
0 67 30
0 68 10
0 69 8
0 70 11
0 71 3
0 72 1
0 73 6
0 74 10
0 75 20
END
