NAME : ./data/ESPPRC - Test Instances/F-n45-k4_a.simplified-vrp
SIZE : 46
DIRECTED : 1
CYCLIC : 1
ORIGIN : 0
DESTINATION : 45
RESOURCES : 1
RES_NAMES : 0
RES_TYPE
0 CAP
END
RES_BOUND
0 0 2010
END
EDGE_COST
0 1 4813
0 2 4253
0 3 47176
0 4 41508
0 5 69048
0 6 69319
0 7 53211
0 8 -857
0 9 2676
0 10 8840
0 11 23329
0 12 52789
0 13 51749
0 14 41266
0 15 3575
0 16 5674
0 17 13324
0 18 16169
0 19 11689
0 20 7185
0 21 8830
0 22 61275
0 23 24583
0 24 6003
0 25 5634
0 26 61844
0 27 56290
0 28 -35580
0 29 66770
0 30 31470
0 31 45252
0 32 15537
0 33 42456
0 34 37876
0 35 42721
0 36 23236
0 37 19466
0 38 20500
0 39 35176
0 40 36484
0 41 30587
0 42 20860
0 43 23703
0 44 24116
1 2 -1057
1 3 42905
1 4 37159
1 5 65127
1 6 65411
1 7 49426
1 8 3939
1 9 4014
1 10 8753
1 11 20226
1 12 48524
1 13 47430
1 14 36924
1 15 3909
1 16 2857
1 17 10812
1 18 15509
1 19 17505
1 20 13014
1 21 14650
1 22 66629
1 23 29918
1 24 11815
1 25 10872
1 26 67190
1 27 52894
1 28 -33593
1 29 64313
1 30 30428
1 31 43272
1 32 13642
1 33 41109
1 34 35291
1 35 39176
1 36 19980
1 37 16364
1 38 17644
1 39 32939
1 40 34236
1 41 29413
1 42 18751
1 43 24848
1 44 25396
1 45 -13866
2 1 3013
2 3 42615
2 4 36784
2 5 65084
2 6 65376
2 7 49534
2 8 7943
2 9 7983
2 10 7183
2 11 16538
2 12 44527
2 13 43426
2 14 32917
2 15 7765
2 16 954
2 17 7614
2 18 13205
2 19 20613
2 20 16389
2 21 18081
2 22 68706
2 23 31964
2 24 15324
2 25 12900
2 26 69258
2 27 53292
2 28 -30114
2 29 65454
2 30 32689
2 31 44886
2 32 15306
2 33 43053
2 34 36526
2 35 39558
2 36 20929
2 37 17702
2 38 19127
2 39 34483
2 40 35767
2 41 31602
2 42 20560
2 43 28217
2 44 28808
2 45 -10356
3 1 45307
3 2 40947
3 4 -8414
3 5 19217
3 6 19514
3 7 4183
3 8 35837
3 9 47892
3 10 52649
3 11 48011
3 12 67433
3 13 65609
3 14 55227
3 15 48830
3 16 46942
3 17 49101
3 18 56649
3 19 58944
3 20 55489
3 21 56917
3 22 110741
3 23 74113
3 24 56586
3 25 55736
3 26 111353
3 27 8526
3 28 -44912
3 29 25048
3 30 18829
3 31 17851
3 32 -11900
3 33 13452
3 34 10128
3 35 -2339
3 36 16433
3 37 28220
3 38 27939
3 39 17085
3 40 17685
3 41 17262
3 42 19696
3 43 35320
3 44 35944
3 45 30899
4 1 45555
4 2 41110
4 3 -2420
4 5 19241
4 6 19537
4 7 4396
4 8 36487
4 9 48214
4 10 52730
4 11 47624
4 12 66904
4 13 65066
4 14 54692
4 15 49131
4 16 47090
4 17 49041
4 18 56612
4 19 59455
4 20 55923
4 21 57353
4 22 111206
4 23 74574
4 24 56911
4 25 56141
4 26 111815
4 27 8748
4 28 -43957
4 29 25600
4 30 19792
4 31 18847
4 32 -10908
4 33 14365
4 34 11113
4 35 -1540
4 36 16983
4 37 28667
4 38 28426
4 39 17993
4 40 18601
4 41 18222
4 42 20375
4 43 36141
4 44 36773
4 45 31225
5 1 65892
5 2 61779
5 3 17580
5 4 11610
5 6 -1486
5 7 -6265
5 8 53097
5 9 68154
5 10 73606
5 11 67691
5 12 85923
5 13 83951
5 14 73654
5 15 69194
5 16 67798
5 17 70064
5 18 77634
5 19 77670
5 20 74998
5 21 76403
5 22 129729
5 23 93133
5 24 76822
5 25 75324
5 26 130377
5 27 -11316
5 28 -49441
5 29 10105
5 30 30020
5 31 24597
5 32 -6087
5 33 10744
5 34 22276
5 35 4827
5 36 35722
5 37 47982
5 38 47450
5 39 31572
5 40 31959
5 41 28725
5 42 37566
5 43 50103
5 44 50515
5 45 51134
6 1 66879
6 2 62774
6 3 18580
6 4 12609
6 5 -783
6 7 -5388
6 8 53965
6 9 69130
6 10 74605
6 11 68642
6 12 86832
6 13 84855
6 14 74561
6 15 70173
6 16 68793
6 17 71063
6 18 78633
6 19 78586
6 20 75946
6 21 77351
6 22 130649
6 23 94053
6 24 77796
6 25 76270
6 26 131298
6 27 -12170
6 28 -49566
6 29 9611
6 30 30746
6 31 25244
6 32 -5477
6 33 10937
6 34 23097
6 35 5727
6 36 36681
6 37 48948
6 38 48409
6 39 32420
6 40 32804
6 41 29463
6 42 38484
6 43 50904
6 44 51307
6 45 52108
7 1 60504
7 2 56542
7 3 12859
7 4 7078
7 5 4048
7 6 4222
7 8 47267
7 9 62643
7 10 68498
7 11 63974
7 12 82781
7 13 80874
7 14 70538
7 15 63715
7 16 62575
7 17 65293
7 18 72797
7 19 71888
7 20 69311
7 21 70714
7 22 123954
7 23 87359
7 24 71298
7 25 69628
7 26 124604
7 27 -7744
7 28 -51643
7 29 10724
7 30 24364
7 31 19177
7 32 -11389
7 33 7220
7 34 16466
7 35 -978
7 36 30100
7 37 42400
7 38 41826
7 39 25743
7 40 26132
7 41 23043
7 42 31789
7 43 44309
7 44 44731
7 45 45610
8 1 25982
8 2 25916
8 3 55478
8 4 50134
8 5 74375
8 6 74540
8 7 58232
8 9 22988
8 10 28608
8 11 44923
8 12 74983
8 13 73949
8 14 63467
8 15 24768
8 16 27855
8 17 34929
8 18 35594
8 19 3910
8 20 12153
8 21 13776
8 22 54783
8 23 18236
8 24 28207
8 25 3890
8 26 55532
8 27 58726
8 28 -53656
8 29 65155
8 30 28037
8 31 44100
8 32 13913
8 33 37411
8 34 39822
8 35 47480
8 36 30731
8 37 29059
8 38 29019
8 39 36767
8 40 38019
8 41 27703
8 42 24805
8 43 15081
8 44 14719
8 45 2507
9 1 3013
9 2 2912
9 3 44489
9 4 38817
9 5 66388
9 6 66661
9 7 50564
9 8 -56
9 10 10205
9 11 23504
9 12 52296
9 13 51223
9 14 40724
9 15 1865
9 16 5633
9 17 13706
9 18 17397
9 19 13993
9 20 9389
9 21 10975
9 22 63902
9 23 27216
9 24 8682
9 25 8294
9 26 64473
9 27 53699
9 28 -36410
9 29 64359
9 30 29398
9 31 42933
9 32 13241
9 33 40324
9 34 35412
9 35 40099
9 36 20630
9 37 16861
9 38 17935
9 39 32780
9 40 34086
9 41 28475
9 42 18465
9 43 22395
9 44 22870
9 45 -17004
10 1 16252
10 2 10612
10 3 57746
10 4 51833
10 5 80340
10 6 80636
10 7 64919
10 8 14064
10 9 18705
10 11 8309
10 12 40713
10 13 39815
10 14 29461
10 15 18502
10 16 7735
10 17 -23
10 18 -1158
10 19 18443
10 20 18895
10 21 20960
10 22 59488
10 23 22612
10 24 23343
10 25 4696
10 26 60041
10 27 68825
10 28 -18380
10 29 81149
10 30 47685
10 31 60424
10 32 30818
10 33 58371
10 34 52197
10 35 55123
10 36 36625
10 37 33299
10 38 34675
10 39 50045
10 40 51336
10 41 46680
10 42 35954
10 43 41024
10 44 41456
10 45 -2340
11 1 45123
11 2 37365
11 3 70506
11 4 64125
11 5 91823
11 6 92071
11 7 77793
11 8 47777
11 9 49402
11 10 25707
11 12 13054
11 13 12081
11 14 2546
11 15 49048
11 16 36703
11 17 17889
11 18 14583
11 19 52071
11 20 52934
11 21 54949
11 22 85121
11 23 47977
11 24 55228
11 25 34437
11 26 85785
11 27 82016
11 28 12214
11 29 98590
11 30 72468
11 31 81965
11 32 52513
11 33 80803
11 34 72495
11 35 70568
11 36 57852
11 37 56947
11 38 58517
11 39 72120
11 40 73318
11 41 71175
11 42 59968
11 43 70547
11 44 71172
11 45 29547
12 1 47490
12 2 39423
12 3 63997
12 4 57474
12 5 84124
12 6 84330
12 7 70669
12 8 51906
12 9 52263
12 10 32180
12 11 -12877
12 13 -810
12 14 -10346
12 15 51943
12 16 40020
12 17 22979
12 18 23368
12 19 59128
12 20 58020
12 21 59934
12 22 95973
12 23 58900
12 24 58756
12 25 43730
12 26 96596
12 27 74537
12 28 11926
12 29 92463
12 30 70313
12 31 78203
12 32 48766
12 33 76928
12 34 68529
12 35 64615
12 36 55182
12 37 55707
12 38 57239
12 39 69061
12 40 70200
12 41 68914
12 42 58249
12 43 71092
12 44 71800
12 45 33076
13 1 48340
13 2 40266
13 3 64117
13 4 57580
13 5 84096
13 6 84297
13 7 70706
13 8 52816
13 9 53134
13 10 33226
13 11 -11906
13 12 1134
13 14 -10228
13 15 52817
13 16 40932
13 17 23997
13 18 24475
13 19 60167
13 20 58988
13 21 60897
13 22 97091
13 23 60018
13 24 59660
13 25 44832
13 26 97714
13 27 74523
13 28 12518
13 29 92585
13 30 70809
13 31 78563
13 32 49126
13 33 77264
13 34 68880
13 35 64780
13 36 55664
13 37 56307
13 38 57833
13 39 69493
13 40 70626
13 41 69403
13 42 58798
13 43 71788
13 44 72501
13 45 33980
14 1 47252
14 2 39175
14 3 63153
14 4 56624
14 5 83217
14 6 83421
14 7 69788
14 8 51752
14 9 52053
14 10 32290
14 11 -12023
14 12 1016
14 13 -810
14 15 51737
14 16 39871
14 17 23025
14 18 23697
14 19 59217
14 20 57963
14 21 59868
14 22 96416
14 23 59351
14 24 58595
14 25 44024
14 26 97035
14 27 73635
14 28 11404
14 29 91621
14 30 69709
14 31 77499
14 32 48062
14 33 76208
14 34 67818
14 35 63794
14 36 54566
14 37 55192
14 38 56719
14 39 68407
14 40 69542
14 41 68304
14 42 57689
14 43 70671
14 44 71384
14 45 32915
15 1 2144
15 2 1930
15 3 44663
15 4 38970
15 5 66664
15 6 66940
15 7 50872
15 8 960
15 9 1101
15 10 9238
15 11 22386
15 12 51212
15 13 50142
15 14 39644
15 16 4516
15 17 12596
15 18 16386
15 19 14483
15 20 9927
15 21 11545
15 22 64059
15 23 27364
15 24 8814
15 25 8384
15 26 64626
15 27 54102
15 28 -35319
15 29 64950
15 30 30206
15 31 43600
15 32 13923
15 33 41094
15 34 35970
15 35 40461
15 36 21035
15 37 17279
15 38 18409
15 39 33397
15 40 34702
15 41 29264
15 42 19095
15 43 23435
15 44 23920
15 45 -16869
16 1 5385
16 2 -588
16 3 47068
16 4 41222
16 5 69561
16 6 69853
16 7 54025
16 8 8340
16 9 9162
16 10 2764
16 11 14334
16 12 43582
16 13 42550
16 14 32071
16 15 8809
16 17 4564
16 18 9174
16 19 18578
16 20 15137
16 21 16941
16 22 65297
16 23 28528
16 24 15203
16 25 9545
16 26 65845
16 27 57792
16 28 -27357
16 29 69880
16 30 36666
16 31 49170
16 32 19573
16 33 47210
16 34 40917
16 35 44058
16 36 25362
16 37 22023
16 38 23409
16 39 38781
16 40 40070
16 41 35621
16 42 24742
16 43 31186
16 44 31716
16 45 -10477
17 1 18831
17 2 11563
17 3 54718
17 4 48664
17 5 77318
17 6 77614
17 7 62234
17 8 20905
17 9 22726
17 10 497
17 11 1011
17 12 32032
17 13 31106
17 14 20716
17 15 22380
17 16 10055
17 18 -1367
17 19 27186
17 20 26317
17 21 28285
17 22 68029
17 23 31118
17 24 28345
17 25 13590
17 26 68589
17 27 66454
17 28 -13767
17 29 80154
17 30 49072
17 31 60559
17 32 31032
17 33 59044
17 34 51738
17 35 53081
17 36 36115
17 37 33608
17 38 35124
17 39 50190
17 40 51453
17 41 47932
17 42 36698
17 43 44693
17 44 45246
17 45 2664
18 1 25908
18 2 19534
18 3 64646
18 4 58615
18 5 87268
18 6 87564
18 7 72118
18 8 23950
18 9 28797
18 10 1742
18 11 85
18 12 34801
18 13 33964
18 14 23768
18 15 28550
18 16 17045
18 17 1013
18 19 26193
18 20 28654
18 21 30772
18 22 61661
18 23 24653
18 24 33572
18 25 8976
18 26 62255
18 27 76286
18 28 -8125
18 29 89570
18 30 57244
18 31 69437
18 32 39874
18 33 67674
18 34 60872
18 35 62797
18 36 45206
18 37 42264
18 38 43719
18 39 59029
18 40 60307
18 41 56184
18 42 45182
18 43 51192
18 44 51644
18 45 7889
19 1 30605
19 2 29643
19 3 69642
19 4 64159
19 5 90005
19 6 90218
19 7 73910
19 8 -5033
19 9 28094
19 10 24044
19 11 40274
19 12 73262
19 13 72357
19 14 61989
19 15 29348
19 16 29150
19 17 32267
19 18 28894
19 20 12509
19 21 14713
19 22 37954
19 23 1366
19 24 31808
19 25 -14055
19 26 38615
19 27 75370
19 28 -39379
19 29 82704
19 30 45440
19 31 61255
19 32 31181
19 33 55305
19 34 56111
19 35 63098
19 36 44567
19 37 41520
19 38 41975
19 39 52982
19 40 54266
19 41 45004
19 42 39800
19 43 32818
19 44 32557
19 45 6110
20 1 15107
20 2 14412
20 3 55180
20 4 49620
20 5 76326
20 6 76571
20 7 60326
20 8 -7797
20 9 12483
20 10 13489
20 11 30130
20 12 61147
20 13 60171
20 14 49728
20 15 13785
20 16 14702
20 17 20391
20 18 20348
20 19 1502
20 21 -732
20 22 52232
20 23 15586
20 24 16297
20 25 -2781
20 26 52828
20 27 62656
20 28 -38841
20 29 71603
20 30 34809
20 31 49800
20 32 19922
20 33 45672
20 34 43501
20 35 49597
20 36 30362
20 37 26889
20 38 27564
20 39 40468
20 40 41773
20 41 34146
20 42 26523
20 43 24067
20 44 24182
20 45 -9401
21 1 14864
21 2 14225
21 3 54729
21 4 49171
21 5 75852
21 6 76097
21 7 59850
21 8 -8053
21 9 12190
21 10 13675
21 11 30266
21 12 61182
21 13 60201
21 14 49754
21 15 13524
21 16 14627
21 17 20480
21 18 20587
21 19 1827
21 20 -2611
21 22 52666
21 23 16022
21 24 16064
21 25 -2310
21 26 53264
21 27 62166
21 28 -39192
21 29 71103
21 30 34310
21 31 49301
21 32 19422
21 33 45175
21 34 43007
21 35 49117
21 36 29895
21 37 26435
21 38 27101
21 39 39973
21 40 41277
21 41 33647
21 42 26034
21 43 23590
21 44 23709
21 45 -9635
22 1 67582
22 2 65589
22 3 109292
22 4 103763
22 5 129917
22 6 130134
22 7 113829
22 8 33693
22 9 65856
22 10 52942
22 11 61177
22 12 97960
22 13 97134
22 14 87041
22 15 66777
22 16 63722
22 17 60963
22 18 52215
22 19 25807
22 20 51092
22 21 53405
22 23 -38487
22 24 69244
22 25 -927
22 26 1403
22 27 115199
22 28 -15532
22 29 121868
22 30 84788
22 31 100806
22 32 70651
22 33 93762
22 34 95986
22 35 103018
22 36 84299
22 37 81018
22 38 81596
22 39 92860
22 40 94139
22 41 84438
22 42 79714
22 43 71805
22 44 71384
22 45 43549
23 1 68387
23 2 66363
23 3 110180
23 4 104647
23 5 130837
23 6 131054
23 7 114750
23 8 34662
23 9 66686
23 10 53582
23 11 61549
23 12 98403
23 13 97577
23 14 87492
23 15 67598
23 16 64469
23 17 61568
23 18 52723
23 19 26735
23 20 51962
23 21 54277
23 22 -971
23 24 70069
23 25 -146
23 26 2225
23 27 116146
23 28 -14624
23 29 122844
23 30 85756
23 31 101769
23 32 71616
23 33 94749
23 34 96927
23 35 103941
23 36 85197
23 37 81901
23 38 82486
23 39 93800
23 40 95080
23 41 85404
23 42 80635
23 43 72779
23 44 72360
23 45 44373
24 1 4804
24 2 4243
24 3 47173
24 4 41504
24 5 69046
24 6 69317
24 7 53209
24 8 -847
24 9 2672
24 10 8833
24 11 23320
24 12 52779
24 13 51739
24 14 41256
24 15 3568
24 16 5664
24 17 13315
24 18 16162
24 19 11697
24 20 7193
24 21 8839
24 22 61280
24 23 24589
24 25 5639
24 26 61849
24 27 56289
24 28 -35573
24 29 66771
24 30 31473
24 31 45253
24 32 15538
24 33 42459
24 34 37876
24 35 42719
24 36 23234
24 37 19465
24 38 20499
24 39 35177
24 40 36485
24 41 30590
24 42 20861
24 43 23709
24 44 24123
24 45 -19687
25 1 39206
25 2 37164
25 3 81668
25 4 76079
25 5 102893
25 6 103136
25 7 86884
25 8 10181
25 9 37629
25 10 25531
25 11 37874
25 12 73098
25 13 72256
25 14 62030
25 15 38483
25 16 35351
25 17 33905
25 18 26911
25 19 1179
25 20 23460
25 21 25810
25 22 26454
25 23 -10281
25 24 40984
25 26 27008
25 27 89029
25 28 -25569
25 29 97192
25 30 59966
25 31 75517
25 32 45528
25 33 70208
25 34 69768
25 35 76137
25 36 56929
25 37 53407
25 38 54123
25 39 66673
25 40 67970
25 41 59451
25 42 52955
25 43 47703
25 44 47515
25 45 15289
26 1 66183
26 2 64181
26 3 107944
26 4 102412
26 5 128605
26 6 128823
26 7 112519
26 8 32482
26 9 64467
26 10 51535
26 11 59881
26 12 96623
26 13 95797
26 14 85700
26 15 65384
26 16 62310
26 17 59563
26 18 50849
26 19 24508
26 20 49728
26 21 52043
26 22 -557
26 23 -37251
26 24 67853
26 25 -2333
26 27 113932
26 28 -16013
26 29 120676
26 30 83571
26 31 99573
26 32 69426
26 33 92615
26 34 94708
26 35 101710
26 36 82961
26 37 79666
26 38 80250
26 39 91581
26 40 92861
26 41 83214
26 42 78404
26 43 70606
26 44 70194
26 45 42158
27 1 77084
27 2 73412
27 3 30314
27 4 24542
27 5 12109
27 6 10552
27 7 5368
27 8 60873
27 9 78890
27 10 85516
27 11 81309
27 12 99761
27 13 97803
27 14 87497
27 15 80057
27 16 79454
27 17 82625
27 18 90077
27 19 86460
27 20 84753
27 21 86142
27 22 138436
27 23 101867
27 24 87490
27 25 84885
27 26 139129
27 28 -57373
27 29 -416
27 30 35774
27 31 29650
27 32 -1605
27 33 8826
27 34 30228
27 35 15061
27 36 46201
27 37 58552
27 38 57823
27 39 39742
27 40 40070
27 41 34720
27 42 46918
27 43 56774
27 44 57012
27 45 61801
28 1 130804
28 2 130213
28 3 117083
28 4 112044
28 5 114191
28 6 113363
28 7 101676
28 8 88698
28 9 128988
28 10 138518
28 11 151714
28 12 177357
28 13 176005
28 14 165473
28 15 130843
28 16 134512
28 17 142611
28 18 145873
28 19 111918
28 20 123463
28 21 124991
28 22 147912
28 23 111304
28 24 135835
28 25 110494
28 26 149391
28 27 82834
28 29 77573
28 30 87203
28 31 92846
28 32 60712
28 33 61849
28 34 98340
28 35 99664
28 36 110726
28 37 118140
28 38 116921
28 39 102085
28 40 102682
28 41 87489
28 42 104793
28 43 94505
28 44 93506
28 45 110138
29 1 78744
29 2 75815
29 3 37077
29 4 31635
29 5 23771
29 6 22574
29 7 14077
29 8 57543
29 9 79791
29 10 88081
29 11 88124
29 12 107928
29 13 106106
29 14 95724
29 15 81146
29 16 81783
29 17 86566
29 18 93602
29 19 84035
29 20 83941
29 21 85320
29 22 135346
29 23 98806
29 24 88213
29 25 83289
29 26 136114
29 27 -10175
29 28 -72393
29 30 32135
29 31 26780
29 32 -5023
29 33 -843
29 34 30201
29 35 19588
29 36 47896
29 37 59913
29 38 58940
29 39 39166
29 40 39476
29 41 31399
29 42 46937
29 43 52931
29 44 52945
29 45 62522
30 1 39701
30 2 37892
30 3 25700
30 4 20669
30 5 38528
30 6 38551
30 7 22559
30 8 15267
30 9 39672
30 10 49459
30 11 56844
30 12 80620
30 13 79172
30 14 68654
30 15 41244
30 16 43411
30 17 50326
30 18 56118
30 19 41613
30 20 41989
30 21 43369
30 22 93108
30 23 56560
30 24 47757
30 25 40905
30 26 93851
30 27 20857
30 28 -67921
30 29 26977
30 31 5944
30 32 -24382
30 33 740
30 34 4948
30 35 12880
30 36 13377
30 37 22460
30 38 21213
30 39 5116
30 40 5884
30 41 -9898
30 42 8409
30 43 10791
30 44 10970
30 45 22064
31 1 47490
31 2 45034
31 3 19667
31 4 14669
31 5 28050
31 6 27994
31 7 12317
31 8 26275
31 9 48152
31 10 57143
31 11 61286
31 12 83455
31 13 81871
31 14 71389
31 15 49583
31 16 50860
31 17 56758
31 18 63256
31 19 52373
31 20 51925
31 21 53305
31 22 104071
31 23 67518
31 24 56482
31 25 51401
31 26 104798
31 27 9678
31 28 -67333
31 29 16567
31 30 889
31 32 -34673
31 33 -6396
31 34 675
31 35 4064
31 36 17668
31 37 28929
31 38 27820
31 39 7766
31 40 8106
31 41 -128
31 42 15350
31 43 21934
31 44 22142
31 45 30791
32 1 48711
32 2 46305
32 3 20767
32 4 15765
32 5 28217
32 6 28124
32 7 12602
32 8 26939
32 9 49311
32 10 58388
32 11 62685
32 12 84869
32 13 83285
32 14 72803
32 15 50757
32 16 52114
32 17 58082
32 18 64544
32 19 53150
32 20 52898
32 21 54277
32 22 104767
32 23 68216
32 24 57618
32 25 52263
32 26 105502
32 27 9274
32 28 -68616
32 29 15615
32 30 1414
32 31 -3822
32 33 -7797
32 34 2085
32 35 4827
32 36 19021
32 37 30206
32 38 29085
32 39 9061
32 40 9410
32 41 504
32 42 16559
32 43 22495
32 44 22661
32 45 31927
33 1 62888
33 2 60762
33 3 32829
33 4 27748
33 5 31758
33 6 31248
33 7 17921
33 8 37147
33 9 63104
33 10 72651
33 11 77685
33 12 99741
33 13 98133
33 14 87659
33 15 64638
33 16 66461
33 17 72804
33 18 79054
33 19 63984
33 20 65358
33 21 66740
33 22 114588
33 23 78059
33 24 71249
33 25 63653
33 26 115401
33 27 6415
33 28 -80769
33 29 6505
33 30 13246
33 31 11165
33 32 -21087
33 34 16948
33 35 15098
33 36 33923
33 37 44772
33 38 43597
33 39 23846
33 40 24224
33 41 12872
33 42 30868
33 43 32716
33 44 32557
33 45 45556
34 1 41408
34 2 38573
34 3 13843
34 4 8834
34 5 27628
34 6 27746
34 7 11505
34 8 23896
34 9 42530
34 10 50815
34 11 53715
34 12 75680
34 13 74087
34 14 63607
34 15 43852
34 16 44506
34 17 49836
34 18 56590
34 19 49128
34 20 47525
34 21 48910
34 22 101150
34 23 64575
34 24 51004
34 25 47551
34 26 101832
34 27 12155
34 28 -59940
34 29 21887
34 30 1792
34 31 2574
34 32 -26867
34 33 1286
34 35 1142
34 36 10724
34 37 22584
34 38 21604
34 39 2386
34 40 2722
34 41 282
34 42 9818
34 43 20722
34 44 21165
34 45 25314
35 1 50102
35 2 46414
35 3 6185
35 4 990
35 5 14988
35 6 15185
35 7 -1130
35 8 36363
35 9 52026
35 10 58550
35 11 56597
35 12 76575
35 13 74796
35 14 64392
35 15 53152
35 16 52456
35 17 55988
35 18 63324
35 19 60924
35 20 58430
35 21 59829
35 22 112991
35 23 76398
35 24 60656
35 25 58729
35 26 113643
35 27 1797
35 28 -53807
35 29 16083
35 30 14533
35 31 10772
35 32 -19316
35 33 4245
35 34 5951
35 36 19363
35 37 31708
35 38 31062
35 39 14962
35 40 15377
35 41 13107
35 42 20829
35 43 33731
35 44 34203
35 45 34968
36 1 25001
36 2 21880
36 3 19052
36 4 13608
36 5 39978
36 6 40234
36 7 24043
36 8 13709
36 9 26652
36 10 34147
36 11 37976
36 12 61237
36 13 59775
36 14 49259
36 15 27821
36 16 27855
36 17 33117
36 18 39828
36 19 36488
36 20 33290
36 21 34702
36 22 88367
36 23 51749
36 24 35266
36 25 33616
36 26 88989
36 27 27032
36 28 -48650
36 29 38486
36 30 9125
36 31 18471
36 32 -11027
36 33 17165
36 34 9628
36 35 13458
36 37 6315
36 38 5689
36 39 8268
36 40 9489
36 41 7703
36 42 -1128
36 43 16264
36 44 17043
36 45 9578
37 1 17093
37 2 14361
37 3 26547
37 4 21000
37 5 47946
37 6 48209
37 7 32051
37 8 7745
37 9 18591
37 10 26529
37 11 32779
37 12 57470
37 13 56126
37 14 45593
37 15 19773
37 16 20224
37 17 26318
37 18 32594
37 19 29149
37 20 25525
37 21 26950
37 22 80794
37 23 44161
37 24 27205
37 25 25802
37 26 81402
37 27 35091
37 28 -45528
37 29 46211
37 30 13916
37 31 25440
37 32 -4134
37 33 23722
37 34 17196
37 35 21511
37 36 2023
37 38 -177
37 39 15035
37 40 16319
37 41 12703
37 42 1391
37 43 14916
37 44 15710
37 45 1516
38 1 18217
38 2 15630
38 3 26110
38 4 20603
38 5 47258
38 6 47514
38 7 31321
38 8 7549
38 9 19509
38 10 27749
38 11 34193
38 12 58846
38 13 57496
38 14 46964
38 15 20747
38 16 21454
38 17 27678
38 18 33893
38 19 29448
38 20 26044
38 21 27460
38 22 81216
38 23 44590
38 24 28083
38 25 26362
38 26 81830
38 27 34206
38 28 -46903
38 29 45082
38 30 12513
38 31 24175
38 32 -5411
38 33 22391
38 34 16060
38 35 20709
38 36 1241
38 37 -333
38 39 13781
38 40 15070
38 41 11306
38 42 0
38 43 13803
38 44 14601
38 45 2394
39 1 35860
39 2 33334
39 3 17604
39 4 12518
39 5 33728
39 6 33873
39 7 17586
39 8 17645
39 9 36702
39 10 45467
39 11 50144
39 12 73016
39 13 71504
39 14 61000
39 15 38083
39 16 39174
39 17 45092
39 18 51551
39 19 42803
39 20 41296
39 21 42680
39 22 94828
39 23 58252
39 24 45109
39 25 41260
39 26 95509
39 27 18473
39 28 -59391
39 29 27656
39 30 -1236
39 31 6469
39 32 -23087
39 33 4988
39 34 -810
39 35 6957
39 36 6168
39 37 17227
39 38 16129
39 40 -2630
39 41 -2836
39 42 3834
39 43 14916
39 44 15438
39 45 19418
40 1 36348
40 2 33809
40 3 17395
40 4 12317
40 5 33306
40 6 33448
40 7 17166
40 8 18088
40 9 37199
40 10 45949
40 11 50533
40 12 73346
40 13 71828
40 14 61326
40 15 38579
40 16 39654
40 17 45546
40 18 52020
40 19 43278
40 20 41792
40 21 43175
40 22 95298
40 23 58723
40 24 45608
40 25 41748
40 26 95980
40 27 17992
40 28 -59603
40 29 27157
40 30 -1277
40 31 6000
40 32 -23547
40 33 4557
40 34 -1283
40 35 6563
40 36 6580
40 37 17702
40 38 16609
40 39 -3439
40 41 -2882
40 42 4332
40 43 15273
40 44 15783
40 45 19917
41 1 39293
41 2 37412
41 3 24740
41 4 19706
41 5 37840
41 6 37875
41 7 21845
41 8 15540
41 9 39356
41 10 49061
41 11 56158
41 12 79828
41 13 78373
41 14 67856
41 15 40909
41 16 42973
41 17 49793
41 18 55665
41 19 41784
41 20 41933
41 21 43313
41 22 93365
41 23 56815
41 24 47481
41 25 40997
41 26 94101
41 27 20410
41 28 -67028
41 29 26848
41 30 -9291
41 31 5534
41 32 -24685
41 33 973
41 34 4045
41 35 12061
41 36 12562
41 37 21854
41 38 20613
41 39 4123
41 40 4886
41 42 7789
41 43 11167
41 44 11395
41 45 21788
42 1 24944
42 2 22683
42 3 23487
42 4 18172
42 5 42994
42 6 43209
42 7 26904
42 8 8955
42 9 25659
42 10 34648
42 11 41264
42 12 65476
42 13 64081
42 14 53554
42 15 27053
42 16 28407
42 17 34872
42 18 40976
42 19 32893
42 20 30623
42 21 32013
42 22 84954
42 23 48359
42 24 34065
42 25 30814
42 26 85604
42 27 28921
42 28 -53411
42 29 38699
42 30 5329
42 31 17325
42 32 -12317
42 33 15282
42 34 9894
42 35 16096
42 36 44
42 37 6855
42 38 5620
42 39 7106
42 40 8413
42 41 4102
42 43 10195
42 44 10970
42 45 8374
43 1 30127
43 2 29426
43 3 38197
43 4 33024
43 5 54617
43 6 54715
43 7 38510
43 8 -1683
43 9 28675
43 10 38804
43 11 50929
43 12 77405
43 13 76157
43 14 65622
43 15 30479
43 16 33937
43 17 41953
43 18 46072
43 19 24997
43 20 27253
43 21 28655
43 22 76131
43 23 39589
43 24 35999
43 25 24648
43 26 76892
43 27 37863
43 28 -64613
43 29 43779
43 30 6797
43 31 22995
43 32 -7295
43 33 16216
43 34 19884
43 35 28084
43 36 16522
43 37 19466
43 38 18509
43 39 17274
43 40 18440
43 41 6566
43 42 9281
43 44 -5494
43 45 10303
44 1 30872
44 2 30214
44 3 39018
44 4 33853
44 5 55226
44 6 55315
44 7 39129
44 8 -1848
44 9 29347
44 10 39433
44 11 51751
44 12 78310
44 13 77067
44 14 66532
44 15 31161
44 16 34664
44 17 42703
44 18 46721
44 19 24933
44 20 27565
44 21 28971
44 22 75907
44 23 39367
44 24 36610
44 25 24657
44 26 76677
44 27 38298
44 28 -65415
44 29 43990
44 30 7173
44 31 23400
44 32 -6932
44 33 16254
44 34 20524
44 35 28753
44 36 17498
44 37 20457
44 38 19504
44 39 17993
44 40 19147
44 41 6991
44 42 10253
44 43 -5297
44 45 10913
END
NODE_CONSUMPTION
0 1 33
0 2 15
0 3 10
0 4 40
0 5 15
0 6 5
0 7 77
0 8 435
0 9 165
0 10 120
0 11 65
0 12 23
0 13 18
0 14 550
0 15 78
0 16 627
0 17 9
0 18 96
0 19 116
0 20 116
0 21 83
0 22 41
0 23 645
0 24 694
0 25 573
0 26 1
0 27 181
0 28 106
0 29 52
0 30 117
0 31 52
0 32 1300
0 33 57
0 34 28
0 35 84
0 36 1
0 37 54
0 38 19
0 39 88
0 40 41
0 41 238
0 42 66
0 43 44
0 44 42
END
