NAME : ./data/ESPPRC - Test Instances/F-n72-k4_a.simplified-vrp
SIZE : 73
DIRECTED : 1
CYCLIC : 1
ORIGIN : 0
DESTINATION : 72
RESOURCES : 1
RES_NAMES : 0
RES_TYPE
0 CAP
END
RES_BOUND
0 0 30000
END
EDGE_COST
0 1 8097
0 2 13792
0 3 13402
0 4 19059
0 5 13671
0 6 10931
0 7 21229
0 8 18556
0 9 13716
0 10 12775
0 11 -2227
0 12 15614
0 13 15086
0 14 9174
0 15 14259
0 16 16515
0 17 15613
0 18 7343
0 19 13040
0 20 5799
0 21 7676
0 22 10134
0 23 6643
0 24 7238
0 25 8735
0 26 8094
0 27 10086
0 28 10362
0 29 6985
0 30 7930
0 31 4828
0 32 4829
0 33 2228
0 34 7282
0 35 6786
0 36 7334
0 37 23067
0 38 22802
0 39 10440
0 40 19352
0 41 7029
0 42 20085
0 43 21111
0 44 20005
0 45 20980
0 46 19434
0 47 14582
0 48 18864
0 49 16656
0 50 18755
0 51 16541
0 52 18402
0 53 22128
0 54 6794
0 55 7584
0 56 5198
0 57 9529
0 58 12714
0 59 11473
0 60 8100
0 61 10573
0 62 11728
0 63 13920
0 64 14533
0 65 15008
0 66 13855
0 67 16867
0 68 15853
0 69 17890
0 70 15535
0 71 9644
1 2 1143
1 3 11653
1 4 18482
1 5 12198
1 6 2639
1 7 20398
1 8 17381
1 9 14624
1 10 6473
1 11 -12896
1 12 2577
1 13 1789
1 14 2117
1 15 1629
1 16 3265
1 17 2219
1 18 -474
1 19 1308
1 20 18300
1 21 20052
1 22 22299
1 23 18196
1 24 18032
1 25 19301
1 26 19392
1 27 21761
1 28 22121
1 29 19218
1 30 20246
1 31 7965
1 32 8504
1 33 -361
1 34 9436
1 35 5001
1 36 6457
1 37 19441
1 38 19564
1 39 10820
1 40 16824
1 41 12261
1 42 29404
1 43 30325
1 44 28948
1 45 28912
1 46 28282
1 47 22339
1 48 26561
1 49 23515
1 50 25588
1 51 22859
1 52 24683
1 53 30886
1 54 11514
1 55 12515
1 56 6750
1 57 11469
1 58 10714
1 59 10057
1 60 5753
1 61 8918
1 62 7366
1 63 10234
1 64 9449
1 65 10599
1 66 9992
1 67 13538
1 68 14104
1 69 13418
1 70 21850
1 71 1262
1 72 7056
2 1 -2157
2 3 14479
2 4 21309
2 5 15081
2 6 5151
2 7 23180
2 8 20159
2 9 17486
2 10 8812
2 11 -10310
2 12 3094
2 13 2123
2 14 2994
2 15 393
2 16 3022
2 17 1613
2 18 2609
2 19 -106
2 20 20186
2 21 21793
2 22 23954
2 23 19798
2 24 19443
2 25 20617
2 26 20897
2 27 23174
2 28 23611
2 29 21002
2 30 22008
2 31 9562
2 32 9906
2 33 1598
2 34 10632
2 35 7416
2 36 8598
2 37 17463
2 38 17630
2 39 10117
2 40 14968
2 41 12840
2 42 30054
2 43 30926
2 44 29510
2 45 29161
2 46 28796
2 47 22660
2 48 26838
2 49 23712
2 50 25740
2 51 22939
2 52 24499
2 53 31355
2 54 12438
2 55 13312
2 56 6911
2 57 11543
2 58 10154
2 59 9459
2 60 5642
2 61 8717
2 62 6223
2 63 9104
2 64 8009
2 65 9197
2 66 8433
2 67 12016
2 68 12825
2 69 11340
2 70 21888
2 71 3916
2 72 9451
3 1 10960
3 2 17086
3 4 2207
3 5 -2358
3 6 5931
3 7 4138
3 8 1138
3 9 -1616
3 10 473
3 11 2091
3 12 14782
3 13 15362
3 14 16862
3 15 17778
3 16 15665
3 17 15818
3 18 10948
3 19 17585
3 20 23422
3 21 25039
3 22 27590
3 23 24570
3 24 25257
3 25 26756
3 26 26040
3 27 27611
3 28 27956
3 29 24687
3 30 25462
3 31 18392
3 32 19120
3 33 11446
3 34 20883
3 35 15325
3 36 17142
3 37 35254
3 38 35307
3 39 24903
3 40 32431
3 41 23505
3 42 38105
3 43 39132
3 44 38032
3 45 38959
3 46 37461
3 47 32495
3 48 36782
3 49 34342
3 50 36460
3 51 34081
3 52 36107
3 53 40155
3 54 22521
3 55 23614
3 56 19679
3 57 24376
3 58 25209
3 59 24458
3 60 19957
3 61 23034
3 62 22722
3 63 25474
3 64 25086
3 65 26123
3 66 25546
3 67 28995
3 68 29130
3 69 29367
3 70 33104
3 71 6061
3 72 11668
4 1 15199
4 2 21326
4 3 -383
4 5 1642
4 6 10144
4 7 138
4 8 -1468
4 9 -5843
4 10 4239
4 11 6306
4 12 18971
4 13 19577
4 14 21016
4 15 22020
4 16 19831
4 17 20014
4 18 15127
4 19 21825
4 20 26110
4 21 27530
4 22 30099
4 23 27397
4 24 28200
4 25 29701
4 26 28874
4 27 30082
4 28 30498
4 29 27387
4 30 28055
4 31 22154
4 32 22856
4 33 15453
4 34 24700
4 35 19295
4 36 21078
4 37 39404
4 38 39445
4 39 28835
4 40 36542
4 41 27112
4 42 40990
4 43 42020
4 44 40993
4 45 42059
4 46 40423
4 47 35677
4 48 39959
4 49 37676
4 50 39786
4 51 37482
4 52 39444
4 53 43117
4 54 26187
4 55 27259
4 56 23536
4 57 28210
4 58 29244
4 59 28471
4 60 23993
4 61 27046
4 62 26850
4 63 29583
4 64 29241
4 65 30261
4 66 29678
4 67 33110
4 68 33180
4 69 33542
4 70 36496
4 71 10297
4 72 14735
5 1 10237
5 2 16420
5 3 -3626
5 4 2964
5 6 5365
5 7 4969
5 8 2004
5 9 -932
5 10 390
5 11 1310
5 12 14235
5 13 14772
5 14 16022
5 15 17085
5 16 15147
5 17 15256
5 18 10127
5 19 16865
5 20 22436
5 21 24063
5 22 26613
5 23 23576
5 24 24260
5 25 25759
5 26 25047
5 27 26634
5 28 26976
5 29 23700
5 30 24481
5 31 17427
5 32 18151
5 33 10535
5 34 19927
5 35 14402
5 36 16209
5 37 34413
5 38 34459
5 39 23975
5 40 31568
5 41 22524
5 42 37108
5 43 38135
5 44 37034
5 45 37959
5 46 36462
5 47 31496
5 48 35782
5 49 33345
5 50 35464
5 51 33087
5 52 35112
5 53 39156
5 54 21545
5 55 22636
5 56 18733
5 57 23425
5 58 24311
5 59 23552
5 60 19059
5 61 22127
5 62 21866
5 63 24608
5 64 24248
5 65 25274
5 66 24693
5 67 28133
5 68 28239
5 69 28544
5 70 32110
5 71 5431
5 72 10669
6 1 1389
6 2 7201
6 3 5374
6 4 12177
6 5 6076
6 7 14004
6 8 10986
6 9 8370
6 10 -225
6 11 -7030
6 12 4802
6 13 5364
6 14 8192
6 15 7995
6 16 5730
6 17 5824
6 18 2526
6 19 7914
6 20 20724
6 21 22619
6 22 25031
6 23 21222
6 24 21442
6 25 22851
6 26 22581
6 27 24871
6 28 25147
6 29 21841
6 30 22840
6 31 12087
6 32 12822
6 33 4032
6 34 14144
6 35 8390
6 36 10252
6 37 26144
6 38 26261
6 39 17024
6 40 23507
6 41 17253
6 42 33775
6 43 34755
6 44 33463
6 45 33837
6 46 32851
6 47 27239
6 48 31503
6 49 28631
6 50 30740
6 51 28124
6 52 30136
6 53 35507
6 54 16247
6 55 17347
6 56 12381
6 57 17127
6 58 16977
6 59 16305
6 60 11831
6 61 14993
6 62 13931
6 63 16774
6 64 16097
6 65 17225
6 66 16639
6 67 20168
6 68 20629
6 69 20126
6 70 27145
6 71 -3569
6 72 8640
7 1 15941
7 2 22023
7 3 374
7 4 -1036
7 5 2473
7 6 10797
7 8 -1054
7 9 -6415
7 10 4686
7 11 7091
7 12 19587
7 13 20221
7 14 21848
7 15 22738
7 16 20423
7 17 20636
7 18 15942
7 19 22563
7 20 27109
7 21 28525
7 22 31094
7 23 28397
7 24 29199
7 25 30701
7 26 29874
7 27 31076
7 28 31494
7 29 28386
7 30 29053
7 31 23097
7 32 23802
7 33 16343
7 34 25634
7 35 20194
7 36 21986
7 37 40240
7 38 40288
7 39 29748
7 40 37398
7 41 28077
7 42 41990
7 43 43020
7 44 41993
7 45 43057
7 46 41422
7 47 36672
7 48 40955
7 49 38664
7 50 40776
7 51 38467
7 52 40434
7 53 44117
7 54 27144
7 55 28219
7 56 24464
7 57 29143
7 58 30128
7 59 29362
7 60 24876
7 61 27937
7 62 27697
7 63 30439
7 64 30073
7 65 31103
7 66 30523
7 67 33964
7 68 34060
7 69 34362
7 70 37481
7 71 10987
7 72 15731
8 1 14530
8 2 20608
8 3 -1020
8 4 -1036
8 5 1114
8 6 9385
8 7 552
8 9 -5035
8 10 3334
8 11 5690
8 12 18180
8 13 18810
8 14 20466
8 15 21325
8 16 19022
8 17 19229
8 18 14554
8 19 21152
8 20 26165
8 21 27645
8 22 30211
8 23 27414
8 24 28183
8 25 29685
8 26 28891
8 27 30209
8 28 30604
8 29 27440
8 30 28141
8 31 21832
8 32 22546
8 33 15006
8 34 24354
8 35 18868
8 36 20670
8 37 38858
8 38 38910
8 39 28435
8 40 36029
8 41 26862
8 42 41002
8 43 42032
8 44 40981
8 45 42003
8 46 40411
8 47 35592
8 48 39876
8 49 37536
8 50 39650
8 51 37318
8 52 39307
8 53 43106
8 54 25910
8 55 26992
8 56 23173
8 57 27859
8 58 28783
8 59 28024
8 60 23531
8 61 26599
8 62 26323
8 63 29071
8 64 28691
8 65 29726
8 66 29148
8 67 32593
8 68 32711
8 69 32972
8 70 36335
8 71 9573
8 72 14664
9 1 21551
9 2 27713
9 3 6004
9 4 4367
9 5 7956
9 6 16547
9 7 4969
9 8 4743
9 10 10515
9 11 12597
9 12 25372
9 13 25980
9 14 27200
9 15 28393
9 16 26225
9 17 26416
9 18 21365
9 19 28178
9 20 30348
9 21 31439
9 22 34011
9 23 31774
9 24 32708
9 25 34196
9 26 33240
9 27 33867
9 28 34416
9 29 31618
9 30 32122
9 31 27814
9 32 28471
9 33 21441
9 34 30416
9 35 25247
9 36 26980
9 37 45547
9 38 45563
9 39 34645
9 40 42612
9 41 32497
9 42 45261
9 43 46285
9 44 45371
9 45 46608
9 46 44792
9 47 40373
9 48 44641
9 49 42602
9 50 44693
9 51 42502
9 52 44319
9 53 47480
9 54 31680
9 55 32714
9 56 29267
9 57 33904
9 58 35225
9 59 34416
9 60 29985
9 61 33000
9 62 32973
9 63 35674
9 64 35410
9 65 36399
9 66 35799
9 67 39202
9 68 39165
9 69 39733
9 70 41495
9 71 16691
9 72 19602
10 1 6764
10 2 12403
10 3 1457
10 4 7813
10 5 2642
10 6 1316
10 7 9434
10 8 6476
10 9 3879
10 11 -1661
10 12 9601
10 13 10363
10 14 13518
10 15 13285
10 16 10336
10 17 10655
10 18 7706
10 19 13245
10 20 24171
10 21 26016
10 22 28501
10 23 24968
10 24 25386
10 25 26845
10 26 26388
10 27 28469
10 28 28747
10 29 25369
10 30 26299
10 31 16773
10 32 17530
10 33 9015
10 34 19002
10 35 13170
10 36 15054
10 37 31523
10 38 31644
10 39 22279
10 40 28892
10 41 22049
10 42 38041
10 43 39045
10 44 37814
10 45 38396
10 46 37223
10 47 31818
10 48 36097
10 49 33345
10 50 35464
10 51 32916
10 52 34972
10 53 39898
10 54 21007
10 55 22121
10 56 17468
10 57 22210
10 58 22275
10 59 21594
10 60 17094
10 61 20246
10 62 19304
10 63 22141
10 64 21481
10 65 22606
10 66 22023
10 67 25549
10 68 25985
10 69 25496
10 70 31944
10 71 1756
10 72 12025
11 1 -3905
11 2 1981
11 3 11775
11 4 18580
11 5 12262
11 6 3211
11 7 20539
11 8 17532
11 9 14661
11 10 7039
11 12 3971
11 13 3204
11 14 994
11 15 2393
11 16 4679
11 17 3613
11 18 -1238
11 19 1642
11 20 16895
11 21 18640
11 22 20886
11 23 16782
11 24 16622
11 25 17894
11 26 17979
11 27 20349
11 28 20707
11 29 17808
11 30 18835
11 31 6555
11 32 7106
11 33 -1775
11 34 8064
11 35 3642
11 36 5054
11 37 18978
11 38 19073
11 39 9853
11 40 16284
11 41 10957
11 42 28059
11 43 28987
11 44 27617
11 45 27635
11 46 26958
11 47 21053
11 48 25283
11 49 22259
11 50 24339
11 51 21629
11 52 23501
11 53 29569
11 54 10164
11 55 11182
11 56 5561
11 57 10293
11 58 9764
11 59 9102
11 60 4698
11 61 7868
11 62 6655
11 63 9494
11 64 8858
11 65 9967
11 66 9391
11 67 12906
11 68 13349
11 69 13022
11 70 20627
11 71 1756
11 72 5723
12 1 -1713
12 2 2104
12 3 11185
12 4 17964
12 5 11906
12 6 1762
12 7 19754
12 8 16741
12 9 14155
12 10 5020
12 11 -9310
12 13 -39
12 14 5610
12 15 3393
12 16 22
12 17 27
12 18 2357
12 19 3480
12 20 21763
12 21 23553
12 22 25824
12 23 21742
12 24 21614
12 25 22892
12 26 22957
12 27 25334
12 28 25682
12 29 22714
12 30 23745
12 31 11551
12 32 12105
12 33 3202
12 34 13040
12 35 8390
12 36 9953
12 37 21583
12 38 21752
12 39 13925
12 40 19091
12 41 15817
12 42 32990
12 43 33906
12 44 32522
12 45 32427
12 46 31849
12 47 25867
12 48 30080
12 49 27009
12 50 29071
12 51 26319
12 52 28065
12 53 34447
12 54 15109
12 55 16099
12 56 10192
12 57 14890
12 58 13856
12 59 13190
12 60 9067
12 61 12210
12 62 10168
12 63 13054
12 64 12047
12 65 13233
12 66 12516
12 67 16095
12 68 16851
12 69 15454
12 70 25299
12 71 816
12 72 10283
13 1 -2491
13 2 1143
13 3 11775
13 4 18580
13 5 12453
13 6 2334
13 7 20398
13 8 17381
13 9 14773
13 10 5792
13 11 -10067
13 12 -29
13 14 4702
13 15 2393
13 16 436
13 17 -387
13 18 1911
13 19 2480
13 20 21114
13 21 22875
13 22 25127
13 23 21024
13 24 20855
13 25 22116
13 26 22219
13 27 24586
13 28 24948
13 29 22041
13 30 23069
13 31 10787
13 32 11310
13 33 2467
13 34 12209
13 35 7772
13 36 9274
13 37 20624
13 38 20788
13 39 12931
13 40 18122
13 41 14918
13 42 32111
13 43 33020
13 44 31631
13 45 31499
13 46 30952
13 47 24945
13 48 29154
13 49 26074
13 50 28131
13 51 25373
13 52 27097
13 53 33544
13 54 14248
13 55 15224
13 56 9247
13 57 13938
13 58 12867
13 59 12199
13 60 8100
13 61 11237
13 62 9168
13 63 12054
13 64 11051
13 65 12235
13 66 11524
13 67 15103
13 68 15853
13 69 14503
13 70 24348
13 71 1262
13 72 9765
14 1 -1196
14 2 2981
14 3 14242
14 4 20986
14 5 14670
14 6 6129
14 7 22992
14 8 20004
14 9 16960
14 10 9914
14 11 -11310
14 12 6587
14 13 5669
14 15 3636
14 16 7084
14 17 5824
14 18 998
14 19 2086
14 20 15216
14 21 16796
14 22 18954
14 23 14798
14 24 14462
14 25 15656
14 26 15903
14 27 18199
14 28 18622
14 29 16012
14 30 17014
14 31 4576
14 32 4907
14 33 -3018
14 34 5659
14 35 3293
14 36 4054
14 37 16386
14 38 16441
14 39 6862
14 40 13587
14 41 8209
14 42 25410
14 43 26315
14 44 24923
14 45 24816
14 46 24244
14 47 18252
14 48 22467
14 49 19407
14 50 21475
14 51 18740
14 52 20562
14 53 26837
14 54 7586
14 55 8533
14 56 2627
14 57 7347
14 58 6785
14 59 6119
14 60 1698
14 61 4868
14 62 3876
14 63 6670
14 64 6220
14 65 7259
14 66 6687
14 67 10158
14 68 10474
14 69 10529
14 70 17728
14 71 4651
14 72 4820
15 1 -3083
15 2 -1019
15 3 13759
15 4 20591
15 5 14334
15 6 4533
15 7 22483
15 8 19464
15 9 16754
15 10 8282
15 11 -11310
15 12 2971
15 13 1961
15 14 2237
15 16 3145
15 17 1775
15 18 1625
15 19 -520
15 20 19339
15 21 20981
15 22 23161
15 23 19013
15 24 18701
15 25 19898
15 26 20134
15 27 22440
15 28 22857
15 29 20178
15 30 21190
15 31 8745
15 32 9134
15 33 690
15 34 9901
15 35 6450
15 36 7670
15 37 17771
15 38 17922
15 39 9953
15 40 15233
15 41 12293
15 42 29519
15 43 30405
15 44 28998
15 45 28739
15 46 28298
15 47 22213
15 48 26405
15 49 23297
15 50 25339
15 51 22557
15 52 24206
15 53 30871
15 54 11790
15 55 12700
15 56 6464
15 57 11127
15 58 9912
15 59 9237
15 60 5242
15 61 8355
15 62 6168
15 63 9054
15 64 8064
15 65 9247
15 66 8557
15 67 12131
15 68 12858
15 69 11684
15 70 21520
15 71 3241
15 72 8506
16 1 -1076
16 2 1981
16 3 12017
16 4 18773
16 5 12767
16 6 2639
16 7 20539
16 8 17532
16 9 14957
16 10 5704
16 11 -8653
16 12 -29
16 13 375
16 14 6056
16 15 3516
16 17 -387
16 18 3234
16 19 3579
16 20 22522
16 21 24287
16 22 26540
16 23 22439
16 24 22266
16 25 23524
16 26 23633
16 27 25999
16 28 26362
16 29 23452
16 30 24481
16 31 12199
16 32 12717
16 33 3881
16 34 13603
16 35 9170
16 36 10684
16 37 21330
16 38 21509
16 39 14055
16 40 18867
16 41 16264
16 42 33472
16 43 34375
16 44 32981
16 45 32806
16 46 32297
16 47 26262
16 48 30465
16 49 27372
16 50 29422
16 51 26651
16 52 28327
16 53 34883
16 54 15627
16 55 16592
16 56 10536
16 57 15215
16 58 14032
16 59 13354
16 60 9347
16 61 12469
16 62 10206
16 63 13090
16 64 12009
16 65 13197
16 66 12422
16 67 16007
16 68 16825
16 69 15176
16 70 25620
16 71 1756
16 72 11133
17 1 -1713
17 2 981
17 3 12579
17 4 19365
17 5 13285
17 6 3142
17 7 21161
17 8 18148
17 9 15557
17 10 6432
17 11 -9310
17 12 385
17 13 -39
17 14 5205
17 15 2555
17 16 22
17 18 2851
17 19 2603
17 20 21895
17 21 23629
17 22 25861
17 23 21742
17 24 21528
17 25 22768
17 26 22916
17 27 25268
17 28 25646
17 29 22800
17 30 23825
17 31 11473
17 32 11958
17 33 3202
17 34 12808
17 35 8604
17 36 10054
17 37 20359
17 38 20535
17 39 13068
17 40 17889
17 41 15387
17 42 32605
17 43 33502
17 44 32102
17 45 31887
17 46 31411
17 47 25353
17 48 29549
17 49 26448
17 50 28494
17 51 25716
17 52 27366
17 53 33992
17 54 14795
17 55 15742
17 56 9613
17 57 14282
17 58 13056
17 59 12375
17 60 8403
17 61 11517
17 62 9210
17 63 12092
17 64 11009
17 65 12197
17 66 11424
17 67 15009
17 68 15825
17 69 14211
17 70 24680
17 71 2139
17 72 10640
18 1 -2319
18 2 4064
18 3 9796
18 4 16565
18 5 10243
18 6 1931
18 7 18554
18 8 15560
18 9 12593
18 10 5570
18 11 -12074
18 12 4802
18 13 4346
18 14 2466
18 15 4492
18 16 5730
18 17 4938
18 19 3865
18 20 16062
18 21 17898
18 22 20214
18 23 16201
18 24 16211
18 25 17553
18 26 17475
18 27 19854
18 28 20166
18 29 17061
18 30 18091
18 31 6361
18 32 7048
18 33 -1895
18 34 8248
18 35 2776
18 36 4526
18 37 20838
18 38 20902
18 39 11099
18 40 18059
18 41 11347
18 42 28145
18 43 29103
18 44 27773
18 45 28007
18 46 27143
18 47 21408
18 48 25662
18 49 22732
18 50 24834
18 51 22190
18 52 24175
18 53 29782
18 54 10386
18 55 11468
18 56 6381
18 57 11127
18 58 11116
18 59 10426
18 60 5918
18 61 9066
18 62 8348
18 63 11137
18 64 10671
18 65 11727
18 66 11156
18 67 14630
18 68 14913
18 69 14945
18 70 21206
18 71 431
18 72 4457
19 1 -2491
19 2 -605
19 3 14479
19 4 21309
19 5 15027
19 6 5365
19 7 23221
19 8 20204
19 9 17452
19 10 9155
19 11 -11148
19 12 3971
19 13 2961
19 14 1600
19 15 393
19 16 4121
19 17 2736
19 18 1911
19 20 18814
19 21 20402
19 22 22555
19 23 18397
19 24 18032
19 25 19203
19 26 19490
19 27 21761
19 28 22201
19 29 19617
19 30 20619
19 31 8179
19 32 8504
19 33 307
19 34 9222
19 35 6241
19 36 7334
19 37 16831
19 38 16976
19 39 8962
19 40 14277
19 41 11451
19 42 28672
19 43 29549
19 44 28136
19 45 27830
19 46 27428
19 47 21315
19 48 25500
19 49 22383
19 50 24419
19 51 21629
19 52 23247
19 53 29993
19 54 11026
19 55 11905
19 56 5561
19 57 10210
19 58 8934
19 59 8255
19 60 4314
19 61 7412
19 62 5168
19 63 8054
19 64 7071
19 65 8252
19 66 7571
19 67 11144
19 68 11861
19 69 10761
19 70 20586
19 71 4033
19 72 8200
20 1 13890
20 2 19076
20 3 19705
20 4 24983
20 5 19987
20 6 17564
20 7 27156
20 8 24606
20 9 19011
20 10 19470
20 11 3494
20 12 21643
20 13 20984
20 14 14119
20 15 19641
20 16 22453
20 17 21417
20 18 13497
20 19 18203
20 21 986
20 22 3426
20 23 633
20 24 1789
20 25 3157
20 26 2036
20 27 3398
20 28 3687
20 29 369
20 30 1222
20 31 9041
20 32 8353
20 33 7583
20 34 10772
20 35 12624
20 36 12860
20 37 23513
20 38 22990
20 39 10344
20 40 19050
20 41 6249
20 42 14023
20 43 15051
20 44 14114
20 45 15398
20 46 13536
20 47 9348
20 48 13580
20 49 12109
20 50 14104
20 51 12281
20 52 13467
20 53 16223
20 54 8039
20 55 8099
20 56 6381
20 57 10169
20 58 14747
20 59 13057
20 60 11016
20 61 13010
20 62 14285
20 63 16083
20 64 17120
20 65 17225
20 66 15417
20 67 18083
20 68 16264
20 69 18874
20 70 11152
20 71 16240
20 72 348
21 1 17353
21 2 22394
21 3 23033
21 4 28114
21 5 23325
21 6 21170
21 7 30283
21 8 27797
21 9 21813
21 10 23026
21 11 6950
21 12 25144
21 13 24456
21 14 17410
21 15 22994
21 16 25929
21 17 24862
21 18 17044
21 19 21502
21 20 2697
21 22 -46
21 23 1559
21 24 2183
21 25 2808
21 26 1874
21 27 -47
21 28 362
21 29 2197
21 30 400
21 31 12346
21 32 11542
21 33 11011
21 34 13894
21 35 16141
21 36 16333
21 37 24922
21 38 24266
21 39 11849
21 40 20062
21 41 8074
21 42 11359
21 43 12362
21 44 11630
21 45 13114
21 46 11012
21 47 7520
21 48 11661
21 49 10945
21 50 12793
21 51 11313
21 52 11649
21 53 13666
21 54 10689
21 55 10501
21 56 8699
21 57 12269
21 58 17178
21 59 15320
21 60 13786
21 61 15631
21 62 16815
21 63 18470
21 64 19625
21 65 19593
21 66 17486
21 67 20002
21 68 17850
21 69 20549
21 70 10030
21 71 19844
21 72 3936
22 1 18026
22 2 22981
22 3 24010
22 4 29109
22 5 24301
22 6 22008
22 7 31278
22 8 28789
22 9 22811
22 10 23937
22 11 7622
22 12 25841
22 13 25134
22 14 17994
22 15 23600
22 16 26608
22 17 25520
22 18 17786
22 19 22081
22 20 3563
22 21 -1620
22 23 2003
22 24 2306
22 25 2685
22 26 2036
22 27 -1023
22 28 -638
22 29 2975
22 30 1222
22 31 12958
22 32 12105
22 33 11674
22 34 14424
22 35 16862
22 36 17025
22 37 24823
22 38 24127
22 39 11820
22 40 19847
22 41 8209
22 42 10392
22 43 11389
22 44 10686
22 45 12191
22 46 10060
22 47 6689
22 48 10807
22 49 10259
22 50 12067
22 51 10665
22 52 10794
22 53 12707
22 54 11067
22 55 10804
22 56 8941
22 57 12445
22 58 17434
22 59 15521
22 60 14162
22 61 15956
22 62 17093
22 63 18701
22 64 19890
22 65 19813
22 66 17604
22 67 20073
22 68 17825
22 69 20529
22 70 9342
22 71 20670
22 72 4820
23 1 14480
23 2 19382
23 3 21547
23 4 26964
23 5 21821
23 6 18756
23 7 29138
23 8 26549
23 9 21131
23 10 20961
23 11 4075
23 12 22316
23 13 21588
23 14 14395
23 15 20009
23 16 23064
23 17 21958
23 18 14330
23 19 18480
23 20 1327
23 21 542
23 22 2560
23 24 -403
23 25 921
23 26 -126
23 27 2065
23 28 2362
23 29 783
23 30 986
23 31 9375
23 32 8504
23 33 8124
23 34 10819
23 35 13383
23 36 13508
23 37 22104
23 38 21509
23 39 8962
23 40 17439
23 41 5029
23 42 11990
23 43 13020
23 44 12019
23 45 13238
23 46 11447
23 47 7131
23 48 11370
23 49 9879
23 50 11869
23 51 10066
23 52 11239
23 53 14139
23 54 7528
23 55 7345
23 56 5561
23 57 9172
23 58 14032
23 59 12199
23 60 10626
23 61 12469
23 62 13660
23 63 15333
23 64 16473
23 65 16460
23 66 14419
23 67 16978
23 68 14942
23 69 17620
23 70 8926
23 71 17385
23 72 1886
24 1 14530
24 2 19241
24 3 22448
24 4 27981
24 5 22719
24 6 19190
24 7 30154
24 8 27532
24 9 22279
24 10 21593
24 11 4129
24 12 22402
24 13 21633
24 14 14273
24 15 19911
24 16 23105
24 17 21958
24 18 14554
24 19 18329
24 20 2697
24 21 1380
24 22 3077
24 23 -189
24 25 -315
24 26 -126
24 27 1925
24 28 2362
24 29 2197
24 30 2148
24 31 9375
24 32 8403
24 33 8195
24 34 10632
24 35 13592
24 36 13655
24 37 20956
24 38 20326
24 39 7858
24 40 16192
24 41 4100
24 42 11032
24 43 12058
24 44 10981
24 45 12092
24 46 10411
24 47 5884
24 48 10138
24 49 8513
24 50 10519
24 51 8676
24 52 9954
24 53 13106
24 54 7046
24 55 6715
24 56 4821
24 57 8325
24 58 13315
24 59 11399
24 60 10114
24 61 11868
24 62 12979
24 63 14578
24 64 15772
24 65 15689
24 66 13508
24 67 16007
24 68 13856
24 69 16553
24 70 7550
24 71 17792
24 72 2695
25 1 15297
25 2 19913
25 3 23445
25 4 28980
25 5 23716
25 6 20097
25 7 31154
25 8 28532
25 9 23265
25 10 22550
25 11 4899
25 12 23178
25 13 22392
25 14 14965
25 15 20606
25 16 23861
25 17 22696
25 18 15394
25 19 18998
25 20 3563
25 21 1503
25 22 2954
25 23 633
25 24 -817
25 26 288
25 27 1257
25 28 1834
25 29 2975
25 30 2592
25 31 10147
25 32 9134
25 33 8982
25 34 11316
25 35 14434
25 36 14476
25 37 20838
25 38 20161
25 39 7820
25 40 15939
25 41 4309
25 42 10035
25 43 11062
25 44 9981
25 45 11101
25 46 9411
25 47 4922
25 48 9171
25 49 7651
25 50 9635
25 51 7859
25 52 9014
25 53 12106
25 54 7586
25 55 7161
25 56 5151
25 57 8567
25 58 13642
25 59 11658
25 60 10590
25 61 12284
25 62 13323
25 63 14865
25 64 16097
25 65 15960
25 66 13654
25 67 16095
25 68 13825
25 69 16529
25 70 6705
25 71 18690
25 72 3690
26 1 15199
26 2 20004
26 3 22540
26 4 27964
26 5 22815
26 6 19638
26 7 30138
26 8 27549
26 9 22120
26 10 21904
26 11 4795
26 12 23054
26 13 22306
26 14 15023
26 15 20653
26 16 23781
26 17 22655
26 18 15127
26 19 19096
26 20 2253
26 21 380
26 22 2116
26 23 -603
26 24 -817
26 25 99
26 27 1257
26 28 1605
26 29 1605
26 30 1222
26 31 10059
26 32 9134
26 33 8848
26 34 11404
26 35 14170
26 36 14267
26 37 21947
26 38 21309
26 39 8856
26 40 17156
26 41 5091
26 42 10990
26 43 12020
26 44 11023
26 45 12256
26 46 10449
26 47 6187
26 48 10418
26 49 9034
26 50 11001
26 51 9261
26 52 10311
26 53 13142
26 54 7928
26 55 7643
26 56 5783
26 57 9307
26 58 14274
26 59 12375
26 60 11016
26 61 12796
26 62 13931
26 63 15546
26 64 16729
26 65 16661
26 66 14502
26 67 17006
26 68 14854
26 69 17552
26 70 8095
26 71 18256
26 72 2860
27 1 21588
27 2 26301
27 3 28131
27 4 33192
27 5 28422
27 6 25948
27 7 35360
27 8 32887
27 9 26767
27 10 28005
27 11 11185
27 12 29451
27 13 28693
27 14 21339
27 15 26979
27 16 30167
27 17 29027
27 18 21526
27 19 25387
27 20 7635
27 21 2479
27 22 3077
27 23 5608
27 24 5254
27 25 5088
27 26 5277
27 28 -402
27 29 6985
27 30 5311
27 31 16437
27 32 15475
27 33 15242
27 34 17694
27 35 20571
27 36 20670
27 37 25820
27 38 24967
27 39 13259
27 40 20371
27 41 10445
27 42 7052
27 43 7964
27 44 7583
27 45 9166
27 46 6845
27 47 4482
27 48 8399
27 49 8987
27 50 10519
27 51 9564
27 52 8205
27 53 9402
27 54 13984
27 55 13521
27 56 11381
27 57 14680
27 58 19839
27 59 17755
27 60 16946
27 61 18591
27 62 19529
27 63 20986
27 64 22268
27 65 22044
27 66 19478
27 67 21782
27 68 19203
27 69 21835
27 70 7971
27 71 24586
27 72 8872
28 1 19440
28 2 24230
28 3 25968
28 4 31100
28 5 26256
28 6 23716
28 7 33270
28 8 30774
28 9 24808
28 10 25775
28 11 9035
28 12 27291
28 13 26547
28 14 19254
28 15 24888
28 16 28022
28 17 26897
28 18 19330
28 19 23319
28 20 5416
28 21 380
28 22 954
28 23 3397
28 24 3183
28 25 3157
28 26 3117
28 27 -2910
28 29 4754
28 30 3109
28 31 14301
28 32 13370
28 33 13087
28 34 15622
28 35 18379
28 36 18493
28 37 24743
28 38 23968
28 39 11937
28 40 19531
28 41 8734
28 42 8477
28 43 9460
28 44 8830
28 45 10375
28 46 8181
28 47 5112
28 48 9171
28 49 9034
28 50 10741
28 51 9521
28 52 9131
28 53 10811
28 54 12022
28 55 11629
28 56 9613
28 57 12993
28 58 18099
28 59 16085
28 60 15056
28 61 16757
28 62 17784
28 63 19302
28 64 20550
28 65 20387
28 66 17978
28 67 20356
28 68 17925
28 69 20609
28 70 8095
28 71 22357
28 72 6640
29 1 14530
29 2 19614
29 3 20692
29 4 25982
29 5 20973
29 6 18403
29 7 28155
29 8 25603
29 9 20003
29 10 20390
29 11 4129
29 12 22316
29 13 21633
29 14 14637
29 15 20202
29 16 23105
29 17 22044
29 18 14218
29 19 18728
29 20 91
29 21 208
29 22 2560
29 23 -189
29 24 1011
29 25 2291
29 26 1110
29 27 2470
29 28 2747
29 30 400
29 31 9562
29 32 8800
29 33 8195
29 34 11182
29 35 13312
29 36 13508
29 37 23280
29 38 22718
29 39 10117
29 40 18704
29 41 6084
29 42 13026
29 43 14053
29 44 13123
29 45 14423
29 46 12544
29 47 8410
29 48 12635
29 49 11255
29 50 13231
29 51 11460
29 52 12542
29 53 15231
29 54 8204
29 55 8154
29 56 6423
29 57 10127
29 58 14847
29 59 13090
29 60 11258
29 61 13186
29 62 14431
29 63 16171
29 64 17257
29 65 17308
29 66 15391
29 67 18004
29 68 16073
29 69 18724
29 70 10310
29 71 17064
29 72 1256
30 1 15941
30 2 21003
30 3 21850
30 4 27033
30 5 22137
30 6 19785
30 7 29205
30 8 26687
30 9 20890
30 10 21703
30 11 5539
30 12 23730
30 13 23044
30 14 16022
30 15 21597
30 16 24517
30 17 23452
30 18 15631
30 19 20113
30 20 1327
30 21 -1206
30 22 1190
30 23 397
30 24 1345
30 25 2291
30 26 1110
30 27 1179
30 28 1485
30 29 783
30 31 10952
30 32 10166
30 33 9602
30 34 12532
30 35 14726
30 36 14920
30 37 24074
30 38 23463
30 39 10945
30 40 19352
30 41 7029
30 42 12143
30 43 13162
30 44 12323
30 45 13722
30 46 11729
30 47 7898
30 48 12087
30 49 11023
30 50 12940
30 51 11313
30 52 12051
30 53 14403
30 54 9424
30 55 9297
30 56 7534
30 57 11165
30 58 15993
30 59 14182
30 60 12509
30 61 14392
30 62 15607
30 63 17302
30 64 18425
30 65 18432
30 66 16416
30 67 18978
30 68 16930
30 69 19612
30 70 10101
30 71 18453
30 72 2584
31 1 3901
31 2 8798
31 3 15021
31 4 21373
31 5 15324
31 6 9273
31 7 23490
31 8 20619
31 9 16823
31 10 12418
31 11 -6500
31 12 11777
31 13 11003
31 14 3825
31 15 9393
31 16 12476
31 17 11341
31 18 4142
31 19 7914
31 20 9387
31 21 10981
31 22 13167
31 23 9027
31 24 8813
31 25 10087
31 26 10188
31 27 12546
31 28 12918
31 29 10186
31 30 11193
31 32 -496
31 33 -2412
31 34 1416
31 35 3293
31 36 3216
31 37 17547
31 38 17387
31 39 5637
31 40 14151
31 41 4029
31 42 20531
31 43 21492
31 44 20171
31 45 20496
31 46 19547
31 47 13898
31 48 18165
31 49 15334
31 50 17450
31 51 14888
31 52 16946
31 53 22193
31 54 2984
31 55 4099
31 56 212
31 57 4835
31 58 6925
31 59 5867
31 60 2083
31 61 4699
31 62 5712
31 63 7998
31 64 8496
31 65 9046
31 66 8053
31 67 11185
31 68 10553
31 69 12172
31 70 13916
31 71 7800
31 72 -277
32 1 4681
32 2 9383
32 3 15990
32 4 22316
32 5 16289
32 6 10249
32 7 24436
32 8 21574
32 9 17721
32 10 13416
32 11 -5708
32 12 12572
32 13 11767
32 14 4397
32 15 10023
32 16 13235
32 17 12067
32 18 5070
32 19 8480
32 20 8940
32 21 10418
32 22 12555
32 23 8397
32 24 8082
32 25 9315
32 26 9504
32 27 11825
32 28 12228
32 29 9665
32 30 10648
32 31 -255
32 33 -1546
32 34 1002
32 35 4269
32 36 4177
32 37 16948
32 38 16752
32 39 4820
32 40 13457
32 41 3029
32 42 19606
32 43 20561
32 44 19229
32 45 19520
32 46 18601
32 47 12921
32 48 17185
32 49 14342
32 50 16456
32 51 13890
32 52 15947
32 53 21242
32 54 1984
32 55 3099
32 56 -619
32 57 3958
32 58 6422
32 59 5268
32 60 1797
32 61 4253
32 62 5414
32 63 7598
32 64 8229
32 65 8684
32 66 7571
32 67 10640
32 68 9867
32 69 11654
32 70 12917
32 71 8773
32 72 -35
33 1 338
33 2 5597
33 3 12838
33 4 19435
33 5 13195
33 6 5981
33 7 21499
33 8 18556
33 9 15213
33 10 9423
33 11 -10067
33 12 8191
33 13 7446
33 14 994
33 15 6101
33 16 8921
33 17 7833
33 18 649
33 19 4805
33 20 12692
33 21 14409
33 22 16646
33 23 12539
33 24 12396
33 25 13685
33 26 13740
33 27 16114
33 28 16467
33 29 13582
33 30 14606
33 31 2351
33 32 2976
33 34 4125
33 35 584
33 36 1054
33 37 18182
33 38 18157
33 39 7469
33 40 15161
33 41 7227
33 42 24070
33 43 25020
33 44 23679
33 45 23885
33 46 23043
33 47 17286
33 48 21539
33 49 18613
33 50 20717
33 51 18083
33 52 20086
33 53 25677
33 54 6264
33 55 7345
33 56 2443
33 57 7182
33 58 7776
33 59 7001
33 60 2529
33 61 5576
33 62 5653
33 63 8274
33 64 8229
33 65 9096
33 66 8433
33 67 11784
33 68 11717
33 69 12500
33 70 17101
33 71 4486
33 72 1886
34 1 4115
34 2 8611
34 3 16255
34 4 22662
34 5 16567
34 6 10073
34 7 24770
34 8 21884
34 9 18168
34 10 13390
34 11 -6248
34 12 12009
34 13 11168
34 14 3651
34 15 9292
34 16 12623
34 17 11419
34 18 4772
34 19 7700
34 20 9861
34 21 11272
34 22 13376
34 23 9214
34 24 8813
34 25 9999
34 26 10276
34 27 12546
34 28 12982
34 29 10549
34 30 11516
34 31 159
34 32 -496
34 33 -1895
34 35 4170
34 36 4054
34 37 16144
34 38 15977
34 39 4254
34 40 12737
34 41 3112
34 42 20014
34 43 20952
34 44 19597
34 45 19763
34 46 18952
34 47 13164
34 48 17416
34 49 14496
34 50 16602
34 51 13984
34 52 16009
34 53 21578
34 54 2146
34 55 3222
34 56 -1147
34 57 3512
34 58 5545
34 59 4460
34 60 821
34 61 3340
34 62 4448
34 63 6670
34 64 7255
34 65 7741
34 66 6687
34 67 9795
34 68 9139
34 69 10793
34 70 13005
34 71 8584
34 72 920
35 1 512
35 2 6227
35 3 11529
35 4 18089
35 5 11874
35 6 5151
35 7 20162
35 8 17230
35 9 13831
35 10 8390
35 11 -9838
35 12 8191
35 13 7563
35 14 2117
35 15 6673
35 16 9022
35 17 8047
35 18 132
35 19 5551
35 20 12545
35 21 14351
35 22 16646
35 23 12610
35 24 12605
35 25 13949
35 26 13874
35 27 16255
35 28 16571
35 29 13511
35 30 14542
35 31 2868
35 32 3603
35 33 -4604
35 34 5002
35 36 1054
35 37 19592
35 38 19564
35 39 8748
35 40 16556
35 41 8074
35 42 24622
35 43 25591
35 44 24279
35 45 24618
35 46 23660
35 47 18019
35 48 22284
35 49 19430
35 50 21543
35 51 18954
35 52 20995
35 53 26309
35 54 7046
35 55 8154
35 56 3601
35 57 8325
35 58 9148
35 59 8353
35 60 3909
35 61 6930
35 62 7067
35 63 9684
35 64 9639
35 65 10511
35 66 9845
35 67 13191
35 68 13089
35 69 13914
35 70 17979
35 71 3677
35 72 1256
36 1 1084
36 2 6525
36 3 12462
36 4 18988
36 5 12797
36 6 6129
36 7 21070
36 8 18148
36 9 14680
36 10 9390
36 11 -9310
36 12 8870
36 13 8181
36 14 1994
36 15 7009
36 16 9652
36 17 8613
36 18 998
36 19 5760
36 20 11897
36 21 13659
36 22 15925
36 23 11851
36 24 11784
36 25 13107
36 26 13087
36 27 15470
36 28 15801
36 29 12823
36 30 13852
36 31 1907
36 32 2627
36 33 -5018
36 34 4002
36 35 170
36 37 18848
36 38 18797
36 39 7820
36 40 15753
36 41 7079
36 42 23688
36 43 24652
36 44 23333
36 45 23642
36 46 22709
36 47 17043
36 48 21306
36 49 18441
36 50 20552
36 51 17959
36 52 19997
36 53 25355
36 54 6055
36 55 7161
36 56 2627
36 57 7347
36 58 8316
36 59 7491
36 60 3101
36 61 6079
36 62 6388
36 63 8953
36 64 9009
36 65 9827
36 66 9119
36 67 12432
36 68 12247
36 69 13221
36 70 16983
36 71 4651
36 72 920
37 1 14379
37 2 15701
37 3 30885
37 4 37625
37 5 31312
37 6 22332
37 7 39635
37 8 36647
37 9 33558
37 10 26170
37 11 4925
37 12 20811
37 13 19842
37 14 14637
37 15 17421
37 16 20609
37 17 19229
37 18 17621
37 19 15568
37 20 22861
37 21 22559
37 22 24034
37 23 20758
37 24 19396
37 25 19780
37 26 21078
37 27 20931
37 28 22362
37 29 22906
37 30 23317
37 31 16549
37 32 15709
37 33 12421
37 34 16403
37 35 19019
37 36 19159
37 38 -52
37 39 3066
37 40 -2648
37 41 11589
37 42 22760
37 43 23186
37 44 21828
37 45 19431
37 46 20670
37 47 14180
37 48 17894
37 49 15305
37 50 16803
37 51 14014
37 52 12444
37 53 22813
37 54 14636
37 55 14331
37 56 6911
37 57 10210
37 58 10344
37 59 8057
37 60 9426
37 61 10910
37 62 7168
37 63 8274
37 64 8443
37 65 7799
37 66 2794
37 67 4635
37 68 3210
37 69 -2471
37 70 12441
37 71 20926
37 72 16964
38 1 15297
38 2 16663
38 3 31733
38 4 38461
38 5 32153
38 6 23244
38 7 40478
38 8 37494
38 9 34369
38 10 27086
38 11 5815
38 12 21775
38 13 20801
38 14 15487
38 15 18367
38 16 21583
38 17 20200
38 18 18480
38 19 16508
38 20 23133
38 21 22698
38 22 24133
38 23 20958
38 24 19561
38 25 19898
38 26 21235
38 27 20873
38 28 22382
38 29 23139
38 30 23501
38 31 17184
38 32 16308
38 33 13191
38 34 17031
38 35 19786
38 36 19903
38 37 743
38 39 3364
38 40 -3648
38 41 11895
38 42 22399
38 43 22790
38 44 21453
38 45 18913
38 46 20258
38 47 13795
38 48 17467
38 49 14980
38 50 16427
38 51 13670
38 52 11775
38 53 22365
38 54 15109
38 55 14751
38 56 7419
38 57 10657
38 58 11028
38 59 8687
38 60 10152
38 61 11596
38 62 7985
38 63 9054
38 64 9305
38 65 8631
38 66 3602
38 67 5381
38 68 3656
38 69 -1471
38 70 12043
38 71 21832
38 72 17494
39 1 10681
39 2 13278
39 3 25457
39 4 31979
39 5 25797
39 6 18135
39 7 34066
39 8 31147
39 9 27579
39 10 21849
39 11 723
39 12 18076
39 13 17072
39 14 10036
39 15 14526
39 16 18257
39 17 16861
39 18 12805
39 19 12622
39 20 14615
39 21 14409
39 22 15954
39 23 12539
39 24 11221
39 25 11685
39 26 12910
39 27 13293
39 28 14479
39 29 14666
39 30 15111
39 31 9562
39 32 8504
39 33 6631
39 34 9436
39 35 13098
39 36 13054
39 37 7989
39 38 7492
39 40 3786
39 41 3354
39 42 16794
39 43 17459
39 44 16010
39 45 14763
39 46 15103
39 47 8624
39 48 12635
39 49 9531
39 50 11381
39 51 8489
39 52 9390
39 53 17491
39 54 6794
39 55 6310
39 56 -619
39 57 2370
39 58 4714
39 59 2057
39 60 3769
39 61 4951
39 62 3493
39 63 4439
39 64 5717
39 65 5028
39 66 1391
39 67 3450
39 68 825
39 69 3529
39 70 7290
39 71 16644
39 72 9260
40 1 17153
40 2 18597
40 3 33453
40 4 40154
40 5 33858
40 6 25086
40 7 42184
40 8 39209
40 9 36014
40 10 28930
40 11 7622
40 12 23710
40 13 22731
40 14 17229
40 15 20274
40 16 23537
40 17 22150
40 18 20233
40 19 18405
40 20 23789
40 21 23090
40 22 24449
40 23 21484
40 24 20023
40 25 20272
40 26 21678
40 27 20873
40 28 22541
40 29 23721
40 30 23986
40 31 18544
40 32 17609
40 33 14791
40 34 18387
40 35 21374
40 36 21455
40 37 2743
40 38 948
40 39 4254
40 41 12681
40 42 21794
40 43 22107
40 44 20821
40 45 17983
40 46 19547
40 47 13164
40 48 16743
40 49 14496
40 50 15831
40 51 13156
40 52 10527
40 53 21578
40 54 16189
40 55 15742
40 56 8594
40 57 11728
40 58 12520
40 59 10099
40 60 11698
40 61 13081
40 62 9698
40 63 10716
40 64 11092
40 65 10377
40 66 5335
40 67 7040
40 68 4896
40 69 529
40 70 11412
40 71 23662
40 72 18640
41 1 9913
41 2 13792
41 3 21850
41 4 28047
41 5 22137
41 6 16155
41 7 30186
41 8 27365
41 9 23222
41 10 19410
41 11 -382
41 12 17759
41 13 16850
41 14 9174
41 15 14657
41 16 18257
41 17 16971
41 18 10844
41 19 12902
41 20 8311
41 21 8425
41 22 10134
41 23 6397
41 24 5254
41 25 5965
41 26 6936
41 27 8270
41 28 9067
41 29 8424
41 30 8986
41 31 5745
41 32 4504
41 33 4180
41 34 6085
41 35 10215
41 36 10104
41 37 14303
41 38 13814
41 39 1145
41 40 10004
41 42 14254
41 43 15145
41 44 13746
41 45 13722
41 46 13063
41 47 7131
41 48 11370
41 49 8415
41 50 10519
41 51 7909
41 52 9954
41 53 15659
41 54 1984
41 55 1099
41 56 -2013
41 57 1289
41 58 6422
41 59 4382
41 60 3769
41 61 5271
41 62 6112
41 63 7598
41 64 8858
41 65 8684
41 66 6441
41 67 8978
41 68 7045
41 69 9671
41 70 6933
41 71 14666
41 72 3640
42 1 25095
42 2 29045
42 3 34489
42 4 39964
42 5 34760
42 6 30716
42 7 42138
42 8 39544
42 9 34025
42 10 33441
42 11 14759
42 12 32971
42 13 32082
42 14 24414
42 15 29922
42 16 33504
42 17 32228
42 18 25681
42 19 28162
42 20 14124
42 21 9749
42 22 10356
42 23 11397
42 24 10225
42 25 9730
42 26 10874
42 27 2916
42 28 6849
42 29 13405
42 30 12139
42 31 20286
42 32 19120
42 33 19062
42 34 21026
42 35 24802
42 36 24752
42 37 23513
42 38 22357
42 39 12624
42 40 17156
42 41 12293
42 43 20
42 44 -19
42 45 1202
42 46 -1175
42 47 -1395
42 48 1769
42 49 4925
42 50 5664
42 51 5475
42 52 528
42 53 1342
42 54 16873
42 55 16099
42 56 12982
42 57 15931
42 58 20974
42 59 18575
42 60 18902
42 61 20269
42 62 20513
42 63 21681
42 64 23051
42 65 22542
42 66 19195
42 67 21182
42 68 18073
42 69 20126
42 70 3168
42 71 29269
42 72 14735
43 1 25986
43 2 29887
43 3 35486
43 4 40964
43 5 35757
43 6 31666
43 7 43138
43 8 40544
43 9 35019
43 10 34415
43 11 15657
43 12 33857
43 13 32961
43 14 25289
43 15 30778
43 16 34377
43 17 33095
43 18 26609
43 19 29009
43 20 15122
43 21 10722
43 22 11323
43 23 12397
43 24 11221
43 25 10727
43 26 11874
43 27 3798
43 28 7802
43 29 14402
43 30 13128
43 31 21217
43 32 20045
43 33 19982
43 34 21934
43 35 25741
43 36 25686
43 37 23909
43 38 22718
43 39 13259
43 40 17439
43 41 13154
43 42 -10
43 44 395
43 45 565
43 46 -1589
43 47 -1046
43 48 1892
43 49 5428
43 50 6047
43 51 5921
43 52 -12
43 53 520
43 54 17772
43 55 16988
43 56 13797
43 57 16728
43 58 21737
43 59 19317
43 60 19720
43 61 21072
43 62 21251
43 63 22399
43 64 23768
43 65 23239
43 66 19822
43 67 21782
43 68 18634
43 69 20589
43 70 3504
43 71 30216
43 72 15731
44 1 24648
44 2 28510
44 3 34425
44 4 39976
44 5 34695
44 6 30413
44 7 42150
44 8 39532
44 9 34144
44 10 33223
44 11 14326
44 12 32512
44 13 31611
44 14 23936
44 15 29410
44 16 33022
44 17 31734
44 18 25318
44 19 27635
44 20 14224
44 21 10029
44 22 10659
44 23 11435
44 24 10183
44 25 9685
44 26 10916
44 27 3456
44 28 7211
44 29 13511
44 30 12328
44 31 19935
44 32 18752
44 33 18680
44 34 20618
44 35 24468
44 36 24406
44 37 22590
44 38 21420
44 39 11849
44 40 16192
44 41 11794
44 42 -10
44 43 434
44 45 565
44 46 -1589
44 47 -2356
44 48 769
44 49 4048
44 50 4724
44 51 4567
44 52 -264
44 53 1106
44 54 16448
44 55 15652
44 56 12409
44 57 15332
44 58 20330
44 59 17906
44 60 18331
44 61 19677
44 62 19840
44 63 20986
44 64 22354
44 65 21824
44 66 18414
44 67 20379
44 68 17241
44 69 19236
44 70 2213
44 71 28957
44 72 14664
45 1 26634
45 2 30183
45 3 37374
45 4 43064
45 5 37642
45 6 32809
45 7 45236
45 8 42576
45 9 37403
45 10 35827
45 11 16366
45 12 34439
45 13 33501
45 14 25851
45 15 31173
45 16 34869
45 17 33541
45 18 27574
45 19 29351
45 20 17530
45 21 13535
45 22 14186
45 23 14676
45 24 13316
45 25 12827
45 26 14171
45 27 7061
45 28 10778
45 29 16833
45 30 15749
45 31 22282
45 32 21065
45 33 20908
45 34 22806
45 35 26829
45 36 26737
45 37 22215
45 38 20902
45 39 12624
45 40 15376
45 41 13792
45 42 3233
45 43 2626
45 44 2587
45 46 239
45 47 -1395
45 48 931
45 49 4925
45 50 5170
45 51 5070
45 52 -3602
45 53 1342
45 54 18631
45 55 17781
45 56 14079
45 57 16915
45 58 21668
45 59 19152
45 60 19957
45 61 21229
45 62 21022
45 63 22076
45 64 23422
45 65 22798
45 66 19063
45 67 20910
45 68 17624
45 69 19130
45 70 2291
45 71 31334
45 72 17661
46 1 25552
46 2 29366
46 3 35424
46 4 40976
46 5 35693
46 6 31371
46 7 43149
46 8 40532
46 9 35135
46 10 34202
46 11 15237
46 12 33409
46 13 32502
46 14 24827
46 15 30280
46 16 33908
46 17 32613
46 18 26258
46 19 28497
46 20 15216
46 21 10981
46 22 11603
46 23 12433
46 24 11183
46 25 10685
46 26 11912
46 27 4288
46 28 8132
46 29 14502
46 30 13304
46 31 20881
46 32 19694
46 33 19614
46 34 21543
46 35 25419
46 36 25352
46 37 23002
46 38 21795
46 39 12512
46 40 16488
46 41 12681
46 42 404
46 43 20
46 44 -19
46 45 -213
46 47 -1912
46 48 931
46 49 4620
46 50 5170
46 51 5070
46 52 -863
46 53 106
46 54 17369
46 55 16563
46 56 13249
46 57 16155
46 58 21115
46 59 18673
46 60 19170
46 61 20501
46 62 20599
46 63 21726
46 64 23092
46 65 22542
46 66 19063
46 67 21001
46 68 17825
46 69 19716
46 70 2596
46 71 29913
46 72 15663
47 1 22538
47 2 26159
47 3 33387
47 4 39159
47 5 33656
47 6 28688
47 7 41328
47 8 38642
47 9 33645
47 10 31726
47 11 12261
47 12 30356
47 13 29424
47 14 21764
47 15 27124
47 16 30802
47 17 29484
47 18 23452
47 19 25313
47 20 13957
47 21 10418
47 22 11161
47 23 11046
47 24 9585
47 25 9125
47 26 10579
47 27 4854
47 28 7992
47 29 13297
47 30 12402
47 31 18161
47 32 16943
47 33 16786
47 34 18684
47 35 22707
47 36 22615
47 37 19441
47 38 18261
47 39 8962
47 40 13034
47 41 9678
47 42 3113
47 43 3492
47 44 2143
47 45 1082
47 46 1017
47 48 -1231
47 49 1045
47 50 1575
47 51 1465
47 52 -1366
47 53 3349
47 54 14508
47 55 13659
47 56 10033
47 57 12892
47 58 17742
47 59 15262
47 60 15933
47 61 17226
47 62 17168
47 63 18263
47 64 19625
47 65 19046
47 66 15496
47 67 17417
47 68 14226
47 69 16120
47 70 -950
47 71 27211
47 72 13740
48 1 23473
48 2 27050
48 3 34387
48 4 40154
48 5 34655
48 6 29665
48 7 42324
48 8 39639
48 9 34626
48 10 32718
48 11 13204
48 12 31282
48 13 30346
48 14 22692
48 15 28029
48 16 31718
48 17 30393
48 18 24419
48 19 26211
48 20 14902
48 21 11272
48 22 11992
48 23 11998
48 24 10552
48 25 10087
48 26 11523
48 27 5484
48 28 8764
48 29 14235
48 30 13304
48 31 19141
48 32 17920
48 33 17752
48 34 19649
48 35 23685
48 36 23591
48 37 19868
48 38 18646
48 39 9686
48 40 13326
48 41 10630
48 42 2990
48 43 3143
48 44 1981
48 45 121
48 46 573
48 47 -4518
48 49 1823
48 50 2167
48 51 2102
48 52 -2243
48 53 2712
48 54 15476
48 55 14623
48 56 10934
48 57 13779
48 58 18582
48 59 16085
48 60 16823
48 61 18103
48 62 17977
48 63 19054
48 64 20410
48 65 19813
48 66 16190
48 67 18083
48 68 14854
48 69 16624
48 70 -506
48 71 28188
48 72 14735
49 1 19979
49 2 23476
49 3 31499
49 4 37423
49 5 31770
49 6 26345
49 7 39585
49 8 36851
49 9 32139
49 10 29518
49 11 9732
49 12 27763
49 13 26818
49 14 19184
49 15 24473
49 16 28177
49 17 26844
49 18 21041
49 19 22646
49 20 12983
49 21 10108
49 22 10996
49 23 10059
49 24 8479
49 25 8119
49 26 9691
49 27 5624
49 28 8179
49 29 12407
49 30 11792
49 31 15862
49 32 14629
49 33 14378
49 34 16281
49 35 20383
49 36 20278
49 37 16831
49 38 15711
49 39 6134
49 40 10631
49 41 7227
49 42 5698
49 43 6231
49 44 4812
49 45 3667
49 46 3814
49 47 -2690
49 48 1375
49 50 339
49 51 -1141
49 52 -12
49 53 6177
49 54 12137
49 55 11265
49 56 7381
49 57 10210
49 58 14978
49 59 12479
49 60 13251
49 61 14520
49 62 14373
49 63 15455
49 64 16813
49 65 16226
49 66 12670
49 67 14598
49 68 11426
49 69 13418
49 70 -2698
49 71 24859
49 72 12079
50 1 20930
50 2 24382
50 3 32495
50 4 38411
50 5 32767
50 6 27332
50 7 40575
50 8 37843
50 9 33108
50 10 30515
50 11 10690
50 12 28703
50 13 27753
50 14 20130
50 15 25393
50 16 29105
50 17 27768
50 18 22021
50 19 23560
50 20 13856
50 21 10834
50 22 11682
50 23 10927
50 24 9363
50 25 8981
50 26 10536
50 27 6034
50 28 8764
50 29 13261
50 30 12587
50 31 16856
50 32 15621
50 33 15360
50 34 17265
50 35 21374
50 36 21267
50 37 17207
50 38 16036
50 39 6862
50 40 10844
50 41 8209
50 42 5315
50 43 5728
50 44 4366
50 45 2790
50 46 3242
50 47 -3282
50 48 597
50 49 -783
50 51 -727
50 52 -1003
50 53 5509
50 54 13126
50 55 12252
50 56 8309
50 57 11127
50 58 15839
50 59 13321
50 60 14162
50 61 15421
50 62 15196
50 63 16259
50 64 17610
50 65 17001
50 66 13362
50 67 15257
50 68 12038
50 69 13887
50 70 -3112
50 71 25845
50 72 13056
51 1 19681
51 2 23061
51 3 31596
51 4 37587
51 5 31870
51 6 26196
51 7 39746
51 8 36991
51 9 32397
51 10 29447
51 11 9460
51 12 27431
51 13 26475
51 14 18875
51 15 24091
51 16 27814
51 17 26470
51 18 20857
51 19 22250
51 20 13513
51 21 10834
51 22 11760
51 23 10604
51 24 9000
51 25 8685
51 26 10276
51 27 6559
51 28 9024
51 29 12970
51 30 12440
51 31 15774
51 32 14535
51 33 14206
51 34 16127
51 35 20265
51 36 20154
51 37 15898
51 38 14759
51 39 5450
51 40 9649
51 41 7079
51 42 6606
51 43 7082
51 44 5689
51 45 4170
51 46 4622
51 47 -1912
51 48 2012
51 49 -783
51 50 753
51 52 -74
51 53 6916
51 54 12022
51 55 11141
51 56 7030
51 57 9832
51 58 14479
51 59 11949
51 60 12853
51 61 14100
51 62 13811
51 63 14865
51 64 16214
51 65 15598
51 66 11947
51 67 13844
51 68 10631
51 69 12529
51 70 -3112
51 71 24706
51 72 12322
52 1 27438
52 2 30554
52 3 39555
52 4 45482
52 5 39828
52 6 34141
52 7 47646
52 8 44913
52 9 40147
52 10 37436
52 11 17265
52 12 35110
52 13 34132
52 14 26630
52 15 31673
52 16 35423
52 17 34053
52 18 28775
52 19 29801
52 20 20632
52 21 17103
52 22 17822
52 23 17710
52 24 16211
52 25 15773
52 26 17259
52 27 11133
52 28 14567
52 29 19985
52 30 19111
52 31 23765
52 32 22525
52 33 22142
52 34 24085
52 35 28239
52 36 28125
52 37 20261
52 38 18797
52 39 12284
52 40 12953
52 41 15057
52 42 7592
52 43 7082
52 44 6791
52 45 1431
52 46 4622
52 47 1190
52 48 3600
52 49 6279
52 50 6410
52 51 5859
52 53 5814
52 54 20008
52 55 19124
52 56 14777
52 57 17543
52 58 21850
52 59 19247
52 60 20468
52 61 21672
52 62 20938
52 63 21901
52 64 23175
52 65 22456
52 66 18345
52 67 20073
52 68 16693
52 69 17461
52 70 2888
52 71 32647
52 72 20116
53 1 26461
53 2 30230
53 3 36423
53 4 41975
53 5 36692
53 6 32332
53 7 44149
53 8 41532
53 9 36128
53 10 35182
53 11 16153
53 12 34312
53 13 33399
53 14 25725
53 15 31158
53 16 34799
53 17 33499
53 18 27202
53 19 29367
53 20 16208
53 21 11940
53 22 12555
53 23 13430
53 24 12183
53 25 11685
53 26 12910
53 27 5150
53 28 9067
53 29 15494
53 30 14283
53 31 21832
53 32 20640
53 33 20553
53 34 22474
53 35 26373
53 36 26303
53 37 23450
53 38 22207
53 39 13205
53 40 16824
53 41 13582
53 42 1226
53 43 434
53 44 981
53 45 -805
53 46 -1589
53 47 -1275
53 48 1375
53 49 5288
53 50 5742
53 51 5669
53 52 -1366
53 54 18297
53 55 17484
53 56 14104
53 57 16995
53 58 21918
53 59 19458
53 60 20022
53 61 21340
53 62 21375
53 63 22485
53 64 23848
53 65 23280
53 66 19736
53 67 21650
53 68 18441
53 69 20227
53 70 3099
53 71 30871
53 72 16662
54 1 7211
54 2 11435
54 3 18911
54 4 25167
54 5 19203
54 6 13194
54 7 27298
54 8 24458
54 9 20450
54 10 16413
54 11 -3130
54 12 15096
54 13 14225
54 14 6596
54 15 12199
54 16 15665
54 17 14424
54 18 7928
54 19 10522
54 20 8146
54 21 9085
54 22 11037
54 23 6941
54 24 6245
54 25 7287
54 26 7818
54 27 9854
54 28 10400
54 29 8589
54 30 9426
54 31 2745
54 32 1504
54 33 1262
54 34 3164
54 35 7232
54 36 7125
54 37 15395
54 38 15073
54 39 2630
54 40 11557
54 41 29
54 42 16879
54 43 17808
54 44 16445
54 45 16606
54 46 15796
54 47 10006
54 48 14261
54 49 11370
54 50 13481
54 51 10897
54 52 12950
54 53 18419
54 55 99
54 56 -2457
54 57 1733
54 58 5714
54 59 4140
54 60 2083
54 61 3967
54 62 5230
54 63 7054
54 64 8064
54 65 8197
54 66 6589
54 67 9418
54 68 8121
54 69 10395
54 70 9924
54 71 11710
54 72 1450
55 1 8097
55 2 12194
55 3 19889
55 4 26124
55 5 20179
55 6 14179
55 7 28258
55 8 25425
55 9 21369
55 10 17412
55 11 -2227
55 12 15971
55 13 15086
55 14 7428
55 15 12994
55 16 16515
55 17 15256
55 18 8895
55 19 11286
55 20 8091
55 21 8782
55 22 10659
55 23 6643
55 24 5799
55 25 6747
55 26 7418
55 27 9276
55 28 9892
55 29 8424
55 30 9184
55 31 3745
55 32 2504
55 33 2228
55 34 4125
55 35 8225
55 36 8116
55 37 14975
55 38 14600
55 39 2031
55 40 10995
55 41 -971
55 42 15990
55 43 16909
55 44 15534
55 45 15641
55 46 14875
55 47 9042
55 48 13293
55 49 10383
55 50 12492
55 51 9901
55 52 11951
55 53 17491
55 54 -16
55 56 -2619
55 57 1289
55 58 5797
55 59 4057
55 60 2529
55 61 4253
55 62 5414
55 63 7116
55 64 8229
55 65 8252
55 66 6441
55 67 9176
55 68 7674
55 69 10089
55 70 8926
55 71 12694
55 72 2125
56 1 7050
56 2 10511
56 3 20672
56 4 27119
56 5 20994
56 6 13931
56 7 29221
56 8 26324
56 9 22640
56 10 17477
56 11 -3130
56 12 14782
56 13 13827
56 14 6240
56 15 11476
56 16 15177
56 17 13845
56 18 8526
56 19 9660
56 20 11091
56 21 11698
56 22 13514
56 23 9577
56 24 8623
56 25 9455
56 26 10276
56 27 11854
56 28 12594
56 29 11411
56 30 12139
56 31 4576
56 32 3504
56 33 2044
56 34 4474
56 35 8390
56 36 8300
56 37 12273
56 38 11986
56 39 -180
56 40 8565
56 41 635
56 42 17591
56 43 18436
56 44 17009
56 45 16657
56 46 16279
56 47 10134
56 48 14322
56 49 11217
56 50 13267
56 51 10508
56 52 12322
56 53 18829
56 54 2146
56 55 2099
56 57 -873
56 58 2876
56 59 1057
56 60 304
56 61 1696
56 62 2553
56 63 4153
56 64 5334
56 65 5280
56 66 3462
56 67 6258
56 68 5036
56 69 7234
56 70 9489
56 71 12431
56 72 4457
57 1 8023
57 2 11397
57 3 21623
57 4 28047
57 5 21940
57 6 14931
57 7 30154
57 8 27264
57 9 23531
57 10 18473
57 11 -2144
57 12 15734
57 13 14772
57 14 7214
57 15 12393
57 16 16110
57 17 14768
57 18 9526
57 19 10563
57 20 11133
57 21 11522
57 22 13272
57 23 9442
57 24 8381
57 25 9125
57 26 10054
57 27 11407
57 28 12228
57 29 11369
57 30 12024
57 31 5453
57 32 4335
57 33 3037
57 34 5387
57 35 9368
57 36 9274
57 37 11826
57 38 11478
57 39 -937
57 40 7953
57 41 191
57 42 16794
57 43 17621
57 44 16186
57 45 15747
57 46 15439
57 47 9247
57 48 13421
57 49 10300
57 50 12339
57 51 9564
57 52 11342
57 53 17974
57 54 2590
57 55 2261
57 56 -4619
57 58 3320
57 59 1219
57 60 1170
57 61 2474
57 62 2999
57 63 4439
57 64 5717
57 65 5522
57 66 3391
57 67 6049
57 68 4533
57 69 6931
57 70 8537
57 71 13431
57 72 5042
58 1 5681
58 2 8421
58 3 20869
58 4 27494
58 5 21239
58 6 13194
58 7 29552
58 8 26601
58 9 23265
58 10 16951
58 11 -4260
58 12 13113
58 13 12114
58 14 5065
58 15 9591
58 16 13340
58 17 11955
58 18 7928
58 19 7700
58 20 14124
58 21 14844
58 22 16674
58 23 12715
58 24 11784
58 25 12613
58 26 13434
58 27 14979
58 28 15747
58 29 14502
58 30 15265
58 31 5956
58 32 5212
58 33 2044
58 34 5833
58 35 8604
58 36 8656
58 37 10373
58 38 10262
58 39 -180
58 40 7158
58 41 3737
58 42 20250
58 43 21043
58 44 19597
58 45 18913
58 46 18812
58 47 12510
58 48 16637
58 49 13481
58 50 15464
58 51 12624
58 52 14062
58 53 21310
58 54 4984
58 55 5182
58 56 -2457
58 57 1733
58 59 -943
58 60 -1066
58 61 282
58 62 -596
58 63 1054
58 64 2171
58 65 2197
58 66 863
58 67 3978
58 68 3656
58 69 4963
58 70 11540
58 71 11710
58 72 6640
59 1 6681
59 2 9383
59 3 21775
59 4 28378
59 5 22137
59 6 14179
59 7 30443
59 8 27499
59 9 24113
59 10 17927
59 11 -3265
59 12 14104
59 13 13103
59 14 6056
59 15 10573
59 16 14319
59 17 12931
59 18 8895
59 19 8678
59 20 14091
59 21 14643
59 22 16418
59 23 12539
59 24 11525
59 25 12286
59 26 13192
59 27 14552
59 28 15390
59 29 14402
59 30 15111
59 31 6555
59 32 5715
59 33 2926
59 34 6405
59 35 9466
59 36 9488
59 37 9743
59 38 9578
59 39 -1180
59 40 6394
59 41 3354
59 42 19508
59 43 20280
59 44 18830
59 45 18054
59 46 18027
59 47 11687
59 48 15797
59 49 12639
59 50 14603
59 51 11751
59 52 13116
59 53 20507
59 54 5067
59 55 5099
59 56 -2619
59 57 1289
59 58 714
59 60 -140
59 61 1104
59 62 -4
59 63 1290
59 64 2615
59 65 2359
59 66 514
59 67 3450
59 68 2825
59 69 4473
59 70 10653
59 71 12694
59 72 7056
60 1 3736
60 2 6925
60 3 18633
60 4 25259
60 5 19003
60 6 11064
60 7 27316
60 8 24365
60 9 21041
60 10 14786
60 11 -6310
60 12 11340
60 13 10363
60 14 2994
60 15 7937
60 16 11671
60 17 10318
60 18 5746
60 19 6096
60 20 13409
60 21 14468
60 22 16418
60 23 12325
60 24 11599
60 25 12577
60 26 13192
60 27 15102
60 28 15720
60 29 13929
60 30 14797
60 31 4130
60 32 3603
60 33 -187
60 34 4125
60 35 6381
60 36 6457
60 37 12471
60 38 12402
60 39 1891
60 40 9352
60 41 4100
60 42 21194
60 43 22042
60 44 20614
60 45 20218
60 46 19883
60 47 13717
60 48 17894
60 49 14770
60 50 16803
60 51 14014
60 52 15696
60 53 22430
60 54 4369
60 55 4930
60 56 -2013
60 57 2599
60 58 1950
60 59 1219
60 61 -132
60 62 330
60 63 2660
60 64 3132
60 65 3669
60 66 2794
60 67 6049
60 68 5887
60 69 6931
60 70 12976
60 71 9573
60 72 5042
61 1 4731
61 2 7830
61 3 19540
61 4 26142
61 5 19901
61 6 12056
61 7 28207
61 8 25263
61 9 21886
61 10 15768
61 11 -5310
61 12 12313
61 13 11330
61 14 3994
61 15 8880
61 16 12623
61 17 11262
61 18 6724
61 19 7024
61 20 13233
61 21 14143
61 22 16042
61 23 11998
61 24 11183
61 25 12101
61 26 12802
61 27 14577
61 28 15251
61 29 13687
61 30 14510
61 31 4576
61 32 3889
61 33 690
61 34 4474
61 35 7232
61 36 7265
61 37 11785
61 38 11676
61 39 903
61 40 8565
61 41 3432
61 42 20391
61 43 21224
61 44 19790
61 45 19320
61 46 19044
61 47 12840
61 48 17004
61 49 13869
61 50 15892
61 51 13091
61 52 14730
61 53 21578
61 54 4083
61 55 4484
61 56 -2791
61 57 1733
61 58 1128
61 59 293
61 60 -2302
61 62 168
61 63 2216
61 64 3009
61 65 3320
61 66 2222
61 67 5381
61 68 5036
61 69 6346
61 70 12043
61 71 10564
61 72 5345
62 1 4879
62 2 7036
62 3 20928
62 4 27646
62 5 21340
62 6 12694
62 7 29667
62 8 26687
62 9 23559
62 10 16526
62 11 -4823
62 12 11971
62 13 10961
62 14 4702
62 15 8393
62 16 12060
62 17 10655
62 18 7706
62 19 6480
62 20 16208
62 21 17027
62 22 18879
62 23 14889
62 24 13994
62 25 14840
62 26 15637
62 27 17215
62 28 17978
62 29 16632
62 30 17425
62 31 7289
62 32 6750
62 33 2467
62 34 7282
62 35 9069
62 36 9274
62 37 9743
62 38 9765
62 39 1145
62 40 6882
62 41 5973
62 42 22335
62 43 23103
62 44 21653
62 45 20813
62 46 20842
62 47 14482
62 48 18578
62 49 15422
62 50 17367
62 51 14502
62 52 15696
62 53 23313
62 54 7046
62 55 7345
62 56 -234
62 57 3958
62 58 1950
62 59 885
62 60 -140
62 61 1868
62 63 54
62 64 9
62 65 611
62 66 -3
62 67 3450
62 68 3908
62 69 4014
62 70 13381
62 71 11242
62 72 8200
63 1 5861
63 2 8031
63 3 21794
63 4 28493
63 5 22196
63 6 13651
63 7 30523
63 8 27549
63 9 24374
63 10 17477
63 11 -3870
63 12 12971
63 13 11961
63 14 5610
63 15 9393
63 16 13058
63 17 11651
63 18 8609
63 19 7480
63 20 16120
63 21 16796
63 22 18601
63 23 14676
63 24 13707
63 25 14496
63 26 15366
63 27 16786
63 28 17610
63 29 16486
63 30 17234
63 31 7689
63 32 7048
63 33 3202
63 34 7618
63 35 9800
63 36 9953
63 37 8963
63 38 8948
63 39 205
63 40 6014
63 41 5573
63 42 21617
63 43 22365
63 44 20913
63 45 19981
63 46 20083
63 47 13691
63 48 17769
63 49 14618
63 50 16544
63 51 13670
63 52 14773
63 53 22537
63 54 6984
63 55 7161
63 56 -520
63 57 3512
63 58 1714
63 59 293
63 60 304
63 61 2030
63 62 -1832
63 64 423
63 65 197
63 66 -781
63 67 2584
63 68 2924
63 69 3339
63 70 12531
63 71 12194
63 72 8506
64 1 5121
64 2 6981
64 3 21451
64 4 28196
64 5 21881
64 6 13019
64 7 30202
64 8 27214
64 9 24155
64 10 16862
64 11 -4461
64 12 12009
64 13 11003
64 14 5205
64 15 8448
64 16 12022
64 17 10613
64 18 8188
64 19 6542
64 20 17202
64 21 17996
64 22 19835
64 23 15861
64 24 14946
64 25 15773
64 26 16594
64 27 18113
64 28 18903
64 29 17617
64 30 18402
64 31 8232
64 32 7724
64 33 3202
64 34 8248
64 35 9800
64 36 10054
64 37 9177
64 38 9244
64 39 1528
64 40 6435
64 41 6878
64 42 23032
64 43 23779
64 44 22326
64 45 21372
64 46 21494
64 47 15098
64 48 19170
64 49 16021
64 50 17940
64 51 15064
64 52 16092
64 53 23945
64 54 8039
64 55 8319
64 56 706
64 57 4835
64 58 2876
64 59 1663
64 60 821
64 61 2868
64 62 -1832
64 63 468
64 65 197
64 66 -447
64 67 3101
64 68 3825
64 69 3339
64 70 13916
64 71 11586
64 72 9164
65 1 6083
65 2 7981
65 3 22300
65 4 29028
65 5 22719
65 6 13959
65 7 31044
65 8 28061
65 9 24956
65 10 17799
65 11 -3540
65 12 13007
65 13 11999
65 14 6056
65 15 9443
65 16 13022
65 17 11613
65 18 9056
65 19 7535
65 20 17119
65 21 17776
65 22 19570
65 23 15660
65 24 14675
65 25 15448
65 26 16338
65 27 17701
65 28 18552
65 29 17480
65 30 18221
65 31 8594
65 32 7991
65 33 3881
65 34 8546
65 35 10484
65 36 10684
65 37 8345
65 38 8382
65 39 651
65 40 5532
65 41 6516
65 42 22335
65 43 23062
65 44 21608
65 45 20560
65 46 20756
65 47 14331
65 48 18385
65 49 15246
65 50 17143
65 51 14260
65 52 15185
65 53 23189
65 54 7984
65 55 8154
65 56 464
65 57 4452
65 58 2714
65 59 1219
65 60 1170
65 61 2991
65 62 -1418
65 63 54
65 64 9
65 66 -1373
65 67 2140
65 68 2825
65 69 2600
65 70 13093
65 71 12519
65 72 9451
66 1 8282
66 2 10023
66 3 24529
66 4 31251
66 5 24944
66 6 16179
66 7 33270
66 8 30289
66 9 27162
66 10 20022
66 11 -1310
66 12 15096
66 13 14094
66 14 8290
66 15 11559
66 16 15053
66 17 13646
66 18 11291
66 19 9660
66 20 18117
66 21 18475
66 22 20167
66 23 16425
66 24 15300
66 25 15948
66 26 16985
66 27 17941
66 28 18949
66 29 18369
66 30 19011
66 31 10407
66 32 9684
66 33 6024
66 34 10298
66 35 12624
66 36 12782
66 37 6146
66 38 6159
66 39 -180
66 40 3296
66 41 7079
66 42 21794
66 43 22451
66 44 21004
66 45 19631
66 46 20083
66 47 13587
66 48 17568
66 49 14496
66 50 16310
66 51 13415
66 52 13880
66 53 22451
66 54 9182
66 55 9149
66 56 1452
66 57 5127
66 58 4186
66 59 2180
66 60 3101
66 61 4699
66 62 774
66 63 1882
66 64 2171
66 65 1433
66 67 -22
66 68 987
66 69 529
66 70 12167
66 71 14744
66 72 11104
67 1 9241
67 2 11019
67 3 25391
67 4 32096
67 5 25797
67 6 17121
67 7 34124
67 8 31147
67 9 27978
67 10 20961
67 11 -382
67 12 16088
67 13 15086
67 14 9174
67 15 12546
67 16 16051
67 17 14644
67 18 12178
67 19 10646
67 20 18196
67 21 18404
67 22 20049
67 23 16397
67 24 15212
67 25 15802
67 26 16902
67 27 17658
67 28 18740
67 29 18395
67 30 18986
67 31 10952
67 32 10166
67 33 6788
67 34 10819
67 35 13383
67 36 13508
67 37 5400
67 38 5351
67 39 -708
67 40 2414
67 41 7029
67 42 21194
67 43 21824
67 44 20382
67 45 18891
67 46 19434
67 47 12921
67 48 16874
67 49 13837
67 50 15618
67 51 12725
67 52 13021
67 53 21778
67 54 9424
67 55 9297
67 56 1661
67 57 5198
67 58 4714
67 59 2529
67 60 3769
67 61 5271
67 62 1640
67 63 2660
67 64 3132
67 65 2359
67 66 -2609
67 68 61
67 69 1
67 70 11444
67 71 15679
67 72 11529
68 1 10960
68 2 12981
68 3 26679
68 4 33319
68 5 27056
68 6 18735
68 7 35373
68 8 32418
68 9 29094
68 10 22550
68 11 1214
68 12 17997
68 13 16989
68 14 10643
68 15 14426
68 16 18022
68 17 16613
68 18 13614
68 19 12516
68 20 17530
68 21 17405
68 22 18954
68 23 15514
68 24 14214
68 25 14685
68 26 15903
68 27 16232
68 28 17462
68 29 17617
68 30 18091
68 31 11473
68 32 10546
68 33 7874
68 34 11316
68 35 14434
68 36 14476
68 37 5128
68 38 4779
68 39 -2180
68 40 1423
68 41 6249
68 42 19238
68 43 19829
68 44 18397
68 45 16758
68 46 17411
68 47 10883
68 48 14798
68 49 11818
68 50 13552
68 51 10665
68 52 10794
68 53 19722
68 54 9280
68 55 8948
68 56 1592
68 57 4835
68 58 5545
68 59 3057
68 60 4760
68 61 6079
68 62 3251
68 63 4153
68 64 5009
68 65 4197
68 66 -447
68 67 1214
68 69 529
68 70 9342
68 71 17271
68 72 11668
69 1 12570
69 2 13792
69 3 29212
69 4 35977
69 5 29657
69 6 20528
69 7 37971
69 8 34975
69 9 31958
69 10 24357
69 11 3183
69 12 18896
69 13 17935
69 14 12994
69 15 15548
69 16 18669
69 17 17295
69 18 15942
69 19 13712
69 20 22436
69 21 22400
69 22 23954
69 23 20488
69 24 19207
69 25 19685
69 26 20897
69 27 21160
69 28 22442
69 29 22564
69 30 23069
69 31 15388
69 32 14629
69 33 10953
69 34 15266
69 35 17555
69 36 17746
69 37 1743
69 38 1948
69 39 2820
69 40 -648
69 41 11171
69 42 23587
69 43 24080
69 44 22688
69 45 20560
69 46 21598
69 47 15073
69 48 18864
69 49 16106
69 50 17697
69 51 14859
69 52 13858
69 53 23804
69 54 13850
69 55 13659
69 56 6086
69 57 9529
69 58 9148
69 59 7001
69 60 8100
69 61 9685
69 62 5653
69 63 6864
69 64 6819
69 65 6268
69 66 1391
69 67 3450
69 68 2825
69 70 13381
69 71 19138
69 72 16001
70 1 20643
70 2 23981
70 3 32590
70 4 38572
70 5 32864
70 6 27188
70 7 40731
70 8 37979
70 9 33361
70 10 30446
70 11 10429
70 12 28382
70 13 27421
70 14 19834
70 15 25025
70 16 28754
70 17 27405
70 18 21844
70 19 23178
70 20 14355
70 21 11522
70 22 12408
70 23 11435
70 24 9845
70 25 9502
70 26 11081
70 27 6937
70 28 9569
70 29 13791
70 30 13199
70 31 16773
70 32 15533
70 33 15195
70 34 17119
70 35 21261
70 36 21149
70 37 16296
70 38 15103
70 39 6222
70 40 9876
70 41 8074
70 42 6270
70 43 6636
70 44 5306
70 45 3362
70 46 4119
70 47 -2356
70 48 1375
70 49 -369
70 50 339
70 51 -1141
70 52 -1074
70 53 6317
70 54 13020
70 55 12137
70 56 7982
70 57 10776
70 58 15366
70 59 12822
70 60 13786
70 61 15023
70 62 14661
70 63 15697
70 64 17037
70 65 16402
70 66 12670
70 67 14534
70 68 11279
70 69 13022
70 71 25696
70 72 13287
71 1 512
71 2 6466
71 3 6004
71 4 12830
71 5 6642
71 6 -3069
71 7 14694
71 8 11674
71 9 9014
71 10 715
71 11 -7985
71 12 4356
71 13 4792
71 14 7214
71 15 7203
71 16 5347
71 17 5321
71 18 1526
71 19 7082
71 20 19900
71 21 21793
71 22 24193
71 23 20351
71 24 20544
71 25 21944
71 26 21699
71 27 24009
71 28 24288
71 29 21002
71 30 22008
71 31 11114
71 32 11846
71 33 3037
71 34 13155
71 35 7416
71 36 9274
71 37 25238
71 38 25349
71 39 16033
71 40 22583
71 41 16264
71 42 32828
71 43 33805
71 44 32507
71 45 32862
71 46 31893
71 47 26262
71 48 30526
71 49 27645
71 50 29753
71 51 27134
71 52 29142
71 53 34546
71 54 15263
71 55 16362
71 56 11381
71 57 16127
71 58 15993
71 59 15320
71 60 10840
71 61 14001
71 62 12979
71 63 15817
71 64 15164
71 65 16285
71 66 15704
71 67 19226
71 68 19665
71 69 19236
71 70 26153
71 72 7853
END
NODE_CONSUMPTION
0 1 7063
0 2 51
0 3 23
0 4 3074
0 5 349
0 6 1047
0 7 698
0 8 3001
0 9 31
0 10 1135
0 11 21611
0 12 57
0 13 51
0 14 551
0 15 179
0 16 6
0 17 528
0 18 2832
0 19 1514
0 20 889
0 21 2554
0 22 1215
0 23 1810
0 24 3050
0 25 4
0 26 1563
0 27 741
0 28 1532
0 29 709
0 30 1022
0 31 883
0 32 1689
0 33 10235
0 34 29
0 35 2894
0 36 450
0 37 411
0 38 207
0 39 496
0 40 1021
0 41 117
0 42 46
0 43 8
0 44 18
0 45 561
0 46 1877
0 47 3542
0 48 801
0 49 967
0 50 62
0 51 1366
0 52 230
0 53 4
0 54 12
0 55 145
0 56 7149
0 57 2250
0 58 383
0 59 134
0 60 1947
0 61 182
0 62 3934
0 63 468
0 64 18
0 65 133
0 66 2340
0 67 754
0 68 1264
0 69 806
0 70 3665
0 71 2452
END
