NAME : ./data/ESPPRC - Test Instances/P-n76-k4_b.simplified-vrp
SIZE : 77
DIRECTED : 1
CYCLIC : 1
ORIGIN : 0
DESTINATION : 76
RESOURCES : 1
RES_NAMES : 0
RES_TYPE
0 CAP
END
RES_BOUND
0 0 350
END
EDGE_COST
0 1 16351
0 2 8121
0 3 14460
0 4 4187
0 5 18514
0 6 4671
0 7 7054
0 8 8947
0 9 16535
0 10 21360
0 11 20371
0 12 6226
0 13 18888
0 14 19041
0 15 19022
0 16 12496
0 17 4187
0 18 26581
0 19 17332
0 20 28399
0 21 18751
0 22 21397
0 23 22150
0 24 20712
0 25 23947
0 26 3210
0 27 9257
0 28 18953
0 29 12870
0 30 6856
0 31 13130
0 32 15822
0 33 11785
0 34 8646
0 35 14297
0 36 26771
0 37 26771
0 38 18739
0 39 17925
0 40 8258
0 41 33294
0 42 33179
0 43 26795
0 44 15432
0 45 10808
0 46 7922
0 47 23463
0 48 14499
0 49 20838
0 50 23353
0 51 6186
0 52 9475
0 53 17048
0 54 13717
0 55 26690
0 56 25200
0 57 19997
0 58 14046
0 59 19521
0 60 37389
0 61 19848
0 62 15597
0 63 16599
0 64 23992
0 65 26299
0 66 27442
0 67 4896
0 68 5932
0 69 26687
0 70 35845
0 71 36284
0 72 16579
0 73 17876
0 74 14184
0 75 2496
1 2 8121
1 3 17835
1 4 23536
1 5 26575
1 6 11730
1 7 32510
1 8 33360
1 9 30150
1 10 42899
1 11 45419
1 12 25923
1 13 38386
1 14 44389
1 15 31869
1 16 7116
1 17 20722
1 18 28096
1 19 41630
1 20 36350
1 21 15226
1 22 832
1 23 3295
1 24 13383
1 25 33002
1 26 27737
1 27 28216
1 28 8756
1 29 24696
1 30 13916
1 31 30767
1 32 24618
1 33 2043
1 34 31933
1 35 39547
1 36 27841
1 37 33394
1 38 42419
1 39 34397
1 40 23236
1 41 8239
1 42 7740
1 43 1613
1 44 20835
1 45 25786
1 46 31970
1 47 25399
1 48 19902
1 49 11635
1 50 28384
1 51 13526
1 52 31110
1 53 42480
1 54 35545
1 55 33741
1 56 4317
1 57 35109
1 58 36094
1 59 44883
1 60 39817
1 61 6874
1 62 1482
1 63 2484
1 64 -635
1 65 50246
1 66 52240
1 67 29991
1 68 18068
1 69 22611
1 70 40788
1 71 37178
1 72 36125
1 73 2645
1 74 12295
1 75 22927
1 76 6796
2 1 5455
2 3 19020
2 4 9844
2 5 13439
2 6 3995
2 7 20697
2 8 20006
2 9 27416
2 10 35560
2 11 34598
2 12 19163
2 13 23841
2 14 31698
2 15 17896
2 16 11108
2 17 14373
2 18 32056
2 19 27982
2 20 23940
2 21 6720
2 22 7384
2 23 15845
2 24 21191
2 25 33190
2 26 17743
2 27 13718
2 28 4488
2 29 10431
2 30 -462
2 31 26271
2 32 24032
2 33 4421
2 34 18445
2 35 26879
2 36 17748
2 37 21156
2 38 33298
2 39 30089
2 40 18855
2 41 22691
2 42 21297
2 43 16095
2 44 21443
2 45 11226
2 46 18674
2 47 14341
2 48 6883
2 49 19600
2 50 30291
2 51 9906
2 52 16966
2 53 30735
2 54 21136
2 55 35372
2 56 18055
2 57 20836
2 58 28280
2 59 32092
2 60 29731
2 61 5614
2 62 1721
2 63 10730
2 64 10678
2 65 40850
2 66 41774
2 67 17869
2 68 5932
2 69 15401
2 70 29600
2 71 27604
2 72 29978
2 73 6480
2 74 1395
2 75 11201
2 76 -4100
3 1 13917
3 2 17768
3 4 23116
3 5 35716
3 6 11730
3 7 22340
3 8 27136
3 9 7800
3 10 23680
3 11 30662
3 12 9375
3 13 38529
3 14 33958
3 15 37884
3 16 2080
3 17 8167
3 18 7974
3 19 35033
3 20 46273
3 21 30864
3 22 23371
3 23 10488
3 24 1718
3 25 10121
3 26 17152
3 27 28837
3 28 26640
3 29 30790
3 30 21607
3 31 8595
3 32 1680
3 33 10744
3 34 28074
3 35 30635
3 36 41769
3 37 43959
3 38 25235
3 39 13057
3 40 4412
3 41 26470
3 42 28685
3 43 21381
3 44 -2184
3 45 29316
3 46 26892
3 47 38262
3 48 30008
3 49 4169
3 50 6201
3 51 5141
3 52 29067
3 53 30432
3 54 32872
3 55 11577
3 56 13038
3 57 39358
3 58 18253
3 59 33657
3 60 53536
3 61 27399
3 62 19807
3 63 9271
3 64 21427
3 65 32964
3 66 36207
3 67 23698
3 68 19461
3 69 39544
3 70 52872
3 71 51631
3 72 16481
3 73 19100
3 74 25585
3 75 20112
3 76 987
4 1 17315
4 2 6289
4 3 20813
4 5 11542
4 6 7493
4 7 8723
4 8 7278
4 9 23544
4 10 26761
4 11 22839
4 12 13011
4 13 13327
4 14 19041
4 15 12067
4 16 17101
4 17 11125
4 18 33372
4 19 15324
4 20 21327
4 21 13479
4 22 20052
4 23 25478
4 24 26409
4 25 31016
4 26 8832
4 27 3152
4 28 15909
4 29 5833
4 30 1758
4 31 19346
4 32 22824
4 33 13906
4 34 5717
4 35 14297
4 36 20236
4 37 19755
4 38 22877
4 39 24719
4 40 15329
4 41 34649
4 42 33730
4 43 28026
4 44 22111
4 45 3737
4 46 5962
4 47 17153
4 48 8201
4 49 25903
4 50 30291
4 51 11633
4 52 4820
4 53 18542
4 54 9502
4 55 33761
4 56 28300
4 57 13360
4 58 19541
4 59 19390
4 60 30481
4 61 15978
4 62 14449
4 63 19733
4 64 23406
4 65 30031
4 66 30104
4 67 6511
4 68 5932
4 69 20725
4 70 28819
4 71 29565
4 72 22889
4 73 18355
4 74 9995
4 75 4881
4 76 -11589
5 1 23956
5 2 13486
5 3 37015
5 4 15144
5 6 21528
5 7 23326
5 8 18136
5 9 41534
5 10 43744
5 11 36216
5 12 31035
5 13 12880
5 14 28894
5 15 -119
5 16 30657
5 17 28683
5 18 50107
5 19 22785
5 20 4159
5 21 4494
5 22 20816
5 23 35486
5 24 40802
5 25 48843
5 26 26657
5 27 7102
5 28 14834
5 29 1139
5 30 5954
5 31 36948
5 32 40287
5 33 24345
5 34 19262
5 35 26269
5 36 3715
5 37 1826
5 38 38503
5 39 42734
5 40 33167
5 41 40164
5 42 37557
5 43 33918
5 44 38861
5 45 7846
5 46 19103
5 47 3608
5 48 954
5 49 39382
5 50 47485
5 51 27343
5 52 13361
5 53 31376
5 54 10885
5 55 51532
5 56 37292
5 57 4026
5 58 36766
5 59 27589
5 60 12480
5 61 9215
5 62 18236
5 63 30639
5 64 23700
5 65 44925
5 66 43245
5 67 23677
5 68 20053
5 69 6087
5 70 10893
5 71 11983
5 72 40684
5 73 25544
5 74 9184
5 75 22168
5 76 6340
6 1 7174
6 2 2105
6 3 11092
6 4 9158
6 5 19591
6 7 16257
6 8 17733
6 9 18896
6 10 28117
6 11 29229
6 12 11260
6 13 25344
6 14 28252
6 15 22495
6 16 5246
6 17 6125
6 18 24253
6 19 26125
6 20 30217
6 21 15163
6 22 13119
6 23 13569
6 24 15090
6 25 24705
6 26 11549
6 27 15102
6 28 12549
6 29 15047
6 30 5344
6 31 18070
6 32 15572
6 33 2583
6 34 16674
6 35 23472
6 36 25555
6 37 27770
6 38 26741
6 39 21737
6 40 10395
6 41 24078
6 42 24017
6 43 17577
6 44 13255
6 45 14130
6 46 16440
6 47 22032
6 48 13732
6 49 14145
6 50 22096
6 51 1544
6 52 16711
6 53 26204
6 54 21411
6 55 26984
6 56 16498
6 57 24576
6 58 20972
6 59 28736
6 60 37261
6 61 13774
6 62 7554
6 63 7839
6 64 15112
6 65 34488
6 66 36151
6 67 13933
6 68 3751
6 69 23806
6 70 36626
6 71 35408
6 72 22040
6 73 8922
6 74 9836
6 75 7112
6 76 -9440
7 1 30493
7 2 21346
7 3 24241
7 4 12927
7 5 23928
7 6 18796
7 8 207
7 9 18566
7 10 14228
7 11 7027
7 12 9176
7 13 15536
7 14 5130
7 15 20455
7 16 25282
7 17 14153
7 18 33132
7 19 6089
7 20 31024
7 21 28939
7 22 35085
7 23 35542
7 24 31142
7 25 26552
7 26 6976
7 27 9865
7 28 31600
7 29 18514
7 30 17538
7 31 8224
7 32 21778
7 33 25871
7 34 8646
7 35 1269
7 36 33865
7 37 31156
7 38 8092
7 39 17925
7 40 14116
7 41 47388
7 42 47320
7 43 40916
7 44 23885
7 45 16666
7 46 4804
7 47 31537
7 48 22952
7 49 32617
7 50 29182
7 51 18848
7 52 7982
7 53 2978
7 54 5933
7 55 28985
7 56 38644
7 57 19278
7 58 8188
7 59 5515
7 60 42205
7 61 31788
7 62 29292
7 63 30294
7 64 37989
7 65 14676
7 66 14294
7 67 8945
7 68 19461
7 69 35324
7 70 39558
7 71 42350
7 72 13991
7 73 31973
7 74 25807
7 75 15897
7 76 -4518
8 1 31119
8 2 20431
8 3 28813
8 4 11258
8 5 18514
8 6 20048
8 7 -17
8 9 25136
8 10 21167
8 11 11216
8 12 15024
8 13 8534
8 14 5130
8 15 13955
8 16 28251
8 17 18148
8 18 38992
8 19 1539
8 20 24523
8 21 25294
8 22 34169
8 23 37935
8 24 35618
8 25 33190
8 26 11163
8 27 4102
8 28 29666
8 29 13666
8 30 15010
8 31 15227
8 32 27574
8 33 27102
8 34 5717
8 35 1269
8 36 28679
8 37 25169
8 38 14285
8 39 24719
8 40 19611
8 41 48372
8 42 47716
8 43 41777
8 44 28948
8 45 12477
8 46 1742
8 47 26951
8 48 18883
8 49 36333
8 50 35156
8 51 21824
8 52 2404
8 53 6376
8 54 -653
8 55 35742
8 56 40962
8 57 12410
8 58 15259
8 59 5309
8 60 36098
8 61 28996
8 62 28591
8 63 32317
8 64 37549
8 65 20171
8 66 18281
8 67 9951
8 68 19461
8 69 30628
8 70 33215
8 71 36659
8 72 20963
8 73 32260
8 74 23339
8 75 16496
8 76 -2849
9 1 28111
9 2 28043
9 3 9679
9 4 27726
9 5 42114
9 6 21413
9 7 18544
9 8 25338
9 10 11012
9 11 20830
9 12 6185
9 13 39594
9 14 27294
9 15 42029
9 16 16617
9 17 12678
9 18 8958
9 19 31566
9 20 51837
9 21 40852
9 22 36983
9 23 25203
9 24 12415
9 25 1001
9 26 16976
9 27 31390
9 28 38370
9 29 36443
9 30 29659
9 31 -6258
9 32 829
9 33 23981
9 34 29256
9 35 26633
9 36 50101
9 37 50361
9 38 13949
9 39 -313
9 40 3965
9 41 41331
9 42 43435
9 43 36136
9 44 6899
9 45 34309
9 46 26974
9 47 46657
9 48 37792
9 49 18006
9 50 5073
9 51 15365
9 52 30333
9 53 23445
9 54 31475
9 55 3680
9 56 27484
9 57 42267
9 58 8082
9 59 25385
9 60 60973
9 61 39549
9 62 32441
9 63 23852
9 64 36089
9 65 21077
9 66 24822
9 67 25006
9 68 27288
9 69 49332
9 70 59429
9 71 59744
9 72 5018
9 73 32274
9 74 35621
9 75 25573
9 76 4941
10 1 38434
10 2 33761
10 3 23133
10 4 28517
10 5 41898
10 6 28208
10 7 11780
10 8 18943
10 9 8586
10 11 6249
10 12 9954
10 13 34340
10 14 15008
10 15 39232
10 16 28591
10 17 19212
10 18 24268
10 19 22348
10 20 49767
10 21 44607
10 22 45801
10 23 38567
10 24 27800
10 25 13792
10 26 17152
10 27 28443
10 28 44687
10 29 36192
10 30 32650
10 31 -10524
10 32 15822
10 33 33541
10 34 26503
10 35 18201
10 36 51388
10 37 49536
10 38 -1187
10 39 7226
10 40 12984
10 41 53495
10 42 54807
10 43 47678
10 44 20989
10 45 34029
10 46 23143
10 47 48508
10 48 39589
10 49 32365
10 50 20597
10 51 24296
10 52 26638
10 53 11869
10 54 23495
10 55 14529
10 56 41301
10 57 38144
10 58 46
10 59 11169
10 60 60605
10 61 45747
10 62 40310
10 63 35421
10 64 46904
10 65 5446
10 66 9235
10 67 24026
10 68 31713
10 69 52125
10 70 58175
10 71 60350
10 72 3773
10 73 41226
10 74 40184
10 75 28496
10 76 7340
11 1 45098
11 2 36943
11 3 34259
11 4 28739
11 5 38514
11 6 33464
11 7 8723
11 8 13136
11 9 22548
11 10 10393
11 12 18556
11 13 27133
11 14 1868
11 15 33412
11 16 37768
11 17 26539
11 18 38567
11 19 12308
11 20 43802
11 21 44607
11 22 50523
11 23 48254
11 24 40378
11 25 28718
11 26 20728
11 27 24102
11 28 47362
11 29 33546
11 30 33342
11 31 2423
11 32 28732
11 33 40209
11 34 24141
11 35 11269
11 36 48674
11 37 45004
11 38 -125
11 39 21059
11 40 23271
11 41 61503
11 42 61925
11 43 55213
11 44 32829
11 45 32021
11 46 20087
11 47 46786
11 48 38436
11 49 43541
11 50 34671
11 51 31911
11 52 22352
11 53 2376
11 54 13531
11 55 29541
11 56 51291
11 57 31113
11 58 9857
11 59 -3865
11 60 55782
11 61 47598
11 62 44714
11 63 43735
11 64 53091
11 65 1747
11 66 -1513
11 67 24591
11 68 34887
11 69 50529
11 70 52666
11 71 56592
11 72 16579
11 73 46909
11 74 41618
11 75 31261
11 76 10495
12 1 22675
12 2 18581
12 3 10045
12 4 15984
12 5 30406
12 6 12568
12 7 7945
12 8 14017
12 9 4976
12 10 11171
12 11 15629
12 13 27712
12 14 18897
12 15 30003
12 16 13598
12 17 3405
12 18 18171
12 19 21089
12 20 39899
12 21 30507
12 22 30034
12 23 24007
12 24 16696
12 25 12909
12 26 4937
12 27 19351
12 28 29438
12 29 24663
12 30 18787
12 31 1340
12 32 6771
12 33 17751
12 34 17247
12 35 16294
12 36 38853
12 37 38584
12 38 11022
12 39 5860
12 40 -785
12 41 38108
12 42 39169
12 43 32121
12 44 9134
12 45 22473
12 46 15100
12 47 35537
12 48 26579
12 49 19187
12 50 14287
12 51 8557
12 52 18355
12 53 15257
12 54 20224
12 55 15665
12 56 26987
12 57 30238
12 58 4342
12 59 18438
12 60 49349
12 61 30625
12 62 24637
12 63 20045
12 64 31140
12 65 18883
12 66 21621
12 67 12965
12 68 16900
12 69 38660
12 70 47623
12 71 48343
12 72 4963
12 73 25420
12 74 25585
12 75 14362
12 76 -6577
13 1 32954
13 2 21075
13 3 37015
13 4 14116
13 5 10067
13 6 24468
13 7 12121
13 8 5343
13 9 36201
13 10 33373
13 11 22022
13 12 25528
13 14 13238
13 15 2819
13 16 34092
13 17 26489
13 18 48704
13 19 6923
13 20 13007
13 21 19881
13 22 33173
13 23 42243
13 24 43155
13 25 44240
13 26 20834
13 27 173
13 28 27453
13 29 7885
13 30 13562
13 31 27422
13 32 37481
13 33 30478
13 34 11646
13 35 12822
13 36 19914
13 37 14855
13 38 26251
13 39 36172
13 40 29457
13 41 50200
13 42 48588
13 43 43608
13 44 37828
13 45 9666
13 46 9780
13 47 19861
13 48 13682
13 49 42857
13 50 45149
13 51 28383
13 52 3877
13 53 17463
13 54 -5492
13 55 46946
13 56 44924
13 57 363
13 58 27348
13 59 11185
13 60 25186
13 61 24563
13 62 28577
13 63 36535
13 64 36738
13 65 31676
13 66 28543
13 67 17896
13 68 22735
13 69 22566
13 70 21909
13 71 26609
13 72 32760
13 73 33948
13 74 20811
13 75 21587
13 76 3901
14 1 44046
14 2 34021
14 3 37533
14 4 24919
14 5 31170
14 6 32465
14 7 6804
14 8 7028
14 9 28990
14 10 19130
14 11 1846
14 12 21802
14 13 18327
14 15 24819
14 16 39145
14 17 27905
14 18 44704
14 19 2923
14 20 34815
14 21 38995
14 22 47834
14 23 49434
14 24 44330
14 25 36246
14 26 20834
14 27 17144
14 28 43530
14 29 27004
14 30 28897
14 31 12381
14 32 33818
14 33 39588
14 34 19455
14 35 6168
14 36 41341
14 37 36803
14 38 9306
14 39 27704
14 40 26873
14 41 61090
14 42 60812
14 43 54571
14 44 36792
14 45 26213
14 46 15343
14 47 40218
14 48 32509
14 49 46255
14 50 40682
14 51 32731
14 52 15949
14 53 1376
14 54 3461
14 55 37864
14 56 52536
14 57 21969
14 58 16250
14 59 -8268
14 60 47160
14 61 42859
14 62 42154
14 63 44168
14 64 51073
14 65 12368
14 66 7018
14 67 22183
14 68 32593
14 69 43666
14 70 43777
14 71 48545
14 72 23129
14 73 45364
14 74 37230
14 75 29228
14 76 9143
15 1 30945
15 2 19638
15 3 40878
15 4 17364
15 5 1576
15 6 26127
15 7 21548
15 8 15272
15 9 43144
15 10 42773
15 11 32809
15 12 32327
15 13 7327
15 14 24238
15 16 35800
15 17 31353
15 18 53606
15 19 17923
15 20 2399
15 21 12551
15 22 28626
15 23 41922
15 24 45765
15 25 50913
15 26 27541
15 27 5309
15 28 22598
15 29 4629
15 30 11643
15 31 36561
15 32 43024
15 33 30327
15 34 18646
15 35 23195
15 36 9790
15 37 3975
15 38 36411
15 39 43730
15 40 35347
15 41 47547
15 42 45162
15 43 41176
15 44 42324
15 45 10082
15 46 17837
15 47 11537
15 48 8201
15 49 44690
15 50 50530
15 51 31390
15 52 11458
15 53 28110
15 54 4418
15 55 53690
15 56 44047
15 57 -3938
15 58 36236
15 59 21894
15 60 14222
15 61 17237
15 62 25485
15 63 36664
15 64 31675
15 65 42215
15 66 39467
15 67 24270
15 68 24284
15 69 12648
15 70 11106
15 71 15694
15 72 40963
15 73 32260
15 74 16545
15 75 25050
15 76 8543
16 1 4931
16 2 11589
16 3 3813
16 4 21137
16 5 31091
16 6 7617
16 7 25114
16 8 28307
16 9 16471
16 10 30871
16 11 35904
16 12 14661
16 13 37339
16 14 37303
16 15 34539
16 17 10547
16 18 15019
16 19 36643
16 20 41719
16 21 23983
16 22 14520
16 23 3571
16 24 3228
16 25 18989
16 26 19488
16 27 27161
16 28 18851
16 29 27004
16 30 16704
16 31 17253
16 32 10647
16 33 2583
16 34 27921
16 35 33039
16 36 35677
16 37 39049
16 38 31512
16 39 21196
16 40 10759
16 41 18083
16 42 19914
16 43 12625
16 44 6816
16 45 26280
16 46 27336
16 47 32342
16 48 24770
16 49 1987
16 50 14552
16 51 3685
16 52 28394
16 53 34338
16 54 32969
16 55 19999
16 56 6639
16 57 36730
16 58 24656
16 59 37538
16 60 47722
16 61 19155
16 62 11594
16 63 321
16 64 12555
16 65 39364
16 66 42119
16 67 24250
16 68 15915
16 69 32510
16 70 47614
16 71 45500
16 72 23748
16 73 10676
16 74 19023
16 75 18522
16 76 756
17 1 15492
17 2 11809
17 3 6855
17 4 12116
17 5 26072
17 6 5451
17 7 10940
17 8 15159
17 9 9487
17 10 18447
17 11 21630
17 12 1423
17 13 26691
17 14 23018
17 15 27047
17 16 7502
17 18 18528
17 19 23198
17 20 36227
17 21 24350
17 22 22763
17 23 17968
17 24 13595
17 25 16317
17 26 5373
17 27 17268
17 28 22509
17 29 20604
17 30 13129
17 31 8084
17 32 7831
17 33 10534
17 34 16110
17 35 19073
17 36 33627
17 37 34378
17 38 17890
17 39 11843
17 40 824
17 41 31264
17 42 32096
17 43 25137
17 44 7465
17 45 18689
17 46 14853
17 47 30152
17 48 21342
17 49 14607
17 50 15304
17 51 1544
17 52 17173
17 53 19930
17 54 20830
17 55 18977
17 56 21053
17 57 28054
17 58 11510
17 59 23161
17 60 44728
17 61 23732
17 62 17423
17 63 13343
17 64 23933
17 65 25740
17 66 28085
17 67 11677
17 68 10735
17 69 32787
17 70 43450
17 71 43331
17 72 12088
17 73 18141
17 74 19184
17 75 9395
17 76 -10598
18 1 27296
18 2 33922
18 3 11092
18 4 38793
18 5 51926
18 6 28009
18 7 34349
18 8 40433
18 9 10197
18 10 27933
18 11 38088
18 12 20619
18 13 53336
18 14 44247
18 15 53730
18 16 16404
18 17 22958
18 19 47523
18 20 62432
18 21 46900
18 22 37222
18 23 18836
18 24 729
18 25 2019
18 26 30653
18 27 44092
18 28 42145
18 29 46862
18 30 37881
18 31 5754
18 32 6960
18 33 25887
18 34 42657
18 35 42659
18 36 58016
18 37 60192
18 38 31107
18 39 16942
18 40 15956
18 41 36174
18 42 39536
18 43 32561
18 44 9238
18 45 45215
18 46 41014
18 47 54520
18 48 46285
18 49 11015
18 50 -329
18 51 21390
18 52 43799
18 53 40387
18 54 46606
18 55 -1700
18 56 19183
18 57 54882
18 58 25303
18 59 42624
18 60 69812
18 61 42438
18 62 34913
18 63 22469
18 64 32332
18 65 38000
18 66 41803
18 67 38137
18 68 35666
18 69 55543
18 70 69132
18 71 67880
18 72 22269
18 73 33975
18 74 41692
18 75 35855
18 76 16226
19 1 38602
19 2 27620
19 3 35923
19 4 18517
19 5 22376
19 6 27653
19 7 5078
19 8 752
19 9 30577
19 10 23785
19 11 9601
19 12 21309
19 13 9327
19 14 238
19 15 15819
19 16 35800
19 17 25400
19 18 45295
19 20 25863
19 21 30813
19 22 41193
19 23 45546
19 24 42803
19 25 38465
19 26 18222
19 27 8754
19 28 36307
19 29 18597
19 30 21607
19 31 17795
19 32 33929
19 33 34687
19 34 13068
19 35 3549
19 36 32498
19 37 27816
19 38 15244
19 39 29740
19 40 26178
19 41 55889
19 42 55119
19 43 49283
19 44 35816
19 45 18299
19 46 9272
19 47 31651
19 48 24297
19 49 43757
19 50 41347
19 51 29346
19 52 8139
19 53 5778
19 54 -4700
19 55 40726
19 56 48577
19 57 13032
19 58 19106
19 59 -1009
19 60 38167
19 61 35010
19 62 35757
19 63 39933
19 64 44682
19 65 19736
19 66 15722
19 67 17539
19 68 26954
19 69 34931
19 70 34814
19 71 39564
19 72 25510
19 73 39698
19 74 29793
19 75 24093
19 76 4749
20 1 35616
20 2 25872
20 3 49457
20 4 26814
20 5 6044
20 6 34039
20 7 32307
20 8 26030
20 9 53142
20 10 53498
20 11 43389
20 12 42413
20 13 17705
20 14 34424
20 15 2589
20 16 43170
20 17 40723
20 18 62498
20 19 28157
20 21 13479
20 22 30995
20 23 47519
20 24 53318
20 25 60712
20 26 37735
20 27 15927
20 28 25502
20 29 12870
20 30 18480
20 31 47219
20 32 52414
20 33 36701
20 34 29175
20 35 33912
20 36 6314
20 37 838
20 38 47175
20 39 53976
20 40 45028
20 41 51142
20 42 48110
20 43 45154
20 44 51216
20 45 19293
20 46 28507
20 47 12568
20 48 13196
20 49 51860
20 50 59739
20 51 39795
20 52 22166
20 53 38761
20 54 13717
20 55 63460
20 56 49038
20 57 4857
20 58 46885
20 59 31262
20 60 4320
20 61 16662
20 62 29733
20 63 42941
20 64 32768
20 65 52917
20 66 49901
20 67 34511
20 68 32490
20 69 8192
20 70 614
20 71 7861
20 72 51434
20 73 37522
20 74 20867
20 75 34209
20 76 18110
21 1 14665
21 2 8825
21 3 34221
21 4 19139
21 5 6552
21 6 19158
21 7 30395
21 8 26974
21 9 42330
21 10 48511
21 11 44367
21 12 33194
21 13 24752
21 14 38777
21 15 12914
21 16 25607
21 17 29019
21 18 47139
21 19 33280
21 20 13652
21 22 8983
21 23 27014
21 24 35210
21 25 48411
21 26 30263
21 27 16809
21 28 3925
21 29 9695
21 30 5576
21 31 40349
21 32 39269
21 33 18064
21 34 26305
21 35 34870
21 36 4105
21 37 10880
21 38 44898
21 39 44605
21 40 33676
21 41 29308
21 42 26127
21 43 23541
21 44 36697
21 45 14694
21 46 26575
21 47 2862
21 48 2827
21 49 33375
21 50 45536
21 51 25158
21 52 22259
21 53 39730
21 54 22933
21 55 50634
21 56 27888
21 57 17058
21 58 41216
21 59 38347
21 60 16054
21 61 -3756
21 62 8888
21 63 23649
21 64 11063
21 65 51991
21 66 51622
21 67 28528
21 68 19533
21 69 141
21 70 17175
21 71 13459
21 72 43817
21 73 17508
21 74 2246
21 75 23827
21 76 8635
22 1 744
22 2 9962
22 3 27201
22 4 26185
22 5 23347
22 6 17587
22 7 37014
22 8 36322
22 9 38934
22 10 50178
22 11 50756
22 12 33194
22 13 38517
22 14 48089
22 15 29462
22 16 16617
22 17 27905
22 18 37934
22 19 44133
22 20 31641
22 21 9456
22 23 11978
22 24 23087
22 25 42493
22 26 33376
22 27 28907
22 28 3925
22 29 23500
22 30 13939
22 31 39220
22 32 33818
22 33 9981
22 34 34771
22 35 43280
22 36 21825
22 37 28814
22 38 48822
22 39 42734
22 40 31332
22 41 11619
22 42 8155
22 43 6567
22 44 30171
22 45 26077
22 46 35030
22 47 20620
22 48 17292
22 49 21420
22 50 38056
22 51 21314
22 52 32870
22 53 47073
22 54 36347
22 55 43467
22 56 11362
22 57 33256
22 58 43087
22 59 48459
22 60 33173
22 61 -2179
22 62 1298
22 63 12266
22 64 -5419
22 65 56523
22 66 57855
22 67 34181
22 68 21976
22 69 14956
22 70 34925
22 71 30415
22 72 43817
22 73 8305
22 74 9836
22 75 27281
22 76 11754
23 1 3425
23 2 18641
23 3 14536
23 4 31829
23 5 38235
23 6 18255
23 7 37689
23 8 40306
23 9 27372
23 10 43162
23 11 48705
23 12 27385
23 13 47805
23 14 49907
23 15 42976
23 16 5886
23 17 23328
23 18 19766
23 19 48704
23 20 48383
23 21 27705
23 22 12196
23 24 3100
23 25 27202
23 26 32113
23 27 37509
23 28 21271
23 29 35480
23 30 24600
23 31 28022
23 32 20931
23 33 9014
23 34 39450
23 35 45462
23 36 40280
23 37 45450
23 38 44158
23 39 32780
23 40 23185
23 41 8104
23 42 11670
23 43 5201
23 44 17177
23 45 35717
23 46 39121
23 47 37647
23 48 31539
23 49 2817
23 50 21955
23 51 16236
23 52 39480
23 53 47073
23 54 44187
23 55 26276
23 56 -6131
23 57 45828
23 58 37232
23 59 50218
23 60 52303
23 61 18916
23 62 13852
23 63 3458
23 64 4325
23 65 51991
23 66 54862
23 67 36281
23 68 26111
23 69 35117
23 70 53137
23 71 49685
23 72 35963
23 73 13752
23 74 24267
23 75 29860
23 76 12725
24 1 16702
24 2 27176
24 3 8955
24 4 35949
24 5 46740
24 6 22965
24 7 36478
24 8 41178
24 9 17773
24 10 35584
24 11 44018
24 12 23263
24 13 51906
24 14 47992
24 15 50008
24 16 8732
24 17 22144
24 18 4848
24 19 49150
24 20 57371
24 21 39090
24 22 26494
24 23 6289
24 25 13964
24 26 31259
24 27 41938
24 28 33335
24 29 42535
24 30 32350
24 31 16826
24 32 11646
24 33 17582
24 34 41751
24 35 44777
24 36 51093
24 37 54697
24 38 37954
24 39 24165
24 40 18158
24 41 23535
24 42 27193
24 43 20537
24 44 9682
24 45 41588
24 46 40753
24 47 47850
24 48 40413
24 49 -162
24 50 8935
24 51 17502
24 52 42598
24 53 44376
24 54 46731
24 55 11430
24 56 6066
24 57 51985
24 58 31167
24 59 47510
24 60 63187
24 61 32625
24 62 25763
24 63 12623
24 64 19813
24 65 45450
24 66 49008
24 67 37524
24 68 31225
24 69 47376
24 70 63214
24 71 60864
24 72 28720
24 73 24846
24 74 34408
24 75 33037
24 76 14476
25 1 33192
25 2 36046
25 3 14229
25 4 37427
25 5 51652
25 6 29451
25 7 28759
25 8 35621
25 9 3230
25 10 18447
25 11 29229
25 12 16347
25 13 49862
25 14 36779
25 15 52027
25 16 21364
25 17 21737
25 18 3009
25 19 41683
25 20 61636
25 21 49162
25 22 42771
25 23 27262
25 24 10835
25 26 27127
25 27 41517
25 28 45702
25 29 46093
25 30 38581
25 31 -5539
25 32 5701
25 33 30120
25 34 39450
25 35 36766
25 36 59125
25 37 59947
25 38 21880
25 39 9165
25 40 13221
25 41 44324
25 42 47150
25 43 39916
25 44 11308
25 45 44047
25 46 37239
25 47 55613
25 48 46892
25 49 19243
25 50 1917
25 51 22872
25 52 40555
25 53 33015
25 54 41734
25 55 -6516
25 56 28560
25 57 52424
25 58 17391
25 59 34102
25 60 70339
25 61 46647
25 62 39116
25 63 28370
25 64 40014
25 65 28217
25 66 31999
25 67 35120
25 68 36095
25 69 57800
25 70 69025
25 71 68881
25 72 14402
25 73 38491
25 74 43833
25 75 34964
25 76 14582
26 1 21505
26 2 14177
26 3 14838
26 4 8821
26 5 23044
26 6 9873
26 7 2761
26 8 7172
26 9 12783
26 10 15385
26 11 14817
26 12 1953
26 13 20034
26 14 14945
26 15 22233
26 16 15441
26 17 4371
26 18 25221
26 19 15018
26 20 32237
26 21 24592
26 22 27232
26 23 25751
26 24 21708
26 25 20705
26 27 11541
26 28 25032
26 29 17256
26 30 12638
26 31 7645
26 32 13866
26 33 16653
26 34 9463
26 35 10829
26 36 31940
26 37 31114
26 38 12694
26 39 13368
26 40 5821
26 41 38071
26 42 38341
26 43 31702
26 44 14916
26 45 15024
26 46 7512
26 47 28817
26 48 19845
26 49 22850
26 50 21528
26 51 9033
26 52 10597
26 53 12180
26 54 13174
26 55 23469
26 56 28855
26 57 22429
26 58 8082
26 59 15234
26 60 42007
26 61 25925
26 62 21467
26 63 20639
26 64 29529
26 65 20308
26 66 21736
26 67 5168
26 68 11994
26 69 32277
26 70 40100
26 71 41236
26 72 11195
26 73 23337
26 74 20203
26 75 8551
26 76 -12577
27 1 26009
27 2 14177
27 3 30548
27 4 7166
27 5 7514
27 6 17451
27 7 9675
27 8 4136
27 9 31222
27 10 30701
27 11 22216
27 12 20392
27 13 3398
27 14 15280
27 15 4026
27 16 27139
27 17 20291
27 18 42685
27 19 9575
27 20 14454
27 21 15163
27 22 26788
27 23 35172
27 24 36412
27 25 39120
27 26 15566
27 28 21345
27 29 2975
27 30 6960
27 31 24396
27 32 31697
27 33 23409
27 34 6456
27 35 12269
27 36 17686
27 37 14402
27 38 24798
27 39 31633
27 40 23798
27 41 43298
27 42 41831
27 43 36690
27 44 31586
27 45 3069
27 46 5686
27 47 16184
27 48 8648
27 49 35953
27 50 39322
27 51 21617
27 52 -544
27 53 17376
27 54 590
27 55 41892
27 56 37858
27 57 4026
27 58 24063
27 59 14643
27 60 25443
27 61 19452
27 62 21889
27 63 29466
27 64 30386
27 65 31022
27 66 29260
27 67 12317
27 68 15681
27 69 19738
27 70 22845
27 71 25734
27 72 28765
27 73 26992
27 74 14702
27 75 14793
27 76 -2505
28 1 5213
28 2 3611
28 3 27015
28 4 18587
28 5 13910
28 6 13562
28 7 30074
28 8 28364
28 9 36866
28 10 45609
28 11 44140
28 12 29143
28 13 29342
28 14 40330
28 15 19979
28 16 17493
28 17 24196
28 18 39402
28 19 35792
28 20 22693
28 21 943
28 22 470
28 23 17598
28 24 26473
28 25 41969
28 26 27721
28 27 20009
28 29 14154
28 30 5344
28 31 36155
28 32 32835
28 33 9792
28 34 26948
28 35 35715
28 36 13590
28 37 19775
28 38 43233
28 39 39847
28 40 28482
28 41 20081
28 42 17210
28 43 14140
28 44 29744
28 45 17184
28 46 27271
28 47 11570
28 48 7811
28 49 24595
28 50 38392
28 51 18911
28 52 24402
28 53 39994
28 54 27306
28 55 43770
28 56 18402
28 57 23772
28 58 38329
28 59 40507
28 60 25507
28 61 -4336
28 62 -361
28 63 14756
28 64 3805
28 65 50721
28 66 51373
28 67 27368
28 68 15915
28 69 8533
28 70 26630
28 71 22860
28 72 39963
28 73 8574
28 74 587
28 75 21083
28 76 5855
29 1 21160
29 2 9561
29 3 31172
29 4 8518
29 5 222
29 6 16067
29 7 16995
29 8 12371
29 9 34946
29 10 37121
29 11 30331
29 12 24375
29 13 9781
29 14 23811
29 15 2017
29 16 25653
29 17 22298
29 18 44126
29 19 18089
29 20 10068
29 21 6720
29 22 20052
29 23 31814
29 24 35680
29 25 42367
29 26 19952
29 27 1646
29 28 14161
29 30 1538
29 31 30253
29 32 33979
29 33 20154
29 34 12788
29 35 20456
29 36 9790
29 37 8356
29 38 32124
29 39 36061
29 40 26674
29 41 38059
29 42 36007
29 43 31579
29 44 32829
29 45 1138
29 46 12773
29 47 7717
29 48 286
29 49 34528
29 50 41305
29 51 21561
29 52 7499
29 53 25521
29 54 7911
29 55 45092
29 56 34049
29 57 4857
29 58 30102
29 59 23150
29 60 19182
29 61 11226
29 62 16040
29 63 26487
29 64 23524
29 65 38721
29 66 37478
29 67 16975
29 68 14304
29 69 11415
29 70 17418
29 71 18595
29 72 33976
29 73 22340
29 74 7600
29 75 15775
29 76 -221
30 1 12273
30 2 561
30 3 23882
30 4 6336
30 5 6930
30 6 8257
30 7 17912
30 8 15608
30 9 30055
30 10 35472
30 11 32020
30 12 20392
30 13 17351
30 14 27597
30 15 10924
30 16 17246
30 17 16716
30 18 37038
30 19 22992
30 20 17571
30 21 4494
30 22 12384
30 23 22827
30 24 27388
30 25 36748
30 26 17227
30 27 7524
30 28 7244
30 29 3431
30 31 27442
30 32 27823
30 33 11244
30 34 14298
30 35 23102
30 36 13081
30 37 15003
30 38 32013
30 39 31965
30 40 21411
30 41 29339
30 42 27573
30 43 22798
30 44 25929
30 45 4728
30 46 14631
30 47 9575
30 48 954
30 49 26009
30 50 34708
30 51 14246
30 52 11612
30 53 27618
30 54 15000
30 55 39264
30 56 25052
30 57 13842
30 58 28178
30 59 27717
30 60 24536
30 61 6804
30 62 7554
30 63 17583
30 64 15980
30 65 39229
30 66 39290
30 67 15636
30 68 7254
30 69 12411
30 70 23820
30 71 22860
30 72 30891
30 73 13385
30 74 892
30 75 10898
30 76 -4342
31 1 45640
31 2 43810
31 3 27386
31 4 40440
31 5 54440
31 6 37499
31 7 25114
31 8 32341
31 9 10654
31 10 8814
31 11 17617
31 12 19461
31 13 47727
31 14 27597
31 15 52358
31 16 34311
31 17 28187
31 18 21427
31 19 35696
31 20 62826
31 21 55783
31 22 54181
31 23 42765
31 24 28380
31 25 9144
31 26 28750
31 27 41476
31 28 54571
31 29 48662
31 30 43958
31 32 18316
31 33 41246
31 34 39352
31 35 31653
31 36 63558
31 37 62298
31 38 10681
31 39 11595
31 40 20135
31 41 59043
31 42 61141
31 43 53846
31 44 24548
31 45 46435
31 46 36188
31 47 60428
31 48 51450
31 49 35252
31 50 19283
31 51 32195
31 52 39751
31 53 24986
31 54 36908
31 55 6104
31 56 44836
31 57 51460
31 58 12404
31 59 21906
31 60 73324
31 61 55792
31 62 49245
31 63 41535
31 64 53760
31 65 14601
31 66 17513
31 67 36281
31 68 42218
31 69 63789
31 70 71093
31 71 72781
31 72 12455
31 73 49414
31 74 50903
31 75 39521
31 76 18448
32 1 21895
32 2 23975
32 3 2875
32 4 26322
32 5 40183
32 6 17405
32 7 21072
32 8 27092
32 9 145
32 10 17564
32 11 26330
32 12 7296
32 13 40190
32 14 31438
32 15 41225
32 16 10109
32 17 10338
32 18 5037
32 19 34234
32 20 50425
32 21 37107
32 22 31183
32 23 18078
32 24 5604
32 25 2788
32 26 17375
32 27 31181
32 28 33655
32 29 34792
32 30 26743
32 31 720
32 33 18312
32 34 29517
32 35 29405
32 36 47265
32 37 48495
32 38 19991
32 39 6194
32 40 2660
32 41 34422
32 42 36733
32 43 29430
32 44 -85
32 45 32901
32 46 27758
32 47 43739
32 48 35114
32 49 10795
32 50 1287
32 51 10793
32 52 30674
32 53 27618
32 54 33271
32 55 5073
32 56 20287
32 57 42068
32 58 13359
32 59 30346
32 60 58659
32 61 34655
32 62 27192
32 63 17325
32 64 29488
32 65 27433
32 66 31032
32 67 25006
32 68 24264
32 69 45760
32 70 57550
32 71 57064
32 72 10728
32 73 26688
32 74 31774
32 75 23579
32 76 3544
33 1 -1043
33 2 4001
33 3 11576
33 4 17041
33 5 23878
33 6 4053
33 7 24802
33 8 26257
33 9 22934
33 10 34920
33 11 37444
33 12 17913
33 13 32824
33 14 36845
33 15 28165
33 16 1682
33 17 12678
33 18 23601
33 19 34629
33 20 34349
33 21 15539
33 22 6983
33 23 5798
33 24 11177
33 25 26844
33 26 19799
33 27 22530
33 28 10249
33 29 20604
33 30 9801
33 31 23287
33 32 17949
33 34 25047
33 35 32074
33 36 27503
33 37 31525
33 38 34357
33 39 26821
33 40 15494
33 41 15498
33 42 15711
33 43 9047
33 44 14463
33 45 20687
33 46 24920
33 47 24322
33 48 17292
33 49 9410
33 50 22826
33 51 5581
33 52 24744
33 53 34687
33 54 29418
33 55 28275
33 56 8434
33 57 30870
33 58 28061
33 59 37325
33 60 39608
33 61 10694
33 62 3085
33 63 321
33 64 7381
33 65 42184
33 66 44216
33 67 22533
33 68 11301
33 69 23979
33 70 39791
33 71 37263
33 72 28243
33 73 2359
33 74 10827
33 75 15621
33 76 -856
34 1 24182
34 2 13360
34 3 24241
34 4 4187
34 5 14130
34 6 13479
34 7 2912
34 8 207
34 9 23544
34 10 23217
34 11 16711
34 12 12744
34 13 9327
34 14 12047
34 15 11819
34 16 22355
34 17 13589
34 18 35706
34 19 8345
34 20 22158
34 21 19115
34 22 27108
34 23 31569
34 24 30681
34 25 31509
34 26 7944
34 27 912
34 28 22740
34 29 8573
34 30 8190
34 31 16728
34 32 24489
34 33 20382
34 35 7449
34 36 23930
34 37 21681
34 38 17986
34 39 23848
34 40 16477
34 41 41477
34 42 40710
34 43 34867
34 44 24899
34 45 6666
34 46 -1022
34 47 21537
34 48 12988
34 49 30820
34 50 32155
34 51 16165
34 52 -195
34 53 12096
34 54 3727
34 55 34264
34 56 34525
34 57 11668
34 58 16407
34 59 12343
34 60 32748
34 61 22384
34 62 21520
34 63 25861
34 64 30477
34 65 24676
34 66 23964
34 67 4896
34 68 12544
34 69 25324
34 70 30391
34 71 32598
34 72 20963
34 73 25278
34 74 16545
34 75 9936
34 76 -8660
35 1 34173
35 2 24171
35 3 29179
35 4 15144
35 5 23514
35 6 22654
35 7 -2088
35 8 -1864
35 9 23298
35 10 17292
35 11 6216
35 12 14168
35 13 12880
35 14 1137
35 15 18745
35 16 29850
35 17 18929
35 18 38085
35 19 1203
35 20 29272
35 21 30057
35 22 37994
35 23 39958
35 24 36084
35 25 31202
35 26 11687
35 27 9102
35 28 33884
35 29 18618
35 30 19371
35 31 11406
35 32 26754
35 33 29786
35 34 9826
35 36 33677
35 37 30110
35 38 9702
35 39 22490
35 40 19116
35 41 51262
35 42 50924
35 43 44725
35 44 28875
35 45 17282
35 46 5686
35 47 31892
35 48 23716
35 49 37410
35 50 34118
35 51 23372
35 52 7375
35 53 1376
35 54 1698
35 55 33508
35 56 43047
35 57 16899
35 58 12074
35 59 1620
35 60 40994
35 61 33541
35 62 32287
35 63 34549
35 64 41188
35 65 15292
35 66 13298
35 67 12317
35 68 22694
35 69 35595
35 70 38031
35 71 41636
35 72 18324
35 73 35470
35 74 27725
35 75 19345
35 76 -632
36 1 25071
36 2 17644
36 3 42917
36 4 23687
36 5 3564
36 6 27341
36 7 33112
36 8 28150
36 9 49370
36 10 53083
36 11 46225
36 12 39331
36 13 22576
36 14 38914
36 15 7944
36 16 35092
36 17 36087
36 18 56046
36 19 32756
36 20 4278
36 21 1896
36 22 19143
36 23 37380
36 24 45004
36 25 56165
36 26 35402
36 27 17123
36 28 14363
36 29 10556
36 30 11954
36 31 45915
36 32 47218
36 33 27819
36 34 28911
36 35 36281
36 37 2565
36 38 48249
36 39 51026
36 40 40764
36 41 39638
36 42 36315
36 43 33956
36 44 45145
36 45 17062
36 46 28882
36 47 2940
36 48 6413
36 49 43245
36 50 53979
36 51 33429
36 52 23333
36 53 41387
36 54 20313
36 55 58668
36 56 38327
36 57 12067
36 58 45969
36 59 37423
36 60 5784
36 61 4053
36 62 19236
36 63 33684
36 64 20299
36 65 54809
36 66 53280
36 67 32753
36 68 26670
36 69 -3465
36 70 6780
36 71 3530
36 72 49451
36 73 27674
36 74 11389
36 75 29910
36 76 14446
37 1 29534
37 2 19962
37 3 44017
37 4 22116
37 5 585
37 6 28466
37 7 29313
37 8 23550
37 9 48540
37 10 50141
37 11 41465
37 12 37972
37 13 16427
37 14 33286
37 15 1039
37 16 37374
37 17 35748
37 18 57132
37 19 26984
37 20 -2288
37 21 7581
37 22 25042
37 23 41460
37 24 47518
37 25 55897
37 26 33486
37 27 12749
37 28 19458
37 29 8032
37 30 12786
37 31 43565
37 32 47358
37 33 30751
37 34 25572
37 35 31624
37 36 1475
37 38 44444
37 39 49647
37 40 40214
37 41 45101
37 42 42121
37 43 39086
37 44 45904
37 45 14694
37 46 25202
37 47 6537
37 48 7299
37 49 45993
37 50 54548
37 51 34346
37 52 19103
37 53 36673
37 54 13624
37 55 58594
37 56 42956
37 57 4819
37 58 43290
37 59 31112
37 60 5827
37 61 11246
37 62 23650
37 63 36958
37 64 27078
37 65 50578
37 66 48286
37 67 30398
37 68 27077
37 69 4190
37 70 3834
37 71 6509
37 72 47441
37 73 31465
37 74 14800
37 75 29228
37 76 13356
38 1 41501
38 2 35046
38 3 28235
38 4 28180
38 5 40204
38 6 30379
38 7 9191
38 8 15608
38 9 15070
38 10 2360
38 11 -722
38 12 13352
38 13 30765
38 14 8731
38 15 36417
38 16 32779
38 17 22202
38 18 30989
38 19 17354
38 20 46991
38 21 44541
38 22 47992
38 23 43110
38 24 33717
38 25 20772
38 26 18008
38 27 26087
38 28 45858
38 29 34742
38 30 32738
38 31 -5110
38 32 21796
38 33 36525
38 34 24819
38 35 14158
38 36 50101
38 37 47386
38 39 13592
38 40 17461
38 41 57275
38 42 58167
38 43 51208
38 44 26439
38 45 32791
38 46 21073
38 47 47625
38 48 38894
38 49 37589
38 50 27197
38 51 27591
38 52 24195
38 53 6418
38 54 18714
38 55 21480
38 56 46021
38 57 34772
38 58 3266
38 59 4189
38 60 58410
38 61 46614
38 62 42277
38 63 39238
38 64 49864
38 65 -324
38 66 2869
38 67 23594
38 68 32857
38 69 51397
38 70 55647
38 71 58628
38 72 9379
38 73 43779
38 74 40714
38 75 29329
38 76 8266
39 1 29728
39 2 28086
39 3 12306
39 4 26271
39 5 40684
39 6 21624
39 7 15273
39 8 22291
39 9 -2943
39 10 7022
39 11 16711
39 12 4439
39 13 36935
39 14 23378
39 15 39985
39 16 18712
39 17 12404
39 18 13073
39 19 28099
39 20 50041
39 21 40497
39 22 38153
39 23 27981
39 24 16177
39 25 4306
39 26 14931
39 27 29171
39 28 38721
39 29 34928
39 30 28939
39 31 -7947
39 32 4248
39 33 25238
39 34 26930
39 35 23195
39 36 49127
39 37 48838
39 38 9841
39 40 4116
39 41 43674
39 42 45494
39 43 38229
39 44 9816
39 45 32722
39 46 24401
39 47 45781
39 48 36836
39 49 21192
39 50 9195
39 51 16165
39 52 27891
39 53 19555
39 54 28291
39 55 6625
39 56 30476
39 57 39923
39 58 4046
39 59 21302
39 60 59635
39 61 39946
39 62 33236
39 63 25861
39 64 37989
39 65 17037
39 66 20754
39 67 22942
39 68 26812
39 69 48788
39 70 57860
39 71 58636
39 72 963
39 73 33385
39 74 35415
39 75 24576
39 76 3701
40 1 20015
40 2 18300
40 3 5109
40 4 18329
40 5 32565
40 6 11730
40 7 12912
40 8 18631
40 9 2783
40 10 14228
40 11 20371
40 12 -758
40 13 31668
40 14 23995
40 15 33050
40 16 9723
40 17 2833
40 18 13535
40 19 25985
40 20 42541
40 21 31016
40 22 28199
40 23 19834
40 24 11618
40 25 9810
40 26 8832
40 27 22784
40 28 28804
40 29 26989
40 30 19833
40 31 2041
40 32 2162
40 33 15359
40 34 21007
40 35 21269
40 36 40313
40 37 40853
40 38 15158
40 39 5564
40 41 34649
40 42 36110
40 43 28920
40 44 4036
40 45 24950
40 46 19214
40 47 36848
40 48 28015
40 49 14400
40 50 9826
40 51 6186
40 52 22166
40 53 20338
40 54 24777
40 55 12548
40 56 22693
40 57 33700
40 58 8188
40 59 23481
40 60 51323
40 61 30021
40 62 23236
40 63 16599
40 64 28414
40 65 22960
40 66 26035
40 67 16511
40 68 17440
40 69 39484
40 70 49931
40 71 49994
40 72 7143
40 73 23433
40 74 25807
40 75 15897
40 76 -4518
41 1 2075
41 2 19193
41 3 24224
41 4 34706
41 5 36619
41 6 22470
41 7 43241
41 8 44449
41 9 37206
41 10 51796
41 11 55660
41 12 35192
41 13 49468
41 14 55269
41 15 42307
41 16 14104
41 17 30330
41 18 30810
41 19 52753
41 20 45712
41 21 23705
41 22 5543
41 23 1810
41 24 14052
41 25 37970
41 26 38139
41 27 39341
41 28 17460
41 29 35431
41 30 24818
41 31 38006
41 32 30981
41 33 12420
41 34 43064
41 35 50472
41 36 36244
41 37 42797
41 38 52029
41 39 42179
41 40 31706
41 42 1353
41 43 -623
41 44 27096
41 45 36828
41 46 43067
41 47 34590
41 48 30105
41 49 13767
41 50 32786
41 51 22944
41 52 42290
41 53 53104
41 54 46706
41 55 37302
41 56 -1962
41 57 45754
41 58 45359
41 59 55755
41 60 47722
41 61 12015
41 62 11484
41 63 9502
41 64 -6651
41 65 59891
41 66 62270
41 67 40911
41 68 29181
41 69 29486
41 70 49359
41 71 44967
41 72 44728
41 73 13813
41 74 22344
41 75 33905
41 76 17575
42 1 1525
42 2 17748
42 3 26388
42 4 33736
42 5 33961
42 6 22358
42 7 43122
42 8 43742
42 9 39259
42 10 53057
42 11 56031
42 12 36202
42 13 47805
42 14 54940
42 15 39871
42 16 15884
42 17 31111
42 18 34121
42 19 51932
42 20 42629
42 21 20473
42 22 2028
42 23 5325
42 24 17659
42 25 40745
42 26 38358
42 27 37823
42 28 14538
42 29 33328
42 30 23001
42 31 40053
42 32 33241
42 33 12582
42 34 42246
42 35 50083
42 36 32870
42 37 39766
42 38 52870
42 39 43948
42 40 33116
42 41 1302
42 43 4
42 44 29341
42 45 35150
42 46 42349
42 47 31551
42 48 27617
42 49 16954
42 50 35671
42 51 23794
42 52 41126
42 53 53104
42 54 45290
42 55 40487
42 56 2251
42 57 43481
42 58 46401
42 59 55432
42 60 44132
42 61 8086
42 62 9391
42 63 11001
42 64 -10020
42 65 60714
42 66 62817
42 67 40548
42 68 28485
42 69 25725
42 70 45966
42 71 41370
42 72 46123
42 73 12880
42 74 19894
42 75 33467
42 76 17409
43 1 -2397
43 2 14751
43 3 21289
43 4 30237
43 5 32527
43 6 18123
43 7 38923
43 8 40008
43 9 34165
43 10 48133
43 11 51524
43 12 31359
43 13 45030
43 14 50904
43 15 38090
43 16 10800
43 17 26357
43 18 29351
43 19 48301
43 20 41878
43 21 20092
43 22 2645
43 23 1061
43 24 13208
43 25 35716
43 26 33924
43 27 34887
43 28 13673
43 29 31105
43 30 20431
43 31 34963
43 32 28143
43 33 8123
43 34 38608
43 35 46089
43 36 32716
43 37 38936
43 38 48116
43 39 38888
43 40 28131
43 41 1531
43 42 2209
43 44 24244
43 45 32401
43 46 38623
43 47 30771
43 48 25945
43 49 12183
43 50 30685
43 51 18995
43 52 37818
43 53 48828
43 54 42241
43 55 35616
43 56 -300
43 57 41468
43 58 41554
43 59 51394
43 60 44411
43 61 9468
43 62 7272
43 63 5943
43 64 -4984
43 65 55970
43 66 58214
43 67 36525
43 68 24729
43 69 26486
43 70 45810
43 71 41681
43 72 41151
43 73 9343
43 74 18205
43 75 29496
43 76 13230
44 1 16914
44 2 20188
44 3 -2187
44 4 24411
44 5 37559
44 6 13890
44 7 21981
44 8 27268
44 9 5017
44 10 21533
44 11 29229
44 12 8461
44 13 39339
44 14 33214
44 15 39327
44 16 5080
44 17 8774
44 18 6117
44 19 34923
44 20 48029
44 21 33337
44 22 26338
44 23 13126
44 24 2442
44 25 7197
44 26 17227
44 27 29872
44 28 29366
44 29 32444
44 30 23651
44 31 5754
44 32 -1283
44 33 13628
44 34 28729
44 35 30328
44 36 43994
44 37 45843
44 38 23436
44 39 10564
44 40 3336
44 41 29339
44 42 31635
44 43 24333
44 45 30798
44 46 27336
44 47 40469
44 48 32067
44 49 6221
44 50 3671
44 51 7183
44 52 29815
44 53 29547
44 54 33228
44 55 8861
44 56 15497
44 57 40573
44 58 16518
44 59 32648
44 60 55644
44 61 30212
44 62 22647
44 63 12266
44 64 24397
44 65 31077
44 66 34474
44 67 24250
44 68 21324
44 69 42021
44 70 54822
44 71 53844
44 72 14402
44 73 21999
44 74 28022
44 75 21450
44 76 1956
45 1 20015
45 2 8121
45 3 27463
45 4 4187
45 5 4694
45 6 12915
45 7 12912
45 8 8947
45 9 30577
45 10 32723
45 11 26571
45 12 19950
45 13 9327
45 14 20785
45 15 5235
45 16 22694
45 17 18148
45 18 40244
45 19 15556
45 20 14256
45 21 9484
45 22 20394
45 23 29816
45 24 32498
45 25 38086
45 26 15485
45 27 -495
45 28 14956
45 29 -1097
45 30 600
45 31 25791
45 32 29853
45 33 18002
45 34 8646
45 35 16885
45 36 14061
45 37 12783
45 38 27938
45 39 31620
45 40 22400
45 41 37221
45 42 35594
45 43 30640
45 44 28948
45 46 8784
45 47 11537
45 48 3103
45 49 31600
45 50 37271
45 51 17988
45 52 4277
45 53 21835
45 54 6946
45 55 40833
45 56 32321
45 57 7116
45 58 25669
45 59 20548
45 60 23652
45 61 13399
45 62 15597
45 63 24238
45 64 23992
45 65 34676
45 66 33786
45 67 12511
45 68 11021
45 69 15324
45 70 21817
45 71 23030
45 72 29504
45 73 21030
45 74 8326
45 75 11703
45 76 -4518
46 1 26123
46 2 15493
46 3 24963
46 4 6336
46 5 15875
46 6 15149
46 7 974
46 8 -1864
46 9 23166
46 10 21761
46 11 14561
46 12 12501
46 13 9365
46 14 9839
46 15 12914
46 16 23674
46 17 14236
46 18 35967
46 19 6453
46 20 23394
46 21 21289
46 22 29271
46 23 33144
46 24 31587
46 25 31202
46 26 7897
46 27 2046
46 28 24967
46 29 10462
46 30 10427
46 31 15468
46 32 24634
46 33 22159
46 34 882
46 35 5213
46 36 25805
46 37 23215
46 38 16144
46 39 23223
46 40 16588
46 41 43384
46 42 42717
46 43 36786
46 44 25410
46 45 8708
46 47 23556
46 48 15096
46 49 31972
46 50 32297
46 51 17345
46 52 333
46 53 9900
46 54 2729
46 55 33913
46 56 36142
46 57 12337
46 58 15141
46 59 10171
46 60 34284
46 61 24614
46 62 23650
46 63 27480
46 64 32604
46 65 22694
46 66 21801
46 67 5511
46 68 14463
46 69 27337
46 70 31776
46 71 34314
46 72 20046
46 73 27260
46 74 18781
46 75 11579
46 76 -7480
47 1 19757
47 2 11365
47 3 36538
47 4 17732
47 5 585
47 6 20946
47 7 27912
47 8 23550
47 9 43054
47 10 47331
47 11 41465
47 12 33143
47 13 19651
47 14 34919
47 15 6819
47 16 28885
47 17 29740
47 18 49678
47 19 29037
47 20 7660
47 21 -2219
47 22 15066
47 23 31875
47 24 38889
47 25 49781
47 26 29407
47 27 12749
47 28 9471
47 29 5611
47 30 5576
47 31 39913
47 32 40820
47 33 21766
47 34 23646
47 35 31624
47 36 68
47 37 4755
47 38 42901
47 39 44808
47 40 34427
47 41 35112
47 42 32124
47 43 29139
47 44 38748
47 45 11666
47 46 23761
47 48 208
47 49 37185
47 50 47578
47 51 27031
47 52 18678
47 53 36673
47 54 17762
47 55 52271
47 56 33160
47 57 11028
47 58 40144
47 59 34026
47 60 11926
47 61 2257
47 62 13852
47 63 27779
47 64 17381
47 65 49676
47 66 48635
47 67 26970
47 68 20285
47 69 324
47 70 12078
47 71 9913
47 72 43397
47 73 21958
47 74 5364
47 75 23662
47 76 8266
48 1 16914
48 2 6561
48 3 30938
48 4 11434
48 5 585
48 6 15300
48 7 21981
48 8 18136
48 9 36843
48 10 41066
48 11 35769
48 12 26839
48 13 16126
48 14 29864
48 15 6137
48 16 23967
48 17 23584
48 18 44097
48 19 24337
48 20 10942
48 21 400
48 22 14392
48 23 28421
48 24 34106
48 25 43714
48 26 23089
48 27 7867
48 28 8366
48 29 834
48 30 -391
48 31 33589
48 32 34849
48 33 17390
48 34 17751
48 35 26102
48 36 6195
48 37 8171
48 38 36824
48 39 38517
48 40 28248
48 41 33281
48 42 30844
48 43 26967
48 44 33000
48 45 5886
48 46 17955
48 47 2862
48 49 32579
48 50 41775
48 51 21314
48 52 13361
48 53 31050
48 54 14284
48 55 46272
48 56 30228
48 57 9847
48 58 33858
48 59 29403
48 60 17467
48 61 4823
48 62 11264
48 63 23649
48 64 17654
48 65 43717
48 66 42995
48 67 20724
48 68 14272
48 69 6441
48 70 16818
48 71 15875
48 72 37073
48 73 18473
48 74 2246
48 75 17385
48 76 1956
49 1 9763
49 2 20394
49 3 6215
49 4 30252
49 5 40129
49 6 16829
49 7 32762
49 8 36702
49 9 18173
49 10 34958
49 11 41990
49 12 20563
49 13 46417
49 14 44726
49 15 43742
49 16 2300
49 17 17965
49 18 9943
49 19 44913
49 20 50722
49 21 32064
49 22 19636
49 23 815
49 24 -5353
49 25 17181
49 26 27210
49 27 36288
49 28 26266
49 29 36192
49 30 25780
49 31 18507
49 32 11646
49 33 10624
49 34 36699
49 35 40912
49 36 44143
49 37 47981
49 38 36635
49 39 23989
49 40 15749
49 41 18059
49 42 21297
49 43 14321
49 44 8270
49 45 35499
49 46 35947
49 47 40955
49 48 33695
49 50 11919
49 51 12170
49 52 37333
49 53 41387
49 54 41780
49 55 16326
49 56 2356
49 57 45948
49 58 29655
49 59 44663
49 60 56251
49 61 25614
49 62 18692
49 63 5552
49 64 14116
49 65 44355
49 66 47607
49 67 32753
49 68 25128
49 69 40314
49 70 56388
49 71 53887
49 72 27791
49 73 17778
49 74 27471
49 75 27514
49 76 9411
50 1 25608
50 2 30181
50 3 7343
50 4 33736
50 5 47328
50 6 23876
50 7 28423
50 8 34621
50 9 4336
50 10 22286
50 11 32216
50 12 14759
50 13 47805
50 14 38249
50 15 48678
50 16 13961
50 17 17758
50 18 -2305
50 19 41599
50 20 57697
50 21 43321
50 22 35368
50 23 19049
50 24 2840
50 25 -1049
50 26 24984
50 27 38753
50 28 39159
50 29 42065
50 30 33575
50 31 1634
50 32 1234
50 33 23136
50 34 37130
50 35 36716
50 36 53973
50 37 55632
50 38 25339
50 39 11088
50 40 10271
50 41 36174
50 42 39110
50 43 31919
50 44 4816
50 45 40266
50 46 35368
50 47 50444
50 48 41987
50 49 11015
50 51 17164
50 52 38286
50 53 34388
50 54 40818
50 55 -870
50 56 20318
50 57 49620
50 58 19364
50 59 36681
50 60 65571
50 61 39845
50 62 32236
50 63 20714
50 64 31980
50 65 32372
50 66 36151
50 67 32617
50 68 31179
50 69 52006
50 70 64650
50 71 63816
50 72 16359
50 73 31436
50 74 38013
50 75 30897
50 76 11022
51 1 9280
51 2 8326
51 3 4813
51 4 13608
51 5 25716
51 6 1854
51 7 16619
51 8 19819
51 9 13158
51 10 24515
51 11 27986
51 12 7559
51 13 29569
51 14 28828
51 15 28068
51 16 1624
51 17 2528
51 18 17944
51 19 28128
51 20 36283
51 21 21473
51 22 17156
51 23 11860
51 24 9937
51 25 18436
51 26 11019
51 27 19578
51 28 18208
51 29 20851
51 30 11643
51 31 13076
51 32 9270
51 33 4421
51 34 19670
51 35 24500
51 36 31953
51 37 33960
51 38 24263
51 39 16588
51 40 5161
51 41 24862
51 42 25763
51 43 18759
51 44 6858
51 45 19513
51 46 18946
51 47 28427
51 48 20056
51 49 9796
51 50 15694
51 52 20353
51 53 25999
51 54 24751
51 55 20623
51 56 14964
51 57 29766
51 58 17753
51 59 29123
51 60 43619
51 61 19348
51 62 12262
51 63 6966
51 64 17750
51 65 32119
51 66 34485
51 67 15790
51 68 9469
51 69 30141
51 70 42884
51 71 41802
51 72 17803
51 73 12393
51 74 16138
51 75 10676
51 76 -7615
52 1 26672
52 2 15194
52 3 28547
52 4 6603
52 5 11542
52 6 16829
52 7 5561
52 8 207
52 9 27934
52 10 26665
52 11 18235
52 12 17165
52 13 4871
52 14 11854
52 15 7944
52 16 26141
52 17 17965
52 18 40161
52 19 6729
52 20 18462
52 21 18382
52 22 28520
52 23 34912
52 24 34841
52 25 35927
52 26 12391
52 27 -2775
52 28 23507
52 29 6597
52 30 8817
52 31 20440
52 32 28959
52 33 23392
52 34 3118
52 35 8311
52 36 21665
52 37 18525
52 38 20675
52 39 28122
52 40 20949
52 41 44016
52 42 42903
52 43 37390
52 44 29298
52 45 5610
52 46 1742
52 47 19882
52 48 11911
52 49 34767
52 50 36624
52 51 20161
52 53 13402
52 54 40
52 55 38670
52 56 37767
52 57 7375
52 58 20123
52 59 11631
52 60 29562
52 61 22329
52 62 23236
52 63 29166
52 64 32068
52 65 26925
52 66 25339
52 67 9360
52 68 15415
52 69 23558
52 70 26925
52 71 29836
52 72 25032
52 73 27674
52 74 16988
52 75 13532
52 76 -4518
53 1 38999
53 2 29920
53 3 30869
53 4 21282
53 5 30514
53 6 27279
53 7 1514
53 8 5136
53 9 22003
53 10 12853
53 11 -784
53 12 15024
53 13 19414
53 14 -1762
53 15 25553
53 16 33042
53 17 21679
53 18 37706
53 19 5325
53 20 36014
53 21 36810
53 22 43680
53 23 43462
53 24 37576
53 25 29344
53 26 14931
53 27 16102
53 28 40056
53 29 25576
53 30 25780
53 31 6632
53 32 26860
53 33 34292
53 34 16366
53 35 3269
53 36 40676
53 37 37052
53 38 3855
53 39 20743
53 40 20078
53 41 55787
53 42 55838
53 43 49357
53 44 29987
53 45 24125
53 46 12266
53 47 38834
53 48 30557
53 49 39778
53 50 33683
53 51 26764
53 52 14359
53 54 6698
53 55 31104
53 56 46561
53 57 23442
53 58 9343
53 59 -2345
53 60 47881
53 61 40038
53 62 37890
53 63 38442
53 64 46585
53 65 8604
53 66 6340
53 67 17539
53 68 28063
53 69 42559
53 70 44834
53 71 48613
53 72 16187
53 73 40538
53 74 34109
53 75 24496
53 76 4012
54 1 39742
54 2 27999
54 3 40987
54 4 19920
54 5 17701
54 6 30164
54 7 12147
54 8 5785
54 9 37711
54 10 32157
54 11 18049
54 12 27669
54 13 4137
54 14 8001
54 15 9539
54 16 39351
54 17 30257
54 18 51603
54 19 2525
54 20 18648
54 21 27691
54 22 40632
54 23 48254
54 24 47609
54 25 45741
54 26 23603
54 27 6994
54 28 35046
54 29 15644
54 30 20840
54 31 26232
54 32 40191
54 33 36701
54 34 15675
54 35 11269
54 36 27280
54 37 21681
54 38 23829
54 39 37157
54 40 32195
54 41 57067
54 42 55702
54 43 50448
54 44 41346
54 45 16914
54 46 12773
54 47 27601
54 48 21469
54 49 47849
54 50 47791
54 51 33194
54 52 8675
54 53 14376
54 55 48217
54 56 51101
54 57 5961
54 58 27061
54 59 4297
54 60 31243
54 61 32369
54 62 35780
54 63 42508
54 64 44226
54 65 28291
54 66 23780
54 67 21534
54 68 28735
54 69 30043
54 70 27629
54 71 33337
54 72 33179
54 73 40723
54 74 28389
54 75 26791
54 76 8359
55 1 40372
55 2 44669
55 3 22126
55 4 46613
55 5 60782
55 6 38171
55 7 37633
55 8 44614
55 9 12350
55 10 25625
55 11 36493
55 12 25544
55 13 59009
55 14 44838
55 15 61245
55 16 28815
55 17 30838
55 18 5731
55 19 50385
55 20 70825
55 21 57826
55 22 50186
55 23 32777
55 24 14742
55 25 -75
55 26 36332
55 27 50730
55 28 53944
55 29 55259
55 30 47538
55 31 -2138
55 32 14427
55 33 37992
55 34 48646
55 35 45513
55 36 68069
55 37 69085
55 38 29029
55 39 17925
55 40 22400
55 41 50097
55 42 53333
55 43 46257
55 44 19413
55 45 53235
55 46 46391
55 47 64544
55 48 55891
55 49 24829
55 50 8537
55 51 31500
55 52 49739
55 53 41216
55 54 50651
55 56 33215
55 57 61633
55 58 25669
55 59 41401
55 60 79398
55 61 54694
55 62 47088
55 63 35469
55 64 46172
55 65 34676
55 66 38250
55 67 44333
55 68 45052
55 69 66499
55 70 78160
55 71 77859
55 72 22889
55 73 46301
55 74 52494
55 75 44094
55 76 23766
56 1 7174
56 2 23578
56 3 19813
56 4 37378
56 5 42768
56 6 23911
56 7 43518
56 8 46060
56 9 32380
56 10 48623
56 11 54469
56 12 33092
56 13 53213
56 14 55736
56 15 47828
56 16 11681
56 17 29140
56 18 22840
56 19 54462
56 20 52629
56 21 31306
56 22 14307
56 23 -3404
56 24 5604
56 25 31227
56 26 37944
56 27 42922
56 28 24802
56 29 40442
56 30 29552
56 31 32820
56 32 25867
56 33 14377
56 34 45133
56 35 51278
56 36 43954
56 37 49673
56 38 49796
56 39 38002
56 40 28771
56 41 7059
56 42 11323
56 43 6567
56 44 22275
56 45 40949
56 46 44846
56 47 41659
56 48 36073
56 49 7085
56 50 25951
56 51 22067
56 52 45062
56 53 52899
56 54 49761
56 55 29441
56 57 50853
56 58 42841
56 59 56049
56 60 55807
56 61 21125
56 62 17751
56 63 9104
56 64 2912
56 65 57612
56 66 60561
56 67 42055
56 68 31637
56 69 38078
56 70 56976
56 71 53107
56 72 41416
56 73 18284
56 74 28550
56 75 35552
56 76 18502
57 1 34185
57 2 22578
57 3 42352
57 4 18657
57 5 5721
57 6 28208
57 7 20371
57 8 13727
57 9 43382
57 10 41685
57 11 30510
57 12 32562
57 13 4871
57 14 21388
57 15 -3938
57 16 37991
57 17 32360
57 18 54758
57 19 15136
57 20 4667
57 21 16695
57 22 32420
57 23 44774
57 24 47742
57 25 51310
57 26 27737
57 27 5309
57 28 26391
57 29 7469
57 30 14561
57 31 35663
57 32 43867
57 33 33032
57 34 18495
57 35 21349
57 36 13913
57 37 7755
57 38 34766
57 39 43668
57 40 35997
57 41 50994
57 42 48772
57 43 44554
57 44 43570
57 45 11963
57 46 17260
57 47 15746
57 48 11911
57 49 46896
57 50 51472
57 51 33088
57 52 10889
57 53 25999
57 54 840
57 55 54078
57 56 47072
57 58 35446
57 59 18438
57 60 17144
57 61 21419
57 62 28929
57 63 39338
57 64 35606
57 65 40217
57 66 36913
57 67 24511
57 68 26311
57 69 16783
57 70 13640
57 71 19263
57 72 40561
57 73 35378
57 74 20146
57 75 26422
57 76 9518
58 1 32943
58 2 27795
58 3 19020
58 4 22611
58 5 36234
58 6 22377
58 7 7054
58 8 14349
58 9 6970
58 10 1360
58 11 7027
58 12 4439
58 13 29629
58 14 13442
58 15 34009
58 16 23690
58 17 13589
58 18 22952
58 19 18983
58 20 44468
58 21 38626
58 22 40024
58 23 33951
58 24 24697
58 25 14050
58 26 11163
58 27 23119
58 28 38721
58 29 30487
58 30 26670
58 31 -5620
58 32 12931
58 33 27996
58 34 21007
58 35 14297
58 36 45588
58 37 43999
58 38 1033
58 39 5564
58 40 8258
58 41 48372
58 42 49465
58 43 42413
58 44 17288
58 45 28289
58 46 17837
58 47 42635
58 48 33695
58 49 28376
58 50 18989
58 51 18848
58 52 21410
58 53 9673
58 54 19713
58 55 15887
58 56 36833
58 57 33219
58 59 11367
58 60 55048
58 61 39762
58 62 34467
58 63 30294
58 64 41395
58 65 8818
58 66 12016
58 67 18193
58 68 25726
58 69 46210
58 70 52752
58 71 54648
58 72 963
58 73 35535
58 74 34184
58 75 22496
58 76 1340
59 1 54676
59 2 44551
59 3 47368
59 4 35404
59 5 40001
59 6 43085
59 7 17325
59 8 17343
59 9 37217
59 10 25427
59 11 6249
59 12 31479
59 13 26410
59 14 1868
59 15 32611
59 16 49516
59 17 38184
59 18 53217
59 19 11812
59 20 41789
59 21 48701
59 22 58340
59 23 59881
59 24 53984
59 25 43705
59 26 31259
59 27 26643
59 28 53843
59 29 36479
59 30 39153
59 31 16826
59 32 42862
59 33 50204
59 34 29887
59 35 16787
59 36 49986
59 37 44765
59 38 14900
59 39 35764
59 40 36495
59 41 71712
59 42 71440
59 43 65197
59 44 46362
59 45 36112
59 46 25811
59 47 49461
59 48 42184
59 49 56328
59 50 49250
59 51 43162
59 52 25862
59 53 10929
59 54 9893
59 55 44563
59 56 62985
59 57 29155
59 58 24311
59 60 54421
59 61 52845
59 62 52700
59 63 54703
59 64 61640
59 65 15557
59 66 6471
59 67 32813
59 68 43205
59 69 52570
59 70 50757
59 71 56476
59 72 31191
59 73 55988
59 74 47438
59 75 39857
59 76 19759
60 1 36590
60 2 29170
60 3 54227
60 4 33475
60 5 11872
60 6 38590
60 7 40995
60 8 35112
60 9 59785
60 10 61843
60 11 52876
60 12 49370
60 13 27391
60 14 44276
60 15 11919
60 16 46680
60 17 46731
60 18 67385
60 19 37968
60 20 1827
60 21 13388
60 22 30034
60 23 48946
60 24 56641
60 25 66922
60 26 45012
60 27 24423
60 28 25823
60 29 19491
60 30 22952
60 31 55224
60 32 58155
60 33 39467
60 34 37272
60 35 43141
60 36 5327
60 37 6460
60 38 56101
60 39 61077
60 40 51317
60 41 50659
60 42 47120
60 43 45194
60 44 56338
60 45 26196
60 46 36904
60 47 14341
60 48 17228
60 49 54896
60 50 65120
60 51 44638
60 52 30773
60 53 48135
60 54 23819
60 55 69540
60 56 49723
60 57 14841
60 58 54972
60 59 41401
60 61 13685
60 62 30813
60 63 45346
60 64 29990
60 65 62145
60 66 59566
60 67 41996
60 68 37601
60 69 3324
60 70 -914
60 71 1558
60 72 59026
60 73 39319
60 74 23028
60 75 40300
60 76 24607
61 1 12155
61 2 13561
61 3 36598
61 4 27480
61 5 17115
61 6 23611
61 7 39086
61 8 36518
61 9 46869
61 10 55493
61 11 53200
61 12 39154
61 13 35276
61 14 48483
61 15 23442
61 16 26621
61 17 34243
61 18 48519
61 19 43319
61 20 22677
61 21 2086
61 22 3190
61 23 24067
61 24 34587
61 25 51738
61 26 37438
61 27 26940
61 28 4488
61 29 20043
61 30 13728
61 31 46200
61 32 42659
61 33 19061
61 34 35416
61 35 44196
61 36 12104
61 37 20387
61 38 52813
61 39 49896
61 40 38523
61 41 23460
61 42 19582
61 43 18759
61 44 39414
61 45 24451
61 46 35742
61 47 13180
61 48 13092
61 49 32767
61 50 47902
61 51 28875
61 52 32048
61 53 48800
61 54 33453
61 55 53344
61 56 23549
61 57 27624
61 58 48194
61 59 48333
61 60 22193
61 62 8468
61 63 23082
61 64 2004
61 65 60189
61 66 60467
61 67 36619
61 68 25726
61 69 3466
61 70 24681
61 71 19481
61 72 49972
61 73 17385
61 74 8744
61 75 30753
61 76 15574
62 1 -859
62 2 2046
62 3 21384
62 4 18329
62 5 18514
62 6 9769
62 7 28968
62 8 28491
62 9 32139
62 10 42434
62 11 42694
62 12 25544
62 13 31668
62 14 40156
62 15 24068
62 16 11438
62 17 20312
62 18 33372
62 19 36444
62 20 28126
62 21 7108
62 22 -955
62 23 11381
62 24 20103
62 25 36585
62 26 25358
62 27 21755
62 28 841
62 29 17235
62 30 6856
62 31 32031
62 32 27574
62 33 3830
62 34 26930
62 35 35320
62 36 19665
62 37 25169
62 38 40854
62 39 35564
62 40 24116
62 41 15307
62 42 13265
62 43 8941
62 44 24227
62 45 19027
62 46 27156
62 47 17153
62 48 11911
62 49 18223
62 50 32671
62 51 14167
62 52 25333
62 53 39030
62 54 29242
62 55 38116
62 56 12553
62 57 27512
62 58 35277
62 59 40566
62 60 31699
62 61 846
62 63 8380
62 64 2193
62 65 48528
62 66 49799
62 67 26138
62 68 13916
62 69 14936
62 70 32561
62 71 29109
62 72 36274
62 73 2260
62 74 4184
62 75 19219
62 76 3701
63 1 -859
63 2 10053
63 3 9846
63 4 22611
63 5 29915
63 6 9052
63 7 28968
63 8 31215
63 9 22548
63 10 36543
63 11 40713
63 12 19950
63 13 38624
63 14 41168
63 15 34245
63 16 -837
63 17 15230
63 18 19926
63 19 39618
63 20 40332
63 21 20867
63 22 9011
63 23 -15
63 24 5961
63 25 24837
63 26 23528
63 27 28330
63 28 14956
63 29 26680
63 30 15883
63 31 23319
63 32 16705
63 33 64
63 34 30269
63 35 36580
63 36 33111
63 37 37475
63 38 36813
63 39 27187
63 40 16477
63 41 12323
63 42 13873
63 43 6610
63 44 12844
63 45 26666
63 46 29984
63 47 30078
63 48 23294
63 49 4081
63 50 20147
63 51 7869
63 52 30261
63 53 38580
63 54 34968
63 55 25495
63 56 2904
63 57 36919
63 58 30102
63 59 41567
63 60 45230
63 61 14458
63 62 7378
63 64 6475
63 65 44676
63 66 47180
63 67 27242
63 68 16900
63 69 29023
63 70 45604
63 71 42784
63 72 29504
63 73 6480
63 74 16545
63 75 20686
63 76 3701
64 1 9280
64 2 23259
64 3 35260
64 4 39542
64 5 36234
64 6 29583
64 7 49921
64 8 49705
64 9 48043
64 10 61284
64 11 63327
64 12 44303
64 13 52085
64 14 61331
64 15 42514
64 16 24655
64 17 39078
64 18 43047
64 19 57625
64 20 43417
64 21 21539
64 22 4584
64 23 14110
64 24 26409
64 25 49739
64 26 45676
64 27 42508
64 28 17263
64 29 36975
64 30 27538
64 31 48802
64 32 42126
64 33 20382
64 34 48143
64 35 56477
64 36 32984
64 37 40853
64 38 60697
64 39 52573
64 40 41550
64 41 9428
64 42 6110
64 43 8941
64 44 38233
64 45 39678
64 46 48366
64 47 32938
64 48 30557
64 49 25903
64 50 44671
64 51 31911
64 52 46421
64 53 59981
64 54 49944
64 55 49456
64 56 9970
64 57 46445
64 58 54461
64 59 61762
64 60 43132
64 61 6638
64 62 14449
64 63 19733
64 65 68500
64 66 70283
64 67 47145
64 68 34887
64 69 24338
64 70 45702
64 71 40459
64 72 54486
64 73 19732
64 74 23339
64 75 40104
64 76 24352
65 1 46465
65 2 39735
65 3 33101
65 4 32471
65 5 43763
65 6 35263
65 7 12912
65 8 18631
65 9 19335
65 10 6130
65 11 -1713
65 12 18350
65 13 33327
65 14 8930
65 15 39358
65 16 37768
65 17 27189
65 18 35019
65 19 18983
65 20 49870
65 21 48771
65 22 52830
65 23 48080
65 24 38350
65 25 24246
65 26 22759
65 27 29448
65 28 50483
65 29 38476
65 30 37091
65 31 -4053
65 32 26375
65 33 41489
65 34 28646
65 35 16885
65 36 53798
65 37 50657
65 38 -3187
65 39 17925
65 40 22400
65 41 62274
65 42 63148
65 43 56199
65 44 31217
65 45 36666
65 46 24760
65 47 51537
65 48 42924
65 49 42446
65 50 31367
65 51 32584
65 52 27582
65 53 8304
65 54 20313
65 55 24264
65 56 50974
65 57 37360
65 58 8188
65 59 1983
65 60 61591
65 61 51127
65 62 47088
65 63 44238
65 64 54804
65 66 -1513
65 67 27954
65 68 37549
65 69 55324
65 70 58645
65 71 62079
65 72 13991
65 73 48690
65 74 45174
65 75 33978
65 76 12963
66 1 51928
66 2 44128
66 3 39813
66 4 36013
66 5 45552
66 6 40395
66 7 15999
66 8 20210
66 9 26549
66 10 13388
66 11 -1504
66 12 24557
66 13 33663
66 14 7049
66 15 40079
66 16 43992
66 17 33003
66 18 42291
66 19 18438
66 20 50323
66 21 51871
66 22 57631
66 23 54420
66 24 45377
66 25 31497
66 26 27656
66 27 31155
66 28 54604
66 29 40702
66 30 40621
66 31 2328
66 32 33443
66 33 46990
66 34 31403
66 35 18360
66 36 55738
66 37 51834
66 38 3475
66 39 25111
66 40 28944
66 41 68122
66 42 68720
66 43 61912
66 44 38083
66 45 39245
66 46 27336
66 47 53965
66 48 45671
66 49 49167
66 50 38615
66 51 38419
66 52 29465
66 53 9509
66 54 19271
66 55 31307
66 56 57392
66 57 37525
66 58 14855
66 59 -3634
66 60 62481
66 61 54874
66 62 51828
66 63 50211
66 64 60056
66 65 1956
66 67 31822
66 68 42034
66 69 57683
66 70 59244
66 71 63489
66 72 21023
66 73 53864
66 74 48892
66 75 38406
66 76 17575
67 1 21375
67 2 11919
67 3 19000
67 4 4116
67 5 17680
67 6 9873
67 7 2346
67 8 3576
67 9 18429
67 10 19875
67 11 16296
67 12 7597
67 13 14712
67 14 13910
67 15 16578
67 16 17819
67 17 8291
67 18 30321
67 19 11951
67 20 26629
67 21 20473
67 22 25653
67 23 27535
67 24 25589
67 25 26314
67 26 2784
67 27 5908
67 28 22295
67 29 11895
67 30 8663
67 31 12792
67 32 19113
67 33 17003
67 34 4031
67 35 9075
67 36 26907
67 37 25642
67 38 15896
67 39 18995
67 40 11116
67 41 38459
67 42 38147
67 43 31919
67 44 19555
67 45 9666
67 46 2742
67 47 23996
67 48 15096
67 49 26009
67 50 26777
67 51 11420
67 52 5182
67 53 12404
67 54 8721
67 55 29086
67 56 30582
67 57 16819
67 58 12728
67 59 14404
67 60 36607
67 61 22722
67 62 19863
67 63 21969
67 64 28614
67 65 23119
67 66 23518
67 68 10054
67 69 27652
67 70 34576
67 71 36019
67 72 16554
67 73 22716
67 74 16745
67 75 6567
67 76 -13275
68 1 10311
68 2 841
68 3 15622
68 4 4396
68 5 14915
68 6 550
68 7 13721
68 8 13945
68 9 21570
68 10 28421
68 11 27451
68 12 12391
68 13 20410
68 14 25179
68 15 17451
68 16 10343
68 17 8208
68 18 28709
68 19 22225
68 20 25467
68 21 12337
68 22 14307
68 23 18224
68 24 20149
68 25 28148
68 26 10469
68 27 10131
68 28 11701
68 29 10083
68 30 1140
68 31 19588
68 32 19230
68 33 6630
68 34 12538
68 35 20311
68 36 21683
68 37 23180
68 38 26018
68 39 23724
68 40 12904
68 41 27588
68 42 26943
68 43 20982
68 44 17488
68 45 9035
68 46 12553
68 47 18170
68 48 9503
68 49 19243
68 50 26198
68 51 5958
68 52 12096
68 53 23787
68 54 16781
68 55 30664
68 56 21023
68 57 19478
68 58 21120
68 59 25655
68 60 33071
68 61 12688
68 62 8500
68 63 12486
68 64 17215
68 65 33573
68 66 34589
68 67 10913
68 69 20709
68 70 32151
68 71 31459
68 72 23129
68 73 11473
68 74 7337
68 75 3968
68 76 -11380
69 1 24182
69 2 19638
69 3 45033
69 4 28517
69 5 10277
69 6 29933
69 7 38912
69 8 34440
69 9 52942
69 10 58161
69 11 52421
69 12 43479
69 13 29569
69 14 45580
69 15 15143
69 16 36266
69 17 39588
69 18 57914
69 19 39530
69 20 10497
69 21 2273
69 22 16615
69 23 36558
69 24 45628
69 25 59181
69 26 40080
69 27 23516
69 28 13647
69 29 16522
69 30 15625
69 31 50487
69 32 50054
69 33 28636
69 34 34646
69 35 42540
69 36 876
69 37 9621
69 38 53886
69 39 55028
69 40 44276
69 41 37221
69 42 33511
69 43 32067
69 44 47513
69 45 22666
69 46 34755
69 47 7537
69 48 11000
69 49 43757
69 50 56353
69 51 35958
69 52 29567
69 53 47611
69 54 27417
69 55 61439
69 56 36792
69 57 19278
69 58 50932
69 59 44348
69 60 8122
69 61 -244
69 62 18848
69 63 33937
69 64 15994
69 65 60676
69 66 59566
69 67 37839
69 68 30037
69 70 11106
69 71 5514
69 72 53937
69 73 27740
69 74 13052
69 75 33978
69 76 18703
70 1 37069
70 2 28547
70 3 53071
70 4 31321
70 5 9793
70 6 37463
70 7 37856
70 8 31737
70 9 57749
70 10 58921
70 11 49268
70 12 47152
70 13 23622
70 14 40401
70 15 8311
70 16 46080
70 17 44961
70 18 66213
70 19 34123
70 20 -2371
70 21 14017
70 22 31294
70 23 49288
70 24 56176
70 25 65116
70 26 42613
70 27 21333
70 28 26454
70 29 17235
70 30 21744
70 31 52501
70 32 56554
70 33 39158
70 34 34423
70 35 39686
70 36 5831
70 37 3975
70 38 52846
70 39 58810
70 40 49433
70 41 51804
70 42 48462
70 43 46101
70 44 55024
70 45 23869
70 46 33904
70 47 14001
70 48 16087
70 49 54541
70 50 63707
70 51 43411
70 52 27644
70 53 44596
70 54 19713
70 55 67810
70 56 50400
70 57 10845
70 58 52184
70 59 37245
70 60 -1406
70 61 15681
70 62 31183
70 63 45228
70 64 32068
70 65 58707
70 66 55837
70 67 39473
70 68 36189
70 69 5816
70 71 4075
70 72 56502
70 73 39414
70 74 22820
70 75 38445
70 76 22571
71 1 31614
71 2 24706
71 3 49985
71 4 30222
71 5 9038
71 6 34400
71 7 38803
71 8 33336
71 9 56219
71 10 59251
71 11 51349
71 12 46027
71 13 26477
71 14 43324
71 15 11054
71 16 42121
71 17 42997
71 18 63116
71 19 37028
71 20 3031
71 21 8456
71 22 24939
71 23 43991
71 24 51981
71 25 63127
71 26 41904
71 27 22377
71 28 20839
71 29 16567
71 30 18939
71 31 52344
71 32 54223
71 33 34785
71 34 34785
71 35 41446
71 36 736
71 37 4805
71 38 53982
71 39 57741
71 40 47651
71 41 45567
71 42 42021
71 43 40127
71 44 52201
71 45 23237
71 46 34597
71 47 9991
71 48 13299
71 49 50195
71 50 61028
71 51 40484
71 52 28710
71 53 46530
71 54 23576
71 55 65664
71 56 44686
71 57 14623
71 58 52235
71 59 41119
71 60 -779
71 61 8636
71 62 25886
71 63 40563
71 64 24980
71 65 60296
71 66 58237
71 67 39071
71 68 33652
71 69 -1621
71 70 2230
71 72 55971
71 73 34476
71 74 18391
71 75 36712
71 76 21165
72 1 31057
72 2 27576
72 3 15331
72 4 24042
72 5 38235
72 6 21528
72 7 10940
72 8 18136
72 9 1989
72 10 3170
72 11 11832
72 12 3143
72 13 33124
72 14 18404
72 15 36819
72 16 20865
72 17 12250
72 18 18001
72 19 23470
72 20 47100
72 21 39310
72 22 38837
72 23 30765
72 24 20333
72 25 9144
72 26 12359
72 27 25904
72 28 38438
72 29 32444
72 30 27466
72 31 -7486
72 32 8383
72 33 26261
72 34 23646
72 35 18630
72 36 47153
72 37 46233
72 38 5229
72 39 564
72 40 5296
72 41 45824
72 42 47270
72 43 40093
72 44 13255
72 45 30207
72 46 20825
72 47 43971
72 48 34993
72 49 24595
72 50 14067
72 51 16981
72 52 24402
72 53 14600
72 54 23914
72 55 11190
72 56 33491
72 57 36417
72 58 -954
72 59 16330
72 60 57185
72 61 39623
72 62 33547
72 63 27779
72 64 39503
72 65 12704
72 66 16267
72 67 20102
72 68 25818
72 69 47298
72 70 55153
72 71 56467
72 73 34138
72 74 34495
72 75 23033
72 76 1956
73 1 -3720
73 2 2781
73 3 16653
73 4 18211
73 5 21798
73 6 7113
73 7 27625
73 8 28136
73 9 27948
73 10 39326
73 11 40865
73 12 22303
73 13 33015
73 14 39342
73 15 26819
73 16 6496
73 17 17006
73 18 28410
73 19 36361
73 20 31891
73 21 11704
73 22 2028
73 23 7257
73 24 15162
73 25 31936
73 26 23204
73 27 22834
73 28 5752
73 29 19511
73 30 8663
73 31 28176
73 32 23046
73 33 -920
73 34 26664
73 35 34479
73 36 24079
73 37 28960
73 38 38332
73 39 31689
73 40 20289
73 41 13612
73 42 12730
73 43 6988
73 44 19555
73 45 20436
73 46 26742
73 47 21235
73 48 15096
73 49 13285
73 50 27847
73 51 10274
73 52 25747
73 53 37654
73 54 30161
73 55 33305
73 56 9062
73 57 29937
73 58 32321
73 59 39830
73 60 36181
73 61 5739
73 62 -1764
73 63 3458
73 64 3452
73 65 46106
73 66 47811
73 67 24967
73 68 12865
73 69 19804
73 70 36768
73 71 33675
73 72 32841
73 74 7785
73 75 17881
73 76 1956
74 1 9006
74 2 772
74 3 26214
74 4 12927
74 5 8514
74 6 11103
74 7 24535
74 8 22291
74 9 34371
74 10 41360
74 11 38650
74 12 25544
74 13 22954
74 14 34284
74 15 14180
74 16 17919
74 17 21125
74 18 39203
74 19 29532
74 20 18312
74 21 -482
74 22 6635
74 23 20848
74 24 27800
74 25 40354
74 26 23146
74 27 13620
74 28 841
74 29 7847
74 30 -754
74 31 32741
74 32 31208
74 33 10624
74 34 21007
74 35 29810
74 36 10870
74 37 15371
74 38 38343
74 39 36795
74 40 25739
74 41 25219
74 42 22820
74 43 18926
74 44 28654
74 45 10808
74 46 21339
74 47 7717
74 48 1945
74 49 26054
74 50 37500
74 51 17095
74 52 18137
74 53 34301
74 54 20903
74 55 42574
74 56 22404
74 57 17781
74 58 34046
74 59 34356
74 60 22966
74 61 174
74 62 3236
74 63 16599
74 64 10135
74 65 45666
74 66 45915
74 67 22072
74 68 11805
74 69 8192
74 70 23250
74 71 20666
74 72 36274
74 73 10861
74 75 16496
74 76 1340
75 1 14326
75 2 5266
75 3 15429
75 4 2501
75 5 16186
75 6 3067
75 7 9313
75 8 10136
75 9 19011
75 10 24360
75 11 22981
75 12 9009
75 13 18418
75 14 20970
75 15 17373
75 16 12106
75 17 6024
75 18 28054
75 19 18520
75 20 26342
75 21 15787
75 22 18768
75 23 21129
75 24 21117
75 25 26173
75 26 6182
75 27 8399
75 28 16025
75 29 10710
75 30 3940
75 31 16047
75 32 17701
75 33 10106
75 34 9086
75 35 16118
75 36 24079
75 37 24487
75 38 21646
75 39 20644
75 40 10517
75 41 31468
75 42 31081
75 43 24905
75 44 16770
75 45 8873
75 46 8825
75 47 20703
75 48 11772
75 49 20785
75 50 25072
75 51 6321
75 52 9369
75 53 19376
75 54 13993
75 55 28862
75 56 24094
75 57 18745
75 58 17046
75 59 21463
75 60 34926
75 61 16871
75 62 12959
75 63 15428
75 64 21588
75 65 29158
75 66 30117
75 67 6582
75 68 3124
75 69 23806
75 70 33563
75 71 33675
75 72 19500
75 73 15645
75 74 11184
75 76 -15660
END
NODE_CONSUMPTION
0 1 18
0 2 26
0 3 11
0 4 30
0 5 21
0 6 19
0 7 15
0 8 16
0 9 29
0 10 26
0 11 37
0 12 16
0 13 12
0 14 31
0 15 8
0 16 19
0 17 20
0 18 13
0 19 15
0 20 22
0 21 28
0 22 12
0 23 6
0 24 27
0 25 14
0 26 18
0 27 17
0 28 29
0 29 13
0 30 22
0 31 25
0 32 28
0 33 27
0 34 19
0 35 10
0 36 12
0 37 14
0 38 24
0 39 16
0 40 33
0 41 15
0 42 11
0 43 18
0 44 17
0 45 21
0 46 27
0 47 19
0 48 20
0 49 5
0 50 22
0 51 12
0 52 19
0 53 22
0 54 16
0 55 7
0 56 26
0 57 14
0 58 21
0 59 24
0 60 13
0 61 15
0 62 18
0 63 11
0 64 28
0 65 9
0 66 37
0 67 30
0 68 10
0 69 8
0 70 11
0 71 3
0 72 1
0 73 6
0 74 10
0 75 20
END
