NAME : ./data/ESPPRC - Test Instances/P-n70-k10_a.simplified-vrp
SIZE : 71
DIRECTED : 1
CYCLIC : 1
ORIGIN : 0
DESTINATION : 70
RESOURCES : 1
RES_NAMES : 0
RES_TYPE
0 CAP
END
RES_BOUND
0 0 135
END
EDGE_COST
0 1 16111
0 2 4856
0 3 12662
0 4 78
0 5 13635
0 6 1845
0 7 7990
0 8 8046
0 9 10837
0 10 12708
0 11 8738
0 12 6696
0 13 15031
0 14 12085
0 15 18551
0 16 11015
0 17 2232
0 18 23010
0 19 13594
0 20 22458
0 21 11012
0 22 18810
0 23 24423
0 24 9794
0 25 22206
0 26 992
0 27 9911
0 28 11378
0 29 13114
0 30 7182
0 31 7448
0 32 11534
0 33 7222
0 34 6720
0 35 13890
0 36 23713
0 37 21726
0 38 13528
0 39 14807
0 40 3526
0 41 25992
0 42 28037
0 43 20869
0 44 13965
0 45 7276
0 46 6272
0 47 16819
0 48 12104
0 49 22364
0 50 16624
0 51 4933
0 52 6887
0 53 12521
0 54 10499
0 55 22313
0 56 17582
0 57 16359
0 58 11017
0 59 11541
0 60 24296
0 61 15868
0 62 13719
0 63 15058
0 64 16239
0 65 25006
0 66 15458
0 67 2294
0 68 5205
0 69 23120
1 2 4856
1 3 16037
1 4 19427
1 5 21696
1 6 8904
1 7 33446
1 8 32459
1 9 24452
1 10 34247
1 11 33786
1 12 26393
1 13 34529
1 14 37433
1 15 31398
1 16 5635
1 17 18767
1 18 24525
1 19 37892
1 20 30409
1 21 7487
1 22 -1755
1 23 5568
1 24 2465
1 25 31261
1 26 25519
1 27 28870
1 28 1181
1 29 24940
1 30 14242
1 31 25085
1 32 20330
1 33 -2520
1 34 30007
1 35 39140
1 36 24783
1 37 28349
1 38 37208
1 39 31279
1 40 18504
1 41 937
1 42 2598
1 43 -4313
1 44 19368
1 45 22254
1 46 30320
1 47 18755
1 48 17507
1 49 13161
1 50 21655
1 51 12273
1 52 28522
1 53 37953
1 54 32327
1 55 29364
1 56 -3301
1 57 31471
1 58 33065
1 59 36903
1 60 26724
1 61 2894
1 62 -396
1 63 943
1 64 -8388
1 65 48953
1 66 40256
1 67 27389
1 68 17341
1 69 19044
1 70 17903
2 1 5215
2 3 17222
2 4 5735
2 5 8560
2 6 1169
2 7 21633
2 8 19105
2 9 21718
2 10 26908
2 11 22965
2 12 19633
2 13 19984
2 14 24742
2 15 17425
2 16 9627
2 17 12418
2 18 28485
2 19 24244
2 20 17999
2 21 -1019
2 22 4797
2 23 18118
2 24 10273
2 25 31449
2 26 15525
2 27 14372
2 28 -3087
2 29 10675
2 30 -136
2 31 20589
2 32 19744
2 33 -142
2 34 16519
2 35 26472
2 36 14690
2 37 16111
2 38 28087
2 39 26971
2 40 14123
2 41 15389
2 42 16155
2 43 10169
2 44 19976
2 45 7694
2 46 17024
2 47 7697
2 48 4488
2 49 21126
2 50 23562
2 51 8653
2 52 14378
2 53 26208
2 54 17918
2 55 30995
2 56 10437
2 57 17198
2 58 25251
2 59 24112
2 60 16638
2 61 1634
2 62 -157
2 63 9189
2 64 2925
2 65 39557
2 66 29790
2 67 15267
2 68 5205
2 69 11834
2 70 7007
3 1 13677
3 2 14503
3 4 19007
3 5 30837
3 6 8904
3 7 23276
3 8 26235
3 9 2102
3 10 15028
3 11 19029
3 12 9845
3 13 34672
3 14 27002
3 15 37413
3 16 599
3 17 6212
3 18 4403
3 19 31295
3 20 40332
3 21 23125
3 22 20784
3 23 12761
3 24 -9200
3 25 8380
3 26 14934
3 27 29491
3 28 19065
3 29 31034
3 30 21933
3 31 2913
3 32 -2608
3 33 6181
3 34 26148
3 35 30228
3 36 38711
3 37 38914
3 38 20024
3 39 9939
3 40 -320
3 41 19168
3 42 23543
3 43 15455
3 44 -3651
3 45 25784
3 46 25242
3 47 31618
3 48 27613
3 49 5695
3 50 -528
3 51 3888
3 52 26479
3 53 25905
3 54 29654
3 55 7200
3 56 5420
3 57 35720
3 58 15224
3 59 25677
3 60 40443
3 61 23419
3 62 17929
3 63 7730
3 64 13674
3 65 31671
3 66 24223
3 67 21096
3 68 18734
3 69 35977
3 70 12094
4 1 17075
4 2 3024
4 3 19015
4 5 6663
4 6 4667
4 7 9659
4 8 6377
4 9 17846
4 10 18109
4 11 11206
4 12 13481
4 13 9470
4 14 12085
4 15 11596
4 16 15620
4 17 9170
4 18 29801
4 19 11586
4 20 15386
4 21 5740
4 22 17465
4 23 27751
4 24 15491
4 25 29275
4 26 6614
4 27 3806
4 28 8334
4 29 6077
4 30 2084
4 31 13664
4 32 18536
4 33 9343
4 34 3791
4 35 13890
4 36 17178
4 37 14710
4 38 17666
4 39 21601
4 40 10597
4 41 27347
4 42 28588
4 43 22100
4 44 20644
4 45 205
4 46 4312
4 47 10509
4 48 5806
4 49 27429
4 50 23562
4 51 10380
4 52 2232
4 53 14015
4 54 6284
4 55 29384
4 56 20682
4 57 9722
4 58 16512
4 59 11410
4 60 17388
4 61 11998
4 62 12571
4 63 18192
4 64 15653
4 65 28738
4 66 18120
4 67 3909
4 68 5205
4 69 17158
4 70 -482
5 1 23716
5 2 10221
5 3 35217
5 4 11035
5 6 18702
5 7 24262
5 8 17235
5 9 35836
5 10 35092
5 11 24583
5 12 31505
5 13 9023
5 14 21938
5 15 -590
5 16 29176
5 17 26728
5 18 46536
5 19 19047
5 20 -1782
5 21 -3245
5 22 18229
5 23 37759
5 24 29884
5 25 47102
5 26 24439
5 27 7756
5 28 7259
5 29 1383
5 30 6280
5 31 31266
5 32 35999
5 33 19782
5 34 17336
5 35 25862
5 36 657
5 37 -3219
5 38 33292
5 39 39616
5 40 28435
5 41 32862
5 42 32415
5 43 27992
5 44 37394
5 45 4314
5 46 17453
5 47 -3036
5 48 -1441
5 49 40908
5 50 40756
5 51 26090
5 52 10773
5 53 26849
5 54 7667
5 55 47155
5 56 29674
5 57 388
5 58 33737
5 59 19609
5 60 -613
5 61 5235
5 62 16358
5 63 29098
5 64 15947
5 65 43632
5 66 31261
5 67 21075
5 68 19326
5 69 2520
5 70 17447
6 1 6934
6 2 -1160
6 3 9294
6 4 5049
6 5 14712
6 7 17193
6 8 16832
6 9 13198
6 10 19465
6 11 17596
6 12 11730
6 13 21487
6 14 21296
6 15 22024
6 16 3765
6 17 4170
6 18 20682
6 19 22387
6 20 24276
6 21 7424
6 22 10532
6 23 15842
6 24 4172
6 25 22964
6 26 9331
6 27 15756
6 28 4974
6 29 15291
6 30 5670
6 31 12388
6 32 11284
6 33 -1980
6 34 14748
6 35 23065
6 36 22497
6 37 22725
6 38 21530
6 39 18619
6 40 5663
6 41 16776
6 42 18875
6 43 11651
6 44 11788
6 45 10598
6 46 14790
6 47 15388
6 48 11337
6 49 15671
6 50 15367
6 51 291
6 52 14123
6 53 21677
6 54 18193
6 55 22607
6 56 8880
6 57 20938
6 58 17943
6 59 20756
6 60 24168
6 61 9794
6 62 5676
6 63 6298
6 64 7359
6 65 33195
6 66 24167
6 67 11331
6 68 3024
6 69 20239
6 70 1667
7 1 30253
7 2 18081
7 3 22443
7 4 8818
7 5 19049
7 6 15970
7 8 -694
7 9 12868
7 10 5576
7 11 -4606
7 12 9646
7 13 11679
7 14 -1826
7 15 19984
7 16 23801
7 17 12198
7 18 29561
7 19 2351
7 20 25083
7 21 21200
7 22 32498
7 23 37815
7 24 20224
7 25 24811
7 26 4758
7 27 10519
7 28 24025
7 29 18758
7 30 17864
7 31 2542
7 32 17490
7 33 21308
7 34 6720
7 35 862
7 36 30807
7 37 26111
7 38 2881
7 39 14807
7 40 9384
7 41 40086
7 42 42178
7 43 34990
7 44 22418
7 45 13134
7 46 3154
7 47 24893
7 48 20557
7 49 34143
7 50 22453
7 51 17595
7 52 5394
7 53 -1549
7 54 2715
7 55 24608
7 56 31026
7 57 15640
7 58 5159
7 59 -2465
7 60 29112
7 61 27808
7 62 27414
7 63 28753
7 64 30236
7 65 13383
7 66 2310
7 67 6343
7 68 18734
7 69 31757
7 70 6589
8 1 30879
8 2 17166
8 3 27015
8 4 7149
8 5 13635
8 6 17222
8 7 919
8 9 19438
8 10 12515
8 11 -417
8 12 15494
8 13 4677
8 14 -1826
8 15 13484
8 16 26770
8 17 16193
8 18 35421
8 19 -2199
8 20 18582
8 21 17555
8 22 31582
8 23 40208
8 24 24700
8 25 31449
8 26 8945
8 27 4756
8 28 22091
8 29 13910
8 30 15336
8 31 9545
8 32 23286
8 33 22539
8 34 3791
8 35 862
8 36 25621
8 37 20124
8 38 9074
8 39 21601
8 40 14879
8 41 41070
8 42 42574
8 43 35851
8 44 27481
8 45 8945
8 46 92
8 47 20307
8 48 16488
8 49 37859
8 50 28427
8 51 20571
8 52 -184
8 53 1849
8 54 -3871
8 55 31365
8 56 33344
8 57 8772
8 58 12230
8 59 -2671
8 60 23005
8 61 25016
8 62 26713
8 63 30776
8 64 29796
8 65 18878
8 66 6297
8 67 7349
8 68 18734
8 69 27061
8 70 8258
9 1 27871
9 2 24778
9 3 7881
9 4 23617
9 5 37235
9 6 18587
9 7 19480
9 8 24437
9 10 2360
9 11 9197
9 12 6655
9 13 35737
9 14 20338
9 15 41558
9 16 15136
9 17 10723
9 18 5387
9 19 27828
9 20 45896
9 21 33113
9 22 34396
9 23 27476
9 24 1497
9 25 -740
9 26 14758
9 27 32044
9 28 30795
9 29 36687
9 30 29985
9 31 -11940
9 32 -3459
9 33 19418
9 34 27330
9 35 26226
9 36 47043
9 37 45316
9 38 8738
9 39 -3431
9 40 -767
9 41 34029
9 42 38293
9 43 30210
9 44 5432
9 45 30777
9 46 25324
9 47 40013
9 48 35397
9 49 19532
9 50 -1656
9 51 14112
9 52 27745
9 53 18918
9 54 28257
9 55 -697
9 56 19866
9 57 38629
9 58 5053
9 59 17405
9 60 47880
9 61 35569
9 62 30563
9 63 22311
9 64 28336
9 65 19784
9 66 12838
9 67 22404
9 68 26561
9 69 45765
9 70 16048
10 1 38194
10 2 30496
10 3 21335
10 4 24408
10 5 37019
10 6 25382
10 7 12716
10 8 18042
10 9 2888
10 11 -5384
10 12 10424
10 13 30483
10 14 8052
10 15 38761
10 16 27110
10 17 17257
10 18 20697
10 19 18610
10 20 43826
10 21 36868
10 22 43214
10 23 40840
10 24 16882
10 25 12051
10 26 14934
10 27 29097
10 28 37112
10 29 36436
10 30 32976
10 31 -16206
10 32 11534
10 33 28978
10 34 24577
10 35 17794
10 36 48330
10 37 44491
10 38 -6398
10 39 4108
10 40 8252
10 41 46193
10 42 49665
10 43 41752
10 44 19522
10 45 30497
10 46 21493
10 47 41864
10 48 37194
10 49 33891
10 50 13868
10 51 23043
10 52 24050
10 53 7342
10 54 20277
10 55 10152
10 56 33683
10 57 34506
10 58 -2983
10 59 3189
10 60 47512
10 61 41767
10 62 38432
10 63 33880
10 64 39151
10 65 4153
10 66 -2749
10 67 21424
10 68 30986
10 69 48558
10 70 18447
11 1 44858
11 2 33678
11 3 32461
11 4 24630
11 5 33635
11 6 30638
11 7 9659
11 8 12235
11 9 16850
11 10 1741
11 12 19026
11 13 23276
11 14 -5088
11 15 32941
11 16 36287
11 17 24584
11 18 34996
11 19 8570
11 20 37861
11 21 36868
11 22 47936
11 23 50527
11 24 29460
11 25 26977
11 26 18510
11 27 24756
11 28 39787
11 29 33790
11 30 33668
11 31 -3259
11 32 24444
11 33 35646
11 34 22215
11 35 10862
11 36 45616
11 37 39959
11 38 -5336
11 39 17941
11 40 18539
11 41 54201
11 42 56783
11 43 49287
11 44 31362
11 45 28489
11 46 18437
11 47 40142
11 48 36041
11 49 45067
11 50 27942
11 51 30658
11 52 19764
11 53 -2151
11 54 10313
11 55 25164
11 56 43673
11 57 27475
11 58 6828
11 59 -11845
11 60 42689
11 61 43618
11 62 42836
11 63 42194
11 64 45338
11 65 454
11 66 -13497
11 67 21989
11 68 34160
11 69 46962
11 70 21602
12 1 22435
12 2 15316
12 3 8247
12 4 11875
12 5 25527
12 6 9742
12 7 8881
12 8 13116
12 9 -722
12 10 2519
12 11 3996
12 13 23855
12 14 11941
12 15 29532
12 16 12117
12 17 1450
12 18 14600
12 19 17351
12 20 33958
12 21 22768
12 22 27447
12 23 26280
12 24 5778
12 25 11168
12 26 2719
12 27 20005
12 28 21863
12 29 24907
12 30 19113
12 31 -4342
12 32 2483
12 33 13188
12 34 15321
12 35 15887
12 36 35795
12 37 33539
12 38 5811
12 39 2742
12 40 -5517
12 41 30806
12 42 34027
12 43 26195
12 44 7667
12 45 18941
12 46 13450
12 47 28893
12 48 24184
12 49 20713
12 50 7558
12 51 7304
12 52 15767
12 53 10730
12 54 17006
12 55 11288
12 56 19369
12 57 26600
12 58 1313
12 59 10458
12 60 36256
12 61 26645
12 62 22759
12 63 18504
12 64 23387
12 65 17590
12 66 9637
12 67 10363
12 68 16173
12 69 35093
12 70 4530
13 1 32714
13 2 17810
13 3 35217
13 4 10007
13 5 5188
13 6 21642
13 7 13057
13 8 4442
13 9 30503
13 10 24721
13 11 10389
13 12 25998
13 14 6282
13 15 2348
13 16 32611
13 17 24534
13 18 45133
13 19 3185
13 20 7066
13 21 12142
13 22 30586
13 23 44516
13 24 32237
13 25 42499
13 26 18616
13 27 827
13 28 19878
13 29 8129
13 30 13888
13 31 21740
13 32 33193
13 33 25915
13 34 9720
13 35 12415
13 36 16856
13 37 9810
13 38 21040
13 39 33054
13 40 24725
13 41 42898
13 42 43446
13 43 37682
13 44 36361
13 45 6134
13 46 8130
13 47 13217
13 48 11287
13 49 44383
13 50 38420
13 51 27130
13 52 1289
13 53 12936
13 54 -8710
13 55 42569
13 56 37306
13 57 -3275
13 58 24319
13 59 3205
13 60 12093
13 61 20583
13 62 26699
13 63 34994
13 64 28985
13 65 30383
13 66 16559
13 67 15294
13 68 22008
13 69 18999
13 70 15008
14 1 43806
14 2 30756
14 3 35735
14 4 20810
14 5 26291
14 6 29639
14 7 7740
14 8 6127
14 9 23292
14 10 10478
14 11 -9787
14 12 22272
14 13 14470
14 15 24348
14 16 37664
14 17 25950
14 18 41133
14 19 -815
14 20 28874
14 21 31256
14 22 45247
14 23 51707
14 24 33412
14 25 34505
14 26 18616
14 27 17798
14 28 35955
14 29 27248
14 30 29223
14 31 6699
14 32 29530
14 33 35025
14 34 17529
14 35 5761
14 36 38283
14 37 31758
14 38 4095
14 39 24586
14 40 22141
14 41 53788
14 42 55670
14 43 48645
14 44 35325
14 45 22681
14 46 13693
14 47 33574
14 48 30114
14 49 47781
14 50 33953
14 51 31478
14 52 13361
14 53 -3151
14 54 243
14 55 33487
14 56 44918
14 57 18331
14 58 13221
14 59 -16248
14 60 34067
14 61 38879
14 62 40276
14 63 42627
14 64 43320
14 65 11075
14 66 -4966
14 67 19581
14 68 31866
14 69 40099
14 70 20250
15 1 30705
15 2 16373
15 3 39080
15 4 13255
15 5 -3303
15 6 23301
15 7 22484
15 8 14371
15 9 37446
15 10 34121
15 11 21176
15 12 32797
15 13 3470
15 14 17282
15 16 34319
15 17 29398
15 18 50035
15 19 14185
15 20 -3542
15 21 4812
15 22 26039
15 23 44195
15 24 34847
15 25 49172
15 26 25323
15 27 5963
15 28 15023
15 29 4873
15 30 11969
15 31 30879
15 32 38736
15 33 25764
15 34 16720
15 35 22788
15 36 6732
15 37 -1070
15 38 31200
15 39 40612
15 40 30615
15 41 40245
15 42 40020
15 43 35250
15 44 40857
15 45 6550
15 46 16187
15 47 4893
15 48 5806
15 49 46216
15 50 43801
15 51 30137
15 52 8870
15 53 23583
15 54 1200
15 55 49313
15 56 36429
15 57 -7576
15 58 33207
15 59 13914
15 60 1129
15 61 13257
15 62 23607
15 63 35123
15 64 23922
15 65 40922
15 66 27483
15 67 21668
15 68 23557
15 69 9081
15 70 19650
16 1 4691
16 2 8324
16 3 2015
16 4 17028
16 5 26212
16 6 4791
16 7 26050
16 8 27406
16 9 10773
16 10 22219
16 11 24271
16 12 15131
16 13 33482
16 14 30347
16 15 34068
16 17 8592
16 18 11448
16 19 32905
16 20 35778
16 21 16244
16 22 11933
16 23 5844
16 24 -7690
16 25 17248
16 26 17270
16 27 27815
16 28 11276
16 29 27248
16 30 17030
16 31 11571
16 32 6359
16 33 -1980
16 34 25995
16 35 32632
16 36 32619
16 37 34004
16 38 26301
16 39 18078
16 40 6027
16 41 10781
16 42 14772
16 43 6699
16 44 5349
16 45 22748
16 46 25686
16 47 25698
16 48 22375
16 49 3513
16 50 7823
16 51 2432
16 52 25806
16 53 29811
16 54 29751
16 55 15622
16 56 -979
16 57 33092
16 58 21627
16 59 29558
16 60 34629
16 61 15175
16 62 9716
16 63 -1220
16 64 4802
16 65 38071
16 66 30135
16 67 21648
16 68 15188
16 69 28943
16 70 11863
17 1 15252
17 2 8544
17 3 5057
17 4 8007
17 5 21193
17 6 2625
17 7 11876
17 8 14258
17 9 3789
17 10 9795
17 11 9997
17 12 1893
17 13 22834
17 14 16062
17 15 26576
17 16 6021
17 18 14957
17 19 19460
17 20 30286
17 21 16611
17 22 20176
17 23 20241
17 24 2677
17 25 14576
17 26 3155
17 27 17922
17 28 14934
17 29 20848
17 30 13455
17 31 2402
17 32 3543
17 33 5971
17 34 14184
17 35 18666
17 36 30569
17 37 29333
17 38 12679
17 39 8725
17 40 -3908
17 41 23962
17 42 26954
17 43 19211
17 44 5998
17 45 15157
17 46 13203
17 47 23508
17 48 18947
17 49 16133
17 50 8575
17 51 291
17 52 14585
17 53 15403
17 54 17612
17 55 14600
17 56 13435
17 57 24416
17 58 8481
17 59 15181
17 60 31635
17 61 19752
17 62 15545
17 63 11802
17 64 16180
17 65 24447
17 66 16101
17 67 9075
17 68 10008
17 69 29220
17 70 509
18 1 27056
18 2 30657
18 3 9294
18 4 34684
18 5 47047
18 6 25183
18 7 35285
18 8 39532
18 9 4499
18 10 19281
18 11 26455
18 12 21089
18 13 49479
18 14 37291
18 15 53259
18 16 14923
18 17 21003
18 19 43785
18 20 56491
18 21 39161
18 22 34635
18 23 21109
18 24 -10189
18 25 278
18 26 28435
18 27 44746
18 28 34570
18 29 47106
18 30 38207
18 31 72
18 32 2672
18 33 21324
18 34 40731
18 35 42252
18 36 54958
18 37 55147
18 38 25896
18 39 13824
18 40 11224
18 41 28872
18 42 34394
18 43 26635
18 44 7771
18 45 41683
18 46 39364
18 47 47876
18 48 43890
18 49 12541
18 50 -7058
18 51 20137
18 52 41211
18 53 35860
18 54 43388
18 55 -6077
18 56 11565
18 57 51244
18 58 22274
18 59 34644
18 60 56719
18 61 38458
18 62 33035
18 63 20928
18 64 24579
18 65 36707
18 66 29819
18 67 35535
18 68 34939
18 69 51976
18 70 27333
19 1 38362
19 2 24355
19 3 34125
19 4 14408
19 5 17497
19 6 24827
19 7 6014
19 8 -149
19 9 24879
19 10 15133
19 11 -2032
19 12 21779
19 13 5470
19 14 -6718
19 15 15348
19 16 34319
19 17 23445
19 18 41724
19 20 19922
19 21 23074
19 22 38606
19 23 47819
19 24 31885
19 25 36724
19 26 16004
19 27 9408
19 28 28732
19 29 18841
19 30 21933
19 31 12113
19 32 29641
19 33 30124
19 34 11142
19 35 3142
19 36 29440
19 37 22771
19 38 10033
19 39 26622
19 40 21446
19 41 48587
19 42 49977
19 43 43357
19 44 34349
19 45 14767
19 46 7622
19 47 25007
19 48 21902
19 49 45283
19 50 34618
19 51 28093
19 52 5551
19 53 1251
19 54 -7918
19 55 36349
19 56 40959
19 57 9394
19 58 16077
19 59 -8989
19 60 25074
19 61 31030
19 62 33879
19 63 38392
19 64 36929
19 65 18443
19 66 3738
19 67 14937
19 68 26227
19 69 31364
19 70 15856
20 1 35376
20 2 22607
20 3 47659
20 4 22705
20 5 1165
20 6 31213
20 7 33243
20 8 25129
20 9 47444
20 10 44846
20 11 31756
20 12 42883
20 13 13848
20 14 27468
20 15 2118
20 16 41689
20 17 38768
20 18 58927
20 19 24419
20 21 5740
20 22 28408
20 23 49792
20 24 42400
20 25 58971
20 26 35517
20 27 16581
20 28 17927
20 29 13114
20 30 18806
20 31 41537
20 32 48126
20 33 32138
20 34 27249
20 35 33505
20 36 3256
20 37 -4207
20 38 41964
20 39 50858
20 40 40296
20 41 43840
20 42 42968
20 43 39228
20 44 49749
20 45 15761
20 46 26857
20 47 5924
20 48 10801
20 49 53386
20 50 53010
20 51 38542
20 52 19578
20 53 34234
20 54 10499
20 55 59083
20 56 41420
20 57 1219
20 58 43856
20 59 23282
20 60 -8773
20 61 12682
20 62 27855
20 63 41400
20 64 25015
20 65 51624
20 66 37917
20 67 31909
20 68 31763
20 69 4625
20 70 29217
21 1 14425
21 2 5560
21 3 32423
21 4 15030
21 5 1673
21 6 16332
21 7 31331
21 8 26073
21 9 36632
21 10 39859
21 11 32734
21 12 33664
21 13 20895
21 14 31821
21 15 12443
21 16 24126
21 17 27064
21 18 43568
21 19 29542
21 20 7711
21 22 6396
21 23 29287
21 24 24292
21 25 46670
21 26 28045
21 27 17463
21 28 -3650
21 29 9939
21 30 5902
21 31 34667
21 32 34981
21 33 13501
21 34 24379
21 35 34463
21 36 1047
21 37 5835
21 38 39687
21 39 41487
21 40 28944
21 41 22006
21 42 20985
21 43 17615
21 44 35230
21 45 11162
21 46 24925
21 47 -3782
21 48 432
21 49 34901
21 50 38807
21 51 23905
21 52 19671
21 53 35203
21 54 19715
21 55 46257
21 56 20270
21 57 13420
21 58 38187
21 59 30367
21 60 2961
21 61 -7736
21 62 7010
21 63 22108
21 64 3310
21 65 50698
21 66 39638
21 67 25926
21 68 18806
21 69 -3426
21 70 19742
22 1 504
22 2 6697
22 3 25403
22 4 22076
22 5 18468
22 6 14761
22 7 37950
22 8 35421
22 9 33236
22 10 41526
22 11 39123
22 12 33664
22 13 34660
22 14 41133
22 15 28991
22 16 15136
22 17 25950
22 18 34363
22 19 40395
22 20 25700
22 21 1717
22 23 14251
22 24 12169
22 25 40752
22 26 31158
22 27 29561
22 28 -3650
22 29 23744
22 30 14265
22 31 33538
22 32 29530
22 33 5418
22 34 32845
22 35 42873
22 36 18767
22 37 23769
22 38 43611
22 39 39616
22 40 26600
22 41 4317
22 42 3013
22 43 641
22 44 28704
22 45 22545
22 46 33380
22 47 13976
22 48 14897
22 49 22946
22 50 31327
22 51 20061
22 52 30282
22 53 42546
22 54 33129
22 55 39090
22 56 3744
22 57 29618
22 58 40058
22 59 40479
22 60 20080
22 61 -6159
22 62 -580
22 63 10725
22 64 -13172
22 65 55230
22 66 45871
22 67 31579
22 68 21249
22 69 11389
22 70 22861
23 1 3185
23 2 15376
23 3 12738
23 4 27720
23 5 33356
23 6 15429
23 7 38625
23 8 39405
23 9 21674
23 10 34510
23 11 37072
23 12 27855
23 13 43948
23 14 42951
23 15 42505
23 16 4405
23 17 21373
23 18 16195
23 19 44966
23 20 42442
23 21 19966
23 22 9609
23 24 -7818
23 25 25461
23 26 29895
23 27 38163
23 28 13696
23 29 35724
23 30 24926
23 31 22340
23 32 16643
23 33 4451
23 34 37524
23 35 45055
23 36 37222
23 37 40405
23 38 38947
23 39 29662
23 40 18453
23 41 802
23 42 6528
23 43 -725
23 44 15710
23 45 32185
23 46 37471
23 47 31003
23 48 29144
23 49 4343
23 50 15226
23 51 14983
23 52 36892
23 53 42546
23 54 40969
23 55 21899
23 56 -13749
23 57 42190
23 58 34203
23 59 42238
23 60 39210
23 61 14936
23 62 11974
23 63 1917
23 64 -3428
23 65 50698
23 66 42878
23 67 33679
23 68 25384
23 69 31550
23 70 23832
24 1 16462
24 2 23911
24 3 7157
24 4 31840
24 5 41861
24 6 20139
24 7 37414
24 8 40277
24 9 12075
24 10 26932
24 11 32385
24 12 23733
24 13 48049
24 14 41036
24 15 49537
24 16 7251
24 17 20189
24 18 1277
24 19 45412
24 20 51430
24 21 31351
24 22 23907
24 23 8562
24 25 12223
24 26 29041
24 27 42592
24 28 25760
24 29 42779
24 30 32676
24 31 11144
24 32 7358
24 33 13019
24 34 39825
24 35 44370
24 36 48035
24 37 49652
24 38 32743
24 39 21047
24 40 13426
24 41 16233
24 42 22051
24 43 14611
24 44 8215
24 45 38056
24 46 39103
24 47 41206
24 48 38018
24 49 1364
24 50 2206
24 51 16249
24 52 40010
24 53 39849
24 54 43513
24 55 7053
24 56 -1552
24 57 48347
24 58 28138
24 59 39530
24 60 50094
24 61 28645
24 62 23885
24 63 11082
24 64 12060
24 65 44157
24 66 37024
24 67 34922
24 68 30498
24 69 43809
24 70 25583
25 1 32952
25 2 32781
25 3 12431
25 4 33318
25 5 46773
25 6 26625
25 7 29695
25 8 34720
25 9 -2468
25 10 9795
25 11 17596
25 12 16817
25 13 46005
25 14 29823
25 15 51556
25 16 19883
25 17 19782
25 18 -562
25 19 37945
25 20 55695
25 21 41423
25 22 40184
25 23 29535
25 24 -83
25 26 24909
25 27 42171
25 28 38127
25 29 46337
25 30 38907
25 31 -11221
25 32 1413
25 33 25557
25 34 37524
25 35 36359
25 36 56067
25 37 54902
25 38 16669
25 39 6047
25 40 8489
25 41 37022
25 42 42008
25 43 33990
25 44 9841
25 45 40515
25 46 35589
25 47 48969
25 48 44497
25 49 20769
25 50 -4812
25 51 21619
25 52 37967
25 53 28488
25 54 38516
25 55 -10893
25 56 20942
25 57 48786
25 58 14362
25 59 26122
25 60 57246
25 61 42667
25 62 37238
25 63 26829
25 64 32261
25 65 26924
25 66 20015
25 67 32518
25 68 35368
25 69 54233
25 70 25689
26 1 21265
26 2 10912
26 3 13040
26 4 4712
26 5 18165
26 6 7047
26 7 3697
26 8 6271
26 9 7085
26 10 6733
26 11 3184
26 12 2423
26 13 16177
26 14 7989
26 15 21762
26 16 13960
26 17 2416
26 18 21650
26 19 11280
26 20 26296
26 21 16853
26 22 24645
26 23 28024
26 24 10790
26 25 18964
26 27 12195
26 28 17457
26 29 17500
26 30 12964
26 31 1963
26 32 9578
26 33 12090
26 34 7537
26 35 10422
26 36 28882
26 37 26069
26 38 7483
26 39 10250
26 40 1089
26 41 30769
26 42 33199
26 43 25776
26 44 13449
26 45 11492
26 46 5862
26 47 22173
26 48 17450
26 49 24376
26 50 14799
26 51 7780
26 52 8009
26 53 7653
26 54 9956
26 55 19092
26 56 21237
26 57 18791
26 58 5053
26 59 7254
26 60 28914
26 61 21945
26 62 19589
26 63 19098
26 64 21776
26 65 19015
26 66 9752
26 67 2566
26 68 11267
26 69 28710
26 70 -1470
27 1 25769
27 2 10912
27 3 28750
27 4 3057
27 5 2635
27 6 14625
27 7 10611
27 8 3235
27 9 25524
27 10 22049
27 11 10583
27 12 20862
27 13 -459
27 14 8324
27 15 3555
27 16 25658
27 17 18336
27 18 39114
27 19 5837
27 20 8513
27 21 7424
27 22 24201
27 23 37445
27 24 25494
27 25 37379
27 26 13348
27 28 13770
27 29 3219
27 30 7286
27 31 18714
27 32 27409
27 33 18846
27 34 4530
27 35 11862
27 36 14628
27 37 9357
27 38 19587
27 39 28515
27 40 19066
27 41 35996
27 42 36689
27 43 30764
27 44 30119
27 45 -463
27 46 4036
27 47 9540
27 48 6253
27 49 37479
27 50 32593
27 51 20364
27 52 -3132
27 53 12849
27 54 -2628
27 55 37515
27 56 30240
27 57 388
27 58 21034
27 59 6663
27 60 12350
27 61 15472
27 62 20011
27 63 27925
27 64 22633
27 65 29729
27 66 17276
27 67 9715
27 68 14954
27 69 16171
27 70 8602
28 1 4973
28 2 346
28 3 25217
28 4 14478
28 5 9031
28 6 10736
28 7 31010
28 8 27463
28 9 31168
28 10 36957
28 11 32507
28 12 29613
28 13 25485
28 14 33374
28 15 19508
28 16 16012
28 17 22241
28 18 35831
28 19 32054
28 20 16752
28 21 -6796
28 22 -2117
28 23 19871
28 24 15555
28 25 40228
28 26 25503
28 27 20663
28 29 14398
28 30 5670
28 31 30473
28 32 28547
28 33 5229
28 34 25022
28 35 35308
28 36 10532
28 37 14730
28 38 38022
28 39 36729
28 40 23750
28 41 12779
28 42 12068
28 43 8214
28 44 28277
28 45 13652
28 46 25621
28 47 4926
28 48 5416
28 49 26121
28 50 31663
28 51 17658
28 52 21814
28 53 35467
28 54 24088
28 55 39393
28 56 10784
28 57 20134
28 58 35300
28 59 32527
28 60 12414
28 61 -8316
28 62 -2239
28 63 13215
28 64 -3948
28 65 49428
28 66 39389
28 67 24766
28 68 15188
28 69 4966
28 70 16962
29 1 20920
29 2 6296
29 3 29374
29 4 4409
29 5 -4657
29 6 13241
29 7 17931
29 8 11470
29 9 29248
29 10 28469
29 11 18698
29 12 24845
29 13 5924
29 14 16855
29 15 1546
29 16 24172
29 17 20343
29 18 40555
29 19 14351
29 20 4127
29 21 -1019
29 22 17465
29 23 34087
29 24 24762
29 25 40626
29 26 17734
29 27 2300
29 28 6586
29 30 1864
29 31 24571
29 32 29691
29 33 15591
29 34 10862
29 35 20049
29 36 6732
29 37 3311
29 38 26913
29 39 32943
29 40 21942
29 41 30757
29 42 30865
29 43 25653
29 44 31362
29 45 -2394
29 46 11123
29 47 1073
29 48 -2109
29 49 36054
29 50 34576
29 51 20308
29 52 4911
29 53 20994
29 54 4693
29 55 40715
29 56 26431
29 57 1219
29 58 27073
29 59 15170
29 60 6089
29 61 7246
29 62 14162
29 63 24946
29 64 15771
29 65 37428
29 66 25494
29 67 14373
29 68 13577
29 69 7848
29 70 10886
30 1 12033
30 2 -2704
30 3 22084
30 4 2227
30 5 2051
30 6 5431
30 7 18848
30 8 14707
30 9 24357
30 10 26820
30 11 20387
30 12 20862
30 13 13494
30 14 20641
30 15 10453
30 16 15765
30 17 14761
30 18 33467
30 19 19254
30 20 11630
30 21 -3245
30 22 9797
30 23 25100
30 24 16470
30 25 35007
30 26 15009
30 27 8178
30 28 -331
30 29 3675
30 31 21760
30 32 23535
30 33 6681
30 34 12372
30 35 22695
30 36 10023
30 37 9958
30 38 26802
30 39 28847
30 40 16679
30 41 22037
30 42 22431
30 43 16872
30 44 24462
30 45 1196
30 46 12981
30 47 2931
30 48 -1441
30 49 27535
30 50 27979
30 51 12993
30 52 9024
30 53 23091
30 54 11782
30 55 34887
30 56 17434
30 57 10204
30 58 25149
30 59 19737
30 60 11443
30 61 2824
30 62 5676
30 63 16042
30 64 8227
30 65 37936
30 66 27306
30 67 13034
30 68 6527
30 69 8844
30 70 6765
31 1 45400
31 2 40545
31 3 25588
31 4 36331
31 5 49561
31 6 34673
31 7 26050
31 8 31440
31 9 4956
31 10 162
31 11 5984
31 12 19931
31 13 43870
31 14 20641
31 15 51887
31 16 32830
31 17 26232
31 18 17856
31 19 31958
31 20 56885
31 21 48044
31 22 51594
31 23 45038
31 24 17462
31 25 7403
31 26 26532
31 27 42130
31 28 46996
31 29 48906
31 30 44284
31 32 14028
31 33 36683
31 34 37426
31 35 31246
31 36 60500
31 37 57253
31 38 5470
31 39 8477
31 40 15403
31 41 51741
31 42 55999
31 43 47920
31 44 23081
31 45 42903
31 46 34538
31 47 53784
31 48 49055
31 49 36778
31 50 12554
31 51 30942
31 52 37163
31 53 20459
31 54 33690
31 55 1727
31 56 37218
31 57 47822
31 58 9375
31 59 13926
31 60 60231
31 61 51812
31 62 47367
31 63 39994
31 64 46007
31 65 13308
31 66 5529
31 67 33679
31 68 41491
31 69 60222
31 70 29555
32 1 21655
32 2 20710
32 3 1077
32 4 22213
32 5 35304
32 6 14579
32 7 22008
32 8 26191
32 9 -5553
32 10 8912
32 11 14697
32 12 7766
32 13 36333
32 14 24482
32 15 40754
32 16 8628
32 17 8383
32 18 1466
32 19 30496
32 20 44484
32 21 29368
32 22 28596
32 23 20351
32 24 -5314
32 25 1047
32 26 15157
32 27 31835
32 28 26080
32 29 35036
32 30 27069
32 31 -4962
32 33 13749
32 34 27591
32 35 28998
32 36 44207
32 37 43450
32 38 14780
32 39 3076
32 40 -2072
32 41 27120
32 42 31591
32 43 23504
32 44 -1552
32 45 29369
32 46 26108
32 47 37095
32 48 32719
32 49 12321
32 50 -5442
32 51 9540
32 52 28086
32 53 23091
32 54 30053
32 55 696
32 56 12669
32 57 38430
32 58 10330
32 59 22366
32 60 45566
32 61 30675
32 62 25314
32 63 15784
32 64 21735
32 65 26140
32 66 19048
32 67 22404
32 68 23537
32 69 42193
32 70 14651
33 1 -1283
33 2 736
33 3 9778
33 4 12932
33 5 18999
33 6 1227
33 7 25738
33 8 25356
33 9 17236
33 10 26268
33 11 25811
33 12 18383
33 13 28967
33 14 29889
33 15 27694
33 16 201
33 17 10723
33 18 20030
33 19 30891
33 20 28408
33 21 7800
33 22 4396
33 23 8071
33 24 259
33 25 25103
33 26 17581
33 27 23184
33 28 2674
33 29 20848
33 30 10127
33 31 17605
33 32 13661
33 34 23121
33 35 31667
33 36 24445
33 37 26480
33 38 29146
33 39 23703
33 40 10762
33 41 8196
33 42 10569
33 43 3121
33 44 12996
33 45 17155
33 46 23270
33 47 17678
33 48 14897
33 49 10936
33 50 16097
33 51 4328
33 52 22156
33 53 30160
33 54 26200
33 55 23898
33 56 816
33 57 27232
33 58 25032
33 59 29345
33 60 26515
33 61 6714
33 62 1207
33 63 -1220
33 64 -372
33 65 40891
33 66 32232
33 67 19931
33 68 10574
33 69 20412
33 70 10251
34 1 23942
34 2 10095
34 3 22443
34 4 78
34 5 9251
34 6 10653
34 7 3848
34 8 -694
34 9 17846
34 10 14565
34 11 5078
34 12 13214
34 13 5470
34 14 5091
34 15 11348
34 16 20874
34 17 11634
34 18 32135
34 19 4607
34 20 16217
34 21 11376
34 22 24521
34 23 33842
34 24 19763
34 25 29768
34 26 5726
34 27 1566
34 28 15165
34 29 8817
34 30 8516
34 31 11046
34 32 20201
34 33 15819
34 35 7042
34 36 20872
34 37 16636
34 38 12775
34 39 20730
34 40 11745
34 41 34175
34 42 35568
34 43 28941
34 44 23432
34 45 3134
34 46 -2672
34 47 14893
34 48 10593
34 49 32346
34 50 25426
34 51 14912
34 52 -2783
34 53 7569
34 54 509
34 55 29887
34 56 26907
34 57 8030
34 58 13378
34 59 4363
34 60 19655
34 61 18404
34 62 19642
34 63 24320
34 64 22724
34 65 23383
34 66 11980
34 67 2294
34 68 11817
34 69 21757
34 70 2447
35 1 33933
35 2 20906
35 3 27381
35 4 11035
35 5 18635
35 6 19828
35 7 -1152
35 8 -2765
35 9 17600
35 10 8640
35 11 -5417
35 12 14638
35 13 9023
35 14 -5819
35 15 18274
35 16 28369
35 17 16974
35 18 34514
35 19 -2535
35 20 23331
35 21 22318
35 22 35407
35 23 42231
35 24 25166
35 25 29461
35 26 9469
35 27 9756
35 28 26309
35 29 18862
35 30 19697
35 31 5724
35 32 22466
35 33 25223
35 34 7900
35 36 30619
35 37 25065
35 38 4491
35 39 19372
35 40 14384
35 41 43960
35 42 45782
35 43 38799
35 44 27408
35 45 13750
35 46 4036
35 47 25248
35 48 21321
35 49 38936
35 50 27389
35 51 22119
35 52 4787
35 53 -3151
35 54 -1520
35 55 29131
35 56 35429
35 57 13261
35 58 9045
35 59 -6360
35 60 27901
35 61 29561
35 62 30409
35 63 33008
35 64 33435
35 65 13999
35 66 1314
35 67 9715
35 68 21967
35 69 32028
35 70 10475
36 1 24831
36 2 14379
36 3 41119
36 4 19578
36 5 -1315
36 6 24515
36 7 34048
36 8 27249
36 9 43672
36 10 44431
36 11 34592
36 12 39801
36 13 18719
36 14 31958
36 15 7473
36 16 33611
36 17 34132
36 18 52475
36 19 29018
36 20 -1663
36 21 -5843
36 22 16556
36 23 39653
36 24 34086
36 25 54424
36 26 33184
36 27 17777
36 28 6788
36 29 10800
36 30 12280
36 31 40233
36 32 42930
36 33 23256
36 34 26985
36 35 35874
36 37 -2480
36 38 43038
36 39 47908
36 40 36032
36 41 32336
36 42 31173
36 43 28030
36 44 43678
36 45 13530
36 46 27232
36 47 -3704
36 48 4018
36 49 44771
36 50 47250
36 51 32176
36 52 20745
36 53 36860
36 54 17095
36 55 54291
36 56 30709
36 57 8429
36 58 42940
36 59 29443
36 60 -7309
36 61 73
36 62 17358
36 63 32143
36 64 12546
36 65 53516
36 66 41296
36 67 30151
36 68 25943
36 69 -7032
36 70 25553
37 1 29294
37 2 16697
37 3 42219
37 4 18007
37 5 -4294
37 6 25640
37 7 30249
37 8 22649
37 9 42842
37 10 41489
37 11 29832
37 12 38442
37 13 12570
37 14 26330
37 15 568
37 16 35893
37 17 33793
37 18 53561
37 19 23246
37 20 -8229
37 21 -158
37 22 22455
37 23 43733
37 24 36600
37 25 54156
37 26 31268
37 27 13403
37 28 11883
37 29 8276
37 30 13112
37 31 37883
37 32 43070
37 33 26188
37 34 23646
37 35 31217
37 36 -1583
37 38 39233
37 39 46529
37 40 35482
37 41 37799
37 42 36979
37 43 33160
37 44 44437
37 45 11162
37 46 23552
37 47 -107
37 48 4904
37 49 47519
37 50 47819
37 51 33093
37 52 16515
37 53 32146
37 54 10406
37 55 54217
37 56 35338
37 57 1181
37 58 40261
37 59 23132
37 60 -7266
37 61 7266
37 62 21772
37 63 35417
37 64 19325
37 65 49285
37 66 36302
37 67 27796
37 68 26350
37 69 623
37 70 24463
38 1 41261
38 2 31781
38 3 26437
38 4 24071
38 5 35325
38 6 27553
38 7 10127
38 8 14707
38 9 9372
38 10 -6292
38 11 -12355
38 12 13822
38 13 26908
38 14 1775
38 15 35946
38 16 31298
38 17 20247
38 18 27418
38 19 13616
38 20 41050
38 21 36802
38 22 45405
38 23 45383
38 24 22799
38 25 19031
38 26 15790
38 27 26741
38 28 38283
38 29 34986
38 30 33064
38 31 -10792
38 32 17508
38 33 31962
38 34 22893
38 35 13751
38 36 47043
38 37 42341
38 39 10474
38 40 12729
38 41 49973
38 42 53025
38 43 45282
38 44 24972
38 45 29259
38 46 19423
38 47 40981
38 48 36499
38 49 39115
38 50 20468
38 51 26338
38 52 21607
38 53 1891
38 54 15496
38 55 17103
38 56 38403
38 57 31134
38 58 237
38 59 -3791
38 60 45317
38 61 42634
38 62 40399
38 63 37697
38 64 42111
38 65 -1617
38 66 -9115
38 67 20992
38 68 32130
38 69 47830
38 70 19373
39 1 29488
39 2 24821
39 3 10508
39 4 22162
39 5 35805
39 6 18798
39 7 16209
39 8 21390
39 9 -8641
39 10 -1630
39 11 5078
39 12 4909
39 13 33078
39 14 16422
39 15 39514
39 16 17231
39 17 10449
39 18 9502
39 19 24361
39 20 44100
39 21 32758
39 22 35566
39 23 30254
39 24 5259
39 25 2565
39 26 12713
39 27 29825
39 28 31146
39 29 35172
39 30 29265
39 31 -13629
39 32 -40
39 33 20675
39 34 25004
39 35 22788
39 36 46069
39 37 43793
39 38 4630
39 40 -616
39 41 36372
39 42 40352
39 43 32303
39 44 8349
39 45 29190
39 46 22751
39 47 39137
39 48 34441
39 49 22718
39 50 2466
39 51 14912
39 52 25303
39 53 15028
39 54 25073
39 55 2248
39 56 22858
39 57 36285
39 58 1017
39 59 13322
39 60 46542
39 61 35966
39 62 31358
39 63 24320
39 64 30236
39 65 15744
39 66 8770
39 67 20340
39 68 26085
39 69 45221
39 70 14808
40 1 19775
40 2 15035
40 3 3311
40 4 14220
40 5 27686
40 6 8904
40 7 13848
40 8 17730
40 9 -2915
40 10 5576
40 11 8738
40 12 -288
40 13 27811
40 14 17039
40 15 32579
40 16 8242
40 17 878
40 18 9964
40 19 22247
40 20 36600
40 21 23277
40 22 25612
40 23 22107
40 24 700
40 25 8069
40 26 6614
40 27 23438
40 28 21229
40 29 27233
40 30 20159
40 31 -3641
40 32 -2126
40 33 10796
40 34 19081
40 35 20862
40 36 37255
40 37 35808
40 38 9947
40 39 2446
40 41 27347
40 42 30968
40 43 22994
40 44 2569
40 45 21418
40 46 17564
40 47 30204
40 48 25620
40 49 15926
40 50 3097
40 51 4933
40 52 19578
40 53 15811
40 54 21559
40 55 8171
40 56 15075
40 57 30062
40 58 5159
40 59 15501
40 60 38230
40 61 26041
40 62 21358
40 63 15058
40 64 20661
40 65 21667
40 66 14051
40 67 13909
40 68 16713
40 69 35917
40 70 6589
41 1 1835
41 2 15928
41 3 22426
41 4 30597
41 5 31740
41 6 19644
41 7 44177
41 8 43548
41 9 31508
41 10 43144
41 11 44027
41 12 35662
41 13 45611
41 14 48313
41 15 41836
41 16 12623
41 17 28375
41 18 27239
41 19 49015
41 20 39771
41 21 15966
41 22 2956
41 23 4083
41 24 3134
41 25 36229
41 26 35921
41 27 39995
41 28 9885
41 29 35675
41 30 25144
41 31 32324
41 32 26693
41 33 7857
41 34 41138
41 35 50065
41 36 33186
41 37 37752
41 38 46818
41 39 39061
41 40 26974
41 42 -3789
41 43 -6549
41 44 25629
41 45 33296
41 46 41417
41 47 27946
41 48 27710
41 49 15293
41 50 26057
41 51 21691
41 52 39702
41 53 48577
41 54 43488
41 55 32925
41 56 -9580
41 57 42116
41 58 42330
41 59 47775
41 60 34629
41 61 8035
41 62 9606
41 63 7961
41 64 -14404
41 65 58598
41 66 50286
41 67 38309
41 68 28454
41 69 25919
41 70 28682
42 1 1285
42 2 14483
42 3 24590
42 4 29627
42 5 29082
42 6 19532
42 7 44058
42 8 42841
42 9 33561
42 10 44405
42 11 44398
42 12 36672
42 13 43948
42 14 47984
42 15 39400
42 16 14403
42 17 29156
42 18 30550
42 19 48194
42 20 36688
42 21 12734
42 22 -559
42 23 7598
42 24 6741
42 25 39004
42 26 36140
42 27 38477
42 28 6963
42 29 33572
42 30 23327
42 31 34371
42 32 28953
42 33 8019
42 34 40320
42 35 49676
42 36 29812
42 37 34721
42 38 47659
42 39 40830
42 40 28384
42 41 -6000
42 43 -5922
42 44 27874
42 45 31618
42 46 40699
42 47 24907
42 48 25222
42 49 18480
42 50 28942
42 51 22541
42 52 38538
42 53 48577
42 54 42072
42 55 36110
42 56 -5367
42 57 39843
42 58 43372
42 59 47452
42 60 31039
42 61 4106
42 62 7513
42 63 9460
42 64 -17773
42 65 59421
42 66 50833
42 67 37946
42 68 27758
42 69 22158
42 70 28516
43 1 -2637
43 2 11486
43 3 19491
43 4 26128
43 5 27648
43 6 15297
43 7 39859
43 8 39107
43 9 28467
43 10 39481
43 11 39891
43 12 31829
43 13 41173
43 14 43948
43 15 37619
43 16 9319
43 17 24402
43 18 25780
43 19 44563
43 20 35937
43 21 12353
43 22 58
43 23 3334
43 24 2290
43 25 33975
43 26 31706
43 27 35541
43 28 6098
43 29 31349
43 30 20757
43 31 29281
43 32 23855
43 33 3560
43 34 36682
43 35 45682
43 36 29658
43 37 33891
43 38 42905
43 39 35770
43 40 23399
43 41 -5771
43 42 -2933
43 44 22777
43 45 28869
43 46 36973
43 47 24127
43 48 23550
43 49 13709
43 50 23956
43 51 17742
43 52 35230
43 53 44301
43 54 39023
43 55 31239
43 56 -7918
43 57 37830
43 58 38525
43 59 43414
43 60 31318
43 61 5488
43 62 5394
43 63 4402
43 64 -12737
43 65 54677
43 66 46230
43 67 33923
43 68 24002
43 69 22919
43 70 24337
44 1 16674
44 2 16923
44 3 -3985
44 4 20302
44 5 32680
44 6 11064
44 7 22917
44 8 26367
44 9 -681
44 10 12881
44 11 17596
44 12 8931
44 13 35482
44 14 26258
44 15 38856
44 16 3599
44 17 6819
44 18 2546
44 19 31185
44 20 42088
44 21 25598
44 22 23751
44 23 15399
44 24 -8476
44 25 5456
44 26 15009
44 27 30526
44 28 21791
44 29 32688
44 30 23977
44 31 72
44 32 -5571
44 33 9065
44 34 26803
44 35 29921
44 36 40936
44 37 40798
44 38 18225
44 39 7446
44 40 -1396
44 41 22037
44 42 26493
44 43 18407
44 45 27266
44 46 25686
44 47 33825
44 48 29672
44 49 7747
44 50 -3058
44 51 5930
44 52 27227
44 53 25020
44 54 30010
44 55 4484
44 56 7879
44 57 36935
44 58 13489
44 59 24668
44 60 42551
44 61 26232
44 62 20769
44 63 10725
44 64 16644
44 65 29784
44 66 22490
44 67 21648
44 68 20597
44 69 38454
44 70 13063
45 1 19775
45 2 4856
45 3 25665
45 4 78
45 5 -185
45 6 10089
45 7 13848
45 8 8046
45 9 24879
45 10 24071
45 11 14938
45 12 20420
45 13 5470
45 14 13829
45 15 4764
45 16 21213
45 17 16193
45 18 36673
45 19 11818
45 20 8315
45 21 1745
45 22 17807
45 23 32089
45 24 21580
45 25 36345
45 26 13267
45 27 159
45 28 7381
45 29 -853
45 30 926
45 31 20109
45 32 25565
45 33 13439
45 34 6720
45 35 16478
45 36 11003
45 37 7738
45 38 22727
45 39 28502
45 40 17668
45 41 29919
45 42 30452
45 43 24714
45 44 27481
45 46 7134
45 47 4893
45 48 708
45 49 33126
45 50 30542
45 51 16735
45 52 1689
45 53 17308
45 54 3728
45 55 36456
45 56 24703
45 57 3478
45 58 22640
45 59 12568
45 60 10559
45 61 9419
45 62 13719
45 63 22697
45 64 16239
45 65 33383
45 66 21802
45 67 9909
45 68 10294
45 69 11757
45 70 6589
46 1 25883
46 2 12228
46 3 23165
46 4 2227
46 5 10996
46 6 12323
46 7 1910
46 8 -2765
46 9 17468
46 10 13109
46 11 2928
46 12 12971
46 13 5508
46 14 2883
46 15 12443
46 16 22193
46 17 12281
46 18 32396
46 19 2715
46 20 17453
46 21 13550
46 22 26684
46 23 35417
46 24 20669
46 25 29461
46 26 5679
46 27 2700
46 28 17392
46 29 10706
46 30 10753
46 31 9786
46 32 20346
46 33 17596
46 34 -1044
46 35 4806
46 36 22747
46 37 18170
46 38 10933
46 39 20105
46 40 11856
46 41 36082
46 42 37575
46 43 30860
46 44 23943
46 45 5176
46 47 16912
46 48 12701
46 49 33498
46 50 25568
46 51 16092
46 52 -2255
46 53 5373
46 54 -489
46 55 29536
46 56 28524
46 57 8699
46 58 12112
46 59 2191
46 60 21191
46 61 20634
46 62 21772
46 63 25939
46 64 24851
46 65 21401
46 66 9817
46 67 2909
46 68 13736
46 69 23770
46 70 3627
47 1 19517
47 2 8100
47 3 34740
47 4 13623
47 5 -4294
47 6 18120
47 7 28848
47 8 22649
47 9 37356
47 10 38679
47 11 29832
47 12 33613
47 13 15794
47 14 27963
47 15 6348
47 16 27404
47 17 27785
47 18 46107
47 19 25299
47 20 1719
47 21 -9958
47 22 12479
47 23 34148
47 24 27971
47 25 48040
47 26 27189
47 27 13403
47 28 1896
47 29 5855
47 30 5902
47 31 34231
47 32 36532
47 33 17203
47 34 21720
47 35 31217
47 36 -2990
47 37 -290
47 38 37690
47 39 41690
47 40 29695
47 41 27810
47 42 26982
47 43 23213
47 44 37281
47 45 8134
47 46 22111
47 48 -2187
47 49 38711
47 50 40849
47 51 25778
47 52 16090
47 53 32146
47 54 14544
47 55 47894
47 56 25542
47 57 7390
47 58 37115
47 59 26046
47 60 -1167
47 61 -1723
47 62 11974
47 63 26238
47 64 9628
47 65 48383
47 66 36651
47 67 24368
47 68 19558
47 69 -3243
47 70 19373
48 1 16674
48 2 3296
48 3 29140
48 4 7325
48 5 -4294
48 6 12474
48 7 22917
48 8 17235
48 9 31145
48 10 32414
48 11 24136
48 12 27309
48 13 12269
48 14 22908
48 15 5666
48 16 22486
48 17 21629
48 18 40526
48 19 20599
48 20 5001
48 21 -7339
48 22 11805
48 23 30694
48 24 23188
48 25 41973
48 26 20871
48 27 8521
48 28 791
48 29 1078
48 30 -65
48 31 27907
48 32 30561
48 33 12827
48 34 15825
48 35 25695
48 36 3137
48 37 3126
48 38 31613
48 39 35399
48 40 23516
48 41 25979
48 42 25702
48 43 21041
48 44 31533
48 45 2354
48 46 16305
48 47 -3782
48 49 34105
48 50 35046
48 51 20061
48 52 10773
48 53 26523
48 54 11066
48 55 41895
48 56 22610
48 57 6209
48 58 30829
48 59 21423
48 60 4374
48 61 843
48 62 9386
48 63 22108
48 64 9901
48 65 42424
48 66 31011
48 67 18122
48 68 13545
48 69 2874
48 70 13063
49 1 9523
49 2 17129
49 3 4417
49 4 26143
49 5 35250
49 6 14003
49 7 33698
49 8 35801
49 9 12475
49 10 26306
49 11 30357
49 12 21033
49 13 42560
49 14 37770
49 15 43271
49 16 819
49 17 16010
49 18 6372
49 19 41175
49 20 44781
49 21 24325
49 22 17049
49 23 3088
49 24 -16271
49 25 15440
49 26 24992
49 27 36942
49 28 18691
49 29 36436
49 30 26106
49 31 12825
49 32 7358
49 33 6061
49 34 34773
49 35 40505
49 36 41085
49 37 42936
49 38 31424
49 39 20871
49 40 11017
49 41 10757
49 42 16155
49 43 8395
49 44 6803
49 45 31967
49 46 34297
49 47 34311
49 48 31300
49 50 5190
49 51 10917
49 52 34745
49 53 36860
49 54 38562
49 55 11949
49 56 -5262
49 57 42310
49 58 26626
49 59 36683
49 60 43158
49 61 21634
49 62 16814
49 63 4011
49 64 6363
49 65 43062
49 66 35623
49 67 30151
49 68 24401
49 69 36747
49 70 20518
50 1 25368
50 2 26916
50 3 5545
50 4 29627
50 5 42449
50 6 21050
50 7 29359
50 8 33720
50 9 -1362
50 10 13634
50 11 20583
50 12 15229
50 13 43948
50 14 31293
50 15 48207
50 16 12480
50 17 15803
50 18 -5876
50 19 37861
50 20 51756
50 21 35582
50 22 32781
50 23 21322
50 24 -8078
50 25 -2790
50 26 22766
50 27 39407
50 28 31584
50 29 42309
50 30 33901
50 31 -4048
50 32 -3054
50 33 18573
50 34 35204
50 35 36309
50 36 50915
50 37 50587
50 38 20128
50 39 7970
50 40 5539
50 41 28872
50 42 33968
50 43 25993
50 44 3349
50 45 36734
50 46 33718
50 47 43800
50 48 39592
50 49 12541
50 51 15911
50 52 35698
50 53 29861
50 54 37600
50 55 -5247
50 56 12700
50 57 45982
50 58 16335
50 59 28701
50 60 52478
50 61 35865
50 62 30358
50 63 19173
50 64 24227
50 65 31079
50 66 24167
50 67 30015
50 68 30452
50 69 48439
50 70 22129
51 1 9040
51 2 5061
51 3 3015
51 4 9499
51 5 20837
51 6 -972
51 7 17555
51 8 18918
51 9 7460
51 10 15863
51 11 16353
51 12 8029
51 13 25712
51 14 21872
51 15 27597
51 16 143
51 17 573
51 18 14373
51 19 24390
51 20 30342
51 21 13734
51 22 14569
51 23 14133
51 24 -981
51 25 16695
51 26 8801
51 27 20232
51 28 10633
51 29 21095
51 30 11969
51 31 7394
51 32 4982
51 33 -142
51 34 17744
51 35 24093
51 36 28895
51 37 28915
51 38 19052
51 39 13470
51 40 429
51 41 17560
51 42 20621
51 43 12833
51 44 5391
51 45 15981
51 46 17296
51 47 21783
51 48 17661
51 49 11322
51 50 8965
51 52 17765
51 53 21472
51 54 21533
51 55 16246
51 56 7346
51 57 26128
51 58 14724
51 59 21143
51 60 30526
51 61 15368
51 62 10384
51 63 5425
51 64 9997
51 65 30826
51 66 22501
51 67 13188
51 68 8742
51 69 26574
51 70 3492
52 1 26432
52 2 11929
52 3 26749
52 4 2494
52 5 6663
52 6 14003
52 7 6497
52 8 -694
52 9 22236
52 10 18013
52 11 6602
52 12 17635
52 13 1014
52 14 4898
52 15 7473
52 16 24660
52 17 16010
52 18 36590
52 19 2991
52 20 12521
52 21 10643
52 22 25933
52 23 37185
52 24 23923
52 25 34186
52 26 10173
52 27 -2121
52 28 15932
52 29 6841
52 30 9143
52 31 14758
52 32 24671
52 33 18829
52 34 1192
52 35 7904
52 36 18607
52 37 13480
52 38 15464
52 39 25004
52 40 16217
52 41 36714
52 42 37761
52 43 31464
52 44 27831
52 45 2078
52 46 92
52 47 13238
52 48 9516
52 49 36293
52 50 29895
52 51 18908
52 53 8875
52 54 -3178
52 55 34293
52 56 30149
52 57 3737
52 58 17094
52 59 3651
52 60 16469
52 61 18349
52 62 21358
52 63 27625
52 64 24315
52 65 25632
52 66 13355
52 67 6758
52 68 14688
52 69 19991
52 70 6589
53 1 38759
53 2 26655
53 3 29071
53 4 17173
53 5 25635
53 6 24453
53 7 2450
53 8 4235
53 9 16305
53 10 4201
53 11 -12417
53 12 15494
53 13 15557
53 14 -8718
53 15 25082
53 16 31561
53 17 19724
53 18 34135
53 19 1587
53 20 30073
53 21 29071
53 22 41093
53 23 45735
53 24 26658
53 25 27603
53 26 12713
53 27 16756
53 28 32481
53 29 25820
53 30 26106
53 31 950
53 32 22572
53 33 29729
53 34 14440
53 35 2862
53 36 37618
53 37 32007
53 38 -1356
53 39 17625
53 40 15346
53 41 48485
53 42 50696
53 43 43431
53 44 28520
53 45 20593
53 46 10616
53 47 32190
53 48 28162
53 49 41304
53 50 26954
53 51 25511
53 52 11771
53 54 3480
53 55 26727
53 56 38943
53 57 19804
53 58 6314
53 59 -10325
53 60 34788
53 61 36058
53 62 36012
53 63 36901
53 64 38832
53 65 7311
53 66 -5644
53 67 14937
53 68 27336
53 69 38992
53 70 15119
54 1 39502
54 2 24734
54 3 39189
54 4 15811
54 5 12822
54 6 27338
54 7 13083
54 8 4884
54 9 32013
54 10 23505
54 11 6416
54 12 28139
54 13 280
54 14 1045
54 15 9068
54 16 37870
54 17 28302
54 18 48032
54 19 -1213
54 20 12707
54 21 19952
54 22 38045
54 23 50527
54 24 36691
54 25 44000
54 26 21385
54 27 7648
54 28 27471
54 29 15888
54 30 21166
54 31 20550
54 32 35903
54 33 32138
54 34 13749
54 35 10862
54 36 24222
54 37 16636
54 38 18618
54 39 34039
54 40 27463
54 41 49765
54 42 50560
54 43 44522
54 44 39879
54 45 13382
54 46 11123
54 47 20957
54 48 19074
54 49 49375
54 50 41062
54 51 31941
54 52 6087
54 53 9849
54 55 43840
54 56 43483
54 57 2323
54 58 24032
54 59 -3683
54 60 18150
54 61 28389
54 62 33902
54 63 40967
54 64 36473
54 65 26998
54 66 11796
54 67 18932
54 68 28008
54 69 26476
54 70 19466
55 1 40132
55 2 41404
55 3 20328
55 4 42504
55 5 55903
55 6 35345
55 7 38569
55 8 43713
55 9 6652
55 10 16973
55 11 24860
55 12 26014
55 13 55152
55 14 37882
55 15 60774
55 16 27334
55 17 28883
55 18 2160
55 19 46647
55 20 64884
55 21 50087
55 22 47599
55 23 35050
55 24 3824
55 25 -1816
55 26 34114
55 27 51384
55 28 46369
55 29 55503
55 30 47864
55 31 -7820
55 32 10139
55 33 33429
55 34 46720
55 35 45106
55 36 65011
55 37 64040
55 38 23818
55 39 14807
55 40 17668
55 41 42795
55 42 48191
55 43 40331
55 44 17946
55 45 49703
55 46 44741
55 47 57900
55 48 53496
55 49 26355
55 50 1808
55 51 30247
55 52 47151
55 53 36689
55 54 47433
55 56 25597
55 57 57995
55 58 22640
55 59 33421
55 60 66305
55 61 50714
55 62 45210
55 63 33928
55 64 38419
55 65 33383
55 66 26266
55 67 41731
55 68 44325
55 69 62932
55 70 34873
56 1 6934
56 2 20313
56 3 18015
56 4 33269
56 5 37889
56 6 21085
56 7 44454
56 8 45159
56 9 26682
56 10 39971
56 11 42836
56 12 33562
56 13 49356
56 14 48780
56 15 47357
56 16 10200
56 17 27185
56 18 19269
56 19 50724
56 20 46688
56 21 23567
56 22 11720
56 23 -1131
56 24 -5314
56 25 29486
56 26 35726
56 27 43576
56 28 17227
56 29 40686
56 30 29878
56 31 27138
56 32 21579
56 33 9814
56 34 43207
56 35 50871
56 36 40896
56 37 44628
56 38 44585
56 39 34884
56 40 24039
56 41 -243
56 42 6181
56 43 641
56 44 20808
56 45 37417
56 46 43196
56 47 35015
56 48 33678
56 49 8611
56 50 19222
56 51 20814
56 52 42474
56 53 48372
56 54 46543
56 55 25064
56 57 47215
56 58 39812
56 59 48069
56 60 42714
56 61 17145
56 62 15873
56 63 7563
56 64 -4841
56 65 56319
56 66 48577
56 67 39453
56 68 30910
56 69 34511
56 70 29609
57 1 33945
57 2 19313
57 3 40554
57 4 14548
57 5 842
57 6 25382
57 7 21307
57 8 12826
57 9 37684
57 10 33033
57 11 18877
57 12 33032
57 13 1014
57 14 14432
57 15 -4409
57 16 36510
57 17 30405
57 18 51187
57 19 11398
57 20 -1274
57 21 8956
57 22 29833
57 23 47047
57 24 36824
57 25 49569
57 26 25519
57 27 5963
57 28 18816
57 29 7713
57 30 14887
57 31 29981
57 32 39579
57 33 28469
57 34 16569
57 35 20942
57 36 10855
57 37 2710
57 38 29555
57 39 40550
57 40 31265
57 41 43692
57 42 43630
57 43 38628
57 44 42103
57 45 8431
57 46 15610
57 47 9102
57 48 9516
57 49 48422
57 50 44743
57 51 31835
57 52 8301
57 53 21472
57 54 -2378
57 55 49701
57 56 39454
57 58 32417
57 59 10458
57 60 4051
57 61 17439
57 62 27051
57 63 37797
57 64 27853
57 65 38924
57 66 24929
57 67 21909
57 68 25584
57 69 13216
57 70 20625
58 1 32703
58 2 24530
58 3 17222
58 4 18502
58 5 31355
58 6 19551
58 7 7990
58 8 13448
58 9 1272
58 10 -7292
58 11 -4606
58 12 4909
58 13 25772
58 14 6486
58 15 33538
58 16 22209
58 17 11634
58 18 19381
58 19 15245
58 20 38527
58 21 30887
58 22 37437
58 23 36224
58 24 13779
58 25 12309
58 26 8945
58 27 23773
58 28 31146
58 29 30731
58 30 26996
58 31 -11302
58 32 8643
58 33 23433
58 34 19081
58 35 13890
58 36 42530
58 37 38954
58 38 -4178
58 39 2446
58 40 3526
58 41 41070
58 42 44323
58 43 36487
58 44 15821
58 45 24757
58 46 16187
58 47 35991
58 48 31300
58 49 29902
58 50 12260
58 51 17595
58 52 18822
58 53 5146
58 54 16495
58 55 11510
58 56 29215
58 57 29581
58 59 3387
58 60 41955
58 61 35782
58 62 32589
58 63 28753
58 64 33642
58 65 7525
58 66 32
58 67 15591
58 68 24999
58 69 42643
58 70 12447
59 1 54436
59 2 41286
59 3 45570
59 4 31295
59 5 35122
59 6 40259
59 7 18261
59 8 16442
59 9 31519
59 10 16775
59 11 -5384
59 12 31949
59 13 22553
59 14 -5088
59 15 32140
59 16 48035
59 17 36229
59 18 49646
59 19 8074
59 20 35848
59 21 40962
59 22 55753
59 23 62154
59 24 43066
59 25 41964
59 26 29041
59 27 27297
59 28 46268
59 29 36723
59 30 39479
59 31 11144
59 32 38574
59 33 45641
59 34 27961
59 35 16380
59 36 46928
59 37 39720
59 38 9689
59 39 32646
59 40 31763
59 41 64410
59 42 66298
59 43 59271
59 44 44895
59 45 32580
59 46 24161
59 47 42817
59 48 39789
59 49 57854
59 50 42521
59 51 41909
59 52 23274
59 53 6402
59 54 6675
59 55 40186
59 56 55367
59 57 25517
59 58 21282
59 60 41328
59 61 48865
59 62 50822
59 63 53162
59 64 53887
59 65 14264
59 66 -5513
59 67 30211
59 68 42478
59 69 49003
59 70 30866
60 1 36350
60 2 25905
60 3 52429
60 4 29366
60 5 6993
60 6 35764
60 7 41931
60 8 34211
60 9 54087
60 10 53191
60 11 41243
60 12 49840
60 13 23534
60 14 37320
60 15 11448
60 16 45199
60 17 44776
60 18 63814
60 19 34230
60 20 -4114
60 21 5649
60 22 27447
60 23 51219
60 24 45723
60 25 65181
60 26 42794
60 27 25077
60 28 18248
60 29 19735
60 30 23278
60 31 49542
60 32 53867
60 33 34904
60 34 35346
60 35 42734
60 36 2269
60 37 1415
60 38 50890
60 39 57959
60 40 46585
60 41 43357
60 42 41978
60 43 39268
60 44 54871
60 45 22664
60 46 35254
60 47 7697
60 48 14833
60 49 56422
60 50 58391
60 51 43385
60 52 28185
60 53 43608
60 54 20601
60 55 65163
60 56 42105
60 57 11203
60 58 51943
60 59 33421
60 61 9705
60 62 28935
60 63 43805
60 64 22237
60 65 60852
60 66 47582
60 67 39394
60 68 36874
60 69 -243
60 70 35714
61 1 11915
61 2 10296
61 3 34800
61 4 23371
61 5 12236
61 6 20785
61 7 40022
61 8 35617
61 9 41171
61 10 46841
61 11 41567
61 12 39624
61 13 31419
61 14 41527
61 15 22971
61 16 25140
61 17 32288
61 18 44948
61 19 39581
61 20 16736
61 21 -5653
61 22 603
61 23 26340
61 24 23669
61 25 49997
61 26 35220
61 27 27594
61 28 -3087
61 29 20287
61 30 14054
61 31 40518
61 32 38371
61 33 14498
61 34 33490
61 35 43789
61 36 9046
61 37 15342
61 38 47602
61 39 46778
61 40 33791
61 41 16158
61 42 14440
61 43 12833
61 44 37947
61 45 20919
61 46 34092
61 47 6536
61 48 10697
61 49 34293
61 50 41173
61 51 27622
61 52 29460
61 53 44273
61 54 30235
61 55 48967
61 56 15931
61 57 23986
61 58 45165
61 59 40353
61 60 9100
61 62 6590
61 63 21541
61 64 -5749
61 65 58896
61 66 48483
61 67 34017
61 68 24999
61 69 -101
61 70 26681
62 1 -1099
62 2 -1219
62 3 19586
62 4 14220
62 5 13635
62 6 6943
62 7 29904
62 8 27590
62 9 26441
62 10 33782
62 11 31061
62 12 26014
62 13 27811
62 14 33200
62 15 23597
62 16 9957
62 17 18357
62 18 29801
62 19 32706
62 20 22185
62 21 -631
62 22 -3542
62 23 13654
62 24 9185
62 25 34844
62 26 23140
62 27 22409
62 28 -6734
62 29 17479
62 30 7182
62 31 26349
62 32 23286
62 33 -733
62 34 25004
62 35 34913
62 36 16607
62 37 20124
62 38 35643
62 39 32446
62 40 19384
62 41 8005
62 42 8123
62 43 3015
62 44 22760
62 45 15495
62 46 25506
62 47 10509
62 48 9516
62 49 19749
62 50 25942
62 51 12914
62 52 22745
62 53 34503
62 54 26024
62 55 33739
62 56 4935
62 57 23874
62 58 32248
62 59 32586
62 60 18606
62 61 -3134
62 63 6839
62 64 -5560
62 65 47235
62 66 37815
62 67 23536
62 68 13189
62 69 11369
62 70 14808
63 1 -1099
63 2 6788
63 3 8048
63 4 18502
63 5 25036
63 6 6226
63 7 29904
63 8 30314
63 9 16850
63 10 27891
63 11 29080
63 12 20420
63 13 34767
63 14 34212
63 15 33774
63 16 -2318
63 17 13275
63 18 16355
63 19 35880
63 20 34391
63 21 13128
63 22 6424
63 23 2258
63 24 -4957
63 25 23096
63 26 21310
63 27 28984
63 28 7381
63 29 26924
63 30 16209
63 31 17637
63 32 12417
63 33 -4499
63 34 28343
63 35 36173
63 36 30053
63 37 32430
63 38 31602
63 39 24069
63 40 11745
63 41 5021
63 42 8731
63 43 684
63 44 11377
63 45 23134
63 46 28334
63 47 23434
63 48 20899
63 49 5607
63 50 13418
63 51 6616
63 52 27673
63 53 34053
63 54 31750
63 55 21118
63 56 -4714
63 57 33281
63 58 27073
63 59 33587
63 60 32137
63 61 10478
63 62 5500
63 64 -1278
63 65 43383
63 66 35196
63 67 24640
63 68 16173
63 69 25456
63 70 14808
64 1 9040
64 2 19994
64 3 33462
64 4 35433
64 5 31355
64 6 26757
64 7 50857
64 8 48804
64 9 42345
64 10 52632
64 11 51694
64 12 44773
64 13 48228
64 14 54375
64 15 42043
64 16 23174
64 17 37123
64 18 39476
64 19 53887
64 20 37476
64 21 13800
64 22 1997
64 23 16383
64 24 15491
64 25 47998
64 26 43458
64 27 43162
64 28 9688
64 29 37219
64 30 27864
64 31 43120
64 32 37838
64 33 15819
64 34 46217
64 35 56070
64 36 29926
64 37 35808
64 38 55486
64 39 49455
64 40 36818
64 41 2126
64 42 968
64 43 3015
64 44 36766
64 45 36146
64 46 46716
64 47 26294
64 48 28162
64 49 27429
64 50 37942
64 51 30658
64 52 43833
64 53 55454
64 54 46726
64 55 45079
64 56 2352
64 57 42807
64 58 51432
64 59 53782
64 60 30039
64 61 2658
64 62 12571
64 63 18192
64 65 67207
64 66 58299
64 67 44543
64 68 34160
64 69 20771
64 70 35459
65 1 46225
65 2 36470
65 3 31303
65 4 28362
65 5 38884
65 6 32437
65 7 13848
65 8 17730
65 9 13637
65 10 -2522
65 11 -13346
65 12 18820
65 13 29470
65 14 1974
65 15 38887
65 16 36287
65 17 25234
65 18 31448
65 19 15245
65 20 43929
65 21 41032
65 22 50243
65 23 50353
65 24 27432
65 25 22505
65 26 20541
65 27 30102
65 28 42908
65 29 38720
65 30 37417
65 31 -9735
65 32 22087
65 33 36926
65 34 26720
65 35 16478
65 36 50740
65 37 45612
65 38 -8398
65 39 14807
65 40 17668
65 41 54972
65 42 58006
65 43 50273
65 44 29750
65 45 33134
65 46 23110
65 47 44893
65 48 40529
65 49 43972
65 50 24638
65 51 31331
65 52 24994
65 53 3777
65 54 17095
65 55 19887
65 56 43356
65 57 33722
65 58 5159
65 59 -5997
65 60 48498
65 61 47147
65 62 45210
65 63 42697
65 64 47051
65 66 -13497
65 67 25352
65 68 36822
65 69 51757
65 70 24070
66 1 51688
66 2 40863
66 3 38015
66 4 31904
66 5 40673
66 6 37569
66 7 16935
66 8 19309
66 9 20851
66 10 4736
66 11 -13137
66 12 25027
66 13 29806
66 14 93
66 15 39608
66 16 42511
66 17 31048
66 18 38720
66 19 14700
66 20 44382
66 21 44132
66 22 55044
66 23 56693
66 24 34459
66 25 29756
66 26 25438
66 27 31809
66 28 47029
66 29 40946
66 30 40947
66 31 -3354
66 32 29155
66 33 42427
66 34 29477
66 35 17953
66 36 52680
66 37 46789
66 38 -1736
66 39 21993
66 40 24212
66 41 60820
66 42 63578
66 43 55986
66 44 36616
66 45 35713
66 46 25686
66 47 47321
66 48 43276
66 49 50693
66 50 31886
66 51 37166
66 52 26877
66 53 4982
66 54 16053
66 55 26930
66 56 49774
66 57 33887
66 58 11826
66 59 -11614
66 60 49388
66 61 50894
66 62 49950
66 63 48670
66 64 52303
66 65 663
66 67 29220
66 68 41307
66 69 54116
66 70 28682
67 1 21135
67 2 8654
67 3 17202
67 4 7
67 5 12801
67 6 7047
67 7 3282
67 8 2675
67 9 12731
67 10 11223
67 11 4663
67 12 8067
67 13 10855
67 14 6954
67 15 16107
67 16 16338
67 17 6336
67 18 26750
67 19 8213
67 20 20688
67 21 12734
67 22 23066
67 23 29808
67 24 14671
67 25 24573
67 26 566
67 27 6562
67 28 14720
67 29 12139
67 30 8989
67 31 7110
67 32 14825
67 33 12440
67 34 2105
67 35 8668
67 36 23849
67 37 20597
67 38 10685
67 39 15877
67 40 6384
67 41 31157
67 42 33005
67 43 25993
67 44 18088
67 45 6134
67 46 1092
67 47 17352
67 48 12701
67 49 27535
67 50 20048
67 51 10167
67 52 2594
67 53 7877
67 54 5503
67 55 24709
67 56 22964
67 57 13181
67 58 9699
67 59 6424
67 60 23514
67 61 18742
67 62 17985
67 63 20428
67 64 20861
67 65 21826
67 66 11534
67 68 9327
67 69 24085
67 70 -2168
68 1 10071
68 2 -2424
68 3 13824
68 4 287
68 5 10036
68 6 -2276
68 7 14657
68 8 13044
68 9 15872
68 10 19769
68 11 15818
68 12 12861
68 13 16553
68 14 18223
68 15 16980
68 16 8862
68 17 6253
68 18 25138
68 19 18487
68 20 19526
68 21 4598
68 22 11720
68 23 20497
68 24 9231
68 25 26407
68 26 8251
68 27 10785
68 28 4126
68 29 10327
68 30 1466
68 31 13906
68 32 14942
68 33 2067
68 34 10612
68 35 19904
68 36 18625
68 37 18135
68 38 20807
68 39 20606
68 40 8172
68 41 20286
68 42 21801
68 43 15056
68 44 16021
68 45 5503
68 46 10903
68 47 11526
68 48 7108
68 49 20769
68 50 19469
68 51 4705
68 52 9508
68 53 19260
68 54 13563
68 55 26287
68 56 13405
68 57 15840
68 58 18091
68 59 17675
68 60 19978
68 61 8708
68 62 6622
68 63 10945
68 64 9462
68 65 32280
68 66 22605
68 67 8311
68 69 17142
68 70 -273
69 1 23942
69 2 16373
69 3 43235
69 4 24408
69 5 5398
69 6 27107
69 7 39848
69 8 33539
69 9 47244
69 10 49509
69 11 40788
69 12 43949
69 13 25712
69 14 38624
69 15 14672
69 16 34785
69 17 37633
69 18 54343
69 19 35792
69 20 4556
69 21 -5466
69 22 14028
69 23 38831
69 24 34710
69 25 57440
69 26 37862
69 27 24170
69 28 6072
69 29 16766
69 30 15951
69 31 44805
69 32 45766
69 33 24073
69 34 32720
69 35 42133
69 36 -2182
69 37 4576
69 38 48675
69 39 51910
69 40 39544
69 41 29919
69 42 28369
69 43 26141
69 44 46046
69 45 19134
69 46 33105
69 47 893
69 48 8605
69 49 45283
69 50 49624
69 51 34705
69 52 26979
69 53 43084
69 54 24199
69 55 57062
69 56 29174
69 57 15640
69 58 47903
69 59 36368
69 60 -4971
69 61 -4224
69 62 16970
69 63 32396
69 64 8241
69 65 59383
69 66 47582
69 67 35237
69 68 29310
69 70 29810
END
NODE_CONSUMPTION
0 1 18
0 2 26
0 3 11
0 4 30
0 5 21
0 6 19
0 7 15
0 8 16
0 9 29
0 10 26
0 11 37
0 12 16
0 13 12
0 14 31
0 15 8
0 16 19
0 17 20
0 18 13
0 19 15
0 20 22
0 21 28
0 22 12
0 23 6
0 24 27
0 25 14
0 26 18
0 27 17
0 28 29
0 29 13
0 30 22
0 31 25
0 32 28
0 33 27
0 34 19
0 35 10
0 36 12
0 37 14
0 38 24
0 39 16
0 40 33
0 41 15
0 42 11
0 43 18
0 44 17
0 45 21
0 46 27
0 47 19
0 48 20
0 49 5
0 50 22
0 51 12
0 52 19
0 53 22
0 54 16
0 55 7
0 56 26
0 57 14
0 58 21
0 59 24
0 60 13
0 61 15
0 62 18
0 63 11
0 64 28
0 65 9
0 66 37
0 67 30
0 68 10
0 69 8
END
