NAME : ./data/ESPPRC - Test Instances/P-n76-k5_b.simplified-vrp
SIZE : 77
DIRECTED : 1
CYCLIC : 1
ORIGIN : 0
DESTINATION : 76
RESOURCES : 1
RES_NAMES : 0
RES_TYPE
0 CAP
END
RES_BOUND
0 0 280
END
EDGE_COST
0 1 17157
0 2 9035
0 3 14118
0 4 4306
0 5 18191
0 6 5436
0 7 7634
0 8 8642
0 9 16474
0 10 20334
0 11 20418
0 12 7561
0 13 18499
0 14 18793
0 15 19727
0 16 13221
0 17 4695
0 18 25486
0 19 17345
0 20 27755
0 21 17915
0 22 21196
0 23 23688
0 24 18902
0 25 24761
0 26 3141
0 27 10144
0 28 18089
0 29 14536
0 30 8743
0 31 13130
0 32 15564
0 33 12883
0 34 8958
0 35 14194
0 36 26785
0 37 25720
0 38 17590
0 39 16830
0 40 7539
0 41 33114
0 42 32838
0 43 26430
0 44 15299
0 45 10289
0 46 8139
0 47 22744
0 48 14607
0 49 21055
0 50 23501
0 51 6949
0 52 8598
0 53 16985
0 54 13245
0 55 25479
0 56 24293
0 57 20677
0 58 14043
0 59 18962
0 60 34154
0 61 19771
0 62 15897
0 63 15010
0 64 22493
0 65 26082
0 66 26923
0 67 3866
0 68 6563
0 69 26661
0 70 38577
0 71 35594
0 72 16212
0 73 16439
0 74 14544
0 75 2317
1 2 9035
1 3 17493
1 4 23655
1 5 26252
1 6 12495
1 7 33090
1 8 33055
1 9 30089
1 10 41873
1 11 45466
1 12 27258
1 13 37997
1 14 44141
1 15 32574
1 16 7841
1 17 21230
1 18 27001
1 19 41643
1 20 35706
1 21 14390
1 22 631
1 23 4833
1 24 11573
1 25 33816
1 26 27668
1 27 29103
1 28 7892
1 29 26362
1 30 15803
1 31 30767
1 32 24360
1 33 3141
1 34 32245
1 35 39444
1 36 27855
1 37 32343
1 38 41270
1 39 33302
1 40 22517
1 41 8059
1 42 7399
1 43 1248
1 44 20702
1 45 25267
1 46 32187
1 47 24680
1 48 20010
1 49 11852
1 50 28532
1 51 14289
1 52 30233
1 53 42417
1 54 35073
1 55 32530
1 56 3410
1 57 35789
1 58 36091
1 59 44324
1 60 36582
1 61 6797
1 62 1782
1 63 895
1 64 -2134
1 65 50029
1 66 51721
1 67 28961
1 68 18699
1 69 22585
1 70 43520
1 71 36488
1 72 35758
1 73 1208
1 74 12655
1 75 22748
1 76 6499
2 1 6261
2 3 18678
2 4 9963
2 5 13116
2 6 4760
2 7 21277
2 8 19701
2 9 27355
2 10 34534
2 11 34645
2 12 20498
2 13 23452
2 14 31450
2 15 18601
2 16 11833
2 17 14881
2 18 30961
2 19 27995
2 20 23296
2 21 5884
2 22 7183
2 23 17383
2 24 19381
2 25 34004
2 26 17674
2 27 14605
2 28 3624
2 29 12097
2 30 1425
2 31 26271
2 32 23774
2 33 5519
2 34 18757
2 35 26776
2 36 17762
2 37 20105
2 38 32149
2 39 28994
2 40 18136
2 41 22511
2 42 20956
2 43 15730
2 44 21310
2 45 10707
2 46 18891
2 47 13622
2 48 6991
2 49 19817
2 50 30439
2 51 10669
2 52 16089
2 53 30672
2 54 20664
2 55 34161
2 56 17148
2 57 21516
2 58 28277
2 59 31533
2 60 26496
2 61 5537
2 62 2021
2 63 9141
2 64 9179
2 65 40633
2 66 41255
2 67 16839
2 68 6563
2 69 15375
2 70 32332
2 71 26914
2 72 29611
2 73 5043
2 74 1755
2 75 11022
2 76 -4397
3 1 14723
3 2 18682
3 4 23235
3 5 35393
3 6 12495
3 7 22920
3 8 26831
3 9 7739
3 10 22654
3 11 30709
3 12 10710
3 13 38140
3 14 33710
3 15 38589
3 16 2805
3 17 8675
3 18 6879
3 19 35046
3 20 45629
3 21 30028
3 22 23170
3 23 12026
3 24 -92
3 25 10935
3 26 17083
3 27 29724
3 28 25776
3 29 32456
3 30 23494
3 31 8595
3 32 1422
3 33 11842
3 34 28386
3 35 30532
3 36 41783
3 37 42908
3 38 24086
3 39 11962
3 40 3693
3 41 26290
3 42 28344
3 43 21016
3 44 -2317
3 45 28797
3 46 27109
3 47 37543
3 48 30116
3 49 4386
3 50 6349
3 51 5904
3 52 28190
3 53 30369
3 54 32400
3 55 10366
3 56 12131
3 57 40038
3 58 18250
3 59 33098
3 60 50301
3 61 27322
3 62 20107
3 63 7682
3 64 19928
3 65 32747
3 66 35688
3 67 22668
3 68 20092
3 69 39518
3 70 55604
3 71 50941
3 72 16114
3 73 17663
3 74 25945
3 75 19933
3 76 690
4 1 18121
4 2 7203
4 3 20471
4 5 11219
4 6 8258
4 7 9303
4 8 6973
4 9 23483
4 10 25735
4 11 22886
4 12 14346
4 13 12938
4 14 18793
4 15 12772
4 16 17826
4 17 11633
4 18 32277
4 19 15337
4 20 20683
4 21 12643
4 22 19851
4 23 27016
4 24 24599
4 25 31830
4 26 8763
4 27 4039
4 28 15045
4 29 7499
4 30 3645
4 31 19346
4 32 22566
4 33 15004
4 34 6029
4 35 14194
4 36 20250
4 37 18704
4 38 21728
4 39 23624
4 40 14610
4 41 34469
4 42 33389
4 43 27661
4 44 21978
4 45 3218
4 46 6179
4 47 16434
4 48 8309
4 49 26120
4 50 30439
4 51 12396
4 52 3943
4 53 18479
4 54 9030
4 55 32550
4 56 27393
4 57 14040
4 58 19538
4 59 18831
4 60 27246
4 61 15901
4 62 14749
4 63 18144
4 64 21907
4 65 29814
4 66 29585
4 67 5481
4 68 6563
4 69 20699
4 70 31551
4 71 28875
4 72 22522
4 73 16918
4 74 10355
4 75 4702
4 76 -11886
5 1 24762
5 2 14400
5 3 36673
5 4 15263
5 6 22293
5 7 23906
5 8 17831
5 9 41473
5 10 42718
5 11 36263
5 12 32370
5 13 12491
5 14 28646
5 15 586
5 16 31382
5 17 29191
5 18 49012
5 19 22798
5 20 3515
5 21 3658
5 22 20615
5 23 37024
5 24 38992
5 25 49657
5 26 26588
5 27 7989
5 28 13970
5 29 2805
5 30 7841
5 31 36948
5 32 40029
5 33 25443
5 34 19574
5 35 26166
5 36 3729
5 37 775
5 38 37354
5 39 41639
5 40 32448
5 41 39984
5 42 37216
5 43 33553
5 44 38728
5 45 7327
5 46 19320
5 47 2889
5 48 1062
5 49 39599
5 50 47633
5 51 28106
5 52 12484
5 53 31313
5 54 10413
5 55 50321
5 56 36385
5 57 4706
5 58 36763
5 59 27030
5 60 9245
5 61 9138
5 62 18536
5 63 29050
5 64 22201
5 65 44708
5 66 42726
5 67 22647
5 68 20684
5 69 6061
5 70 13625
5 71 11293
5 72 40317
5 73 24107
5 74 9544
5 75 21989
5 76 6043
6 1 7980
6 2 3019
6 3 10750
6 4 9277
6 5 19268
6 7 16837
6 8 17428
6 9 18835
6 10 27091
6 11 29276
6 12 12595
6 13 24955
6 14 28004
6 15 23200
6 16 5971
6 17 6633
6 18 23158
6 19 26138
6 20 29573
6 21 14327
6 22 12918
6 23 15107
6 24 13280
6 25 25519
6 26 11480
6 27 15989
6 28 11685
6 29 16713
6 30 7231
6 31 18070
6 32 15314
6 33 3681
6 34 16986
6 35 23369
6 36 25569
6 37 26719
6 38 25592
6 39 20642
6 40 9676
6 41 23898
6 42 23676
6 43 17212
6 44 13122
6 45 13611
6 46 16657
6 47 21313
6 48 13840
6 49 14362
6 50 22244
6 51 2307
6 52 15834
6 53 26141
6 54 20939
6 55 25773
6 56 15591
6 57 25256
6 58 20969
6 59 28177
6 60 34026
6 61 13697
6 62 7854
6 63 6250
6 64 13613
6 65 34271
6 66 35632
6 67 12903
6 68 4382
6 69 23780
6 70 39358
6 71 34718
6 72 21673
6 73 7485
6 74 10196
6 75 6933
6 76 -9737
7 1 31299
7 2 22260
7 3 23899
7 4 13046
7 5 23605
7 6 19561
7 8 -98
7 9 18505
7 10 13202
7 11 7074
7 12 10511
7 13 15147
7 14 4882
7 15 21160
7 16 26007
7 17 14661
7 18 32037
7 19 6102
7 20 30380
7 21 28103
7 22 34884
7 23 37080
7 24 29332
7 25 27366
7 26 6907
7 27 10752
7 28 30736
7 29 20180
7 30 19425
7 31 8224
7 32 21520
7 33 26969
7 34 8958
7 35 1166
7 36 33879
7 37 30105
7 38 6943
7 39 16830
7 40 13397
7 41 47208
7 42 46979
7 43 40551
7 44 23752
7 45 16147
7 46 5021
7 47 30818
7 48 23060
7 49 32834
7 50 29330
7 51 19611
7 52 7105
7 53 2915
7 54 5461
7 55 27774
7 56 37737
7 57 19958
7 58 8185
7 59 4956
7 60 38970
7 61 31711
7 62 29592
7 63 28705
7 64 36490
7 65 14459
7 66 13775
7 67 7915
7 68 20092
7 69 35298
7 70 42290
7 71 41660
7 72 13624
7 73 30536
7 74 26167
7 75 15718
7 76 -4815
8 1 31925
8 2 21345
8 3 28471
8 4 11377
8 5 18191
8 6 20813
8 7 563
8 9 25075
8 10 20141
8 11 11263
8 12 16359
8 13 8145
8 14 4882
8 15 14660
8 16 28976
8 17 18656
8 18 37897
8 19 1552
8 20 23879
8 21 24458
8 22 33968
8 23 39473
8 24 33808
8 25 34004
8 26 11094
8 27 4989
8 28 28802
8 29 15332
8 30 16897
8 31 15227
8 32 27316
8 33 28200
8 34 6029
8 35 1166
8 36 28693
8 37 24118
8 38 13136
8 39 23624
8 40 18892
8 41 48192
8 42 47375
8 43 41412
8 44 28815
8 45 11958
8 46 1959
8 47 26232
8 48 18991
8 49 36550
8 50 35304
8 51 22587
8 52 1527
8 53 6313
8 54 -1125
8 55 34531
8 56 40055
8 57 13090
8 58 15256
8 59 4750
8 60 32863
8 61 28919
8 62 28891
8 63 30728
8 64 36050
8 65 19954
8 66 17762
8 67 8921
8 68 20092
8 69 30602
8 70 35947
8 71 35969
8 72 20596
8 73 30823
8 74 23699
8 75 16317
8 76 -3146
9 1 28917
9 2 28957
9 3 9337
9 4 27845
9 5 41791
9 6 22178
9 7 19124
9 8 25033
9 10 9986
9 11 20877
9 12 7520
9 13 39205
9 14 27046
9 15 42734
9 16 17342
9 17 13186
9 18 7863
9 19 31579
9 20 51193
9 21 40016
9 22 36782
9 23 26741
9 24 10605
9 25 1815
9 26 16907
9 27 32277
9 28 37506
9 29 38109
9 30 31546
9 31 -6258
9 32 571
9 33 25079
9 34 29568
9 35 26530
9 36 50115
9 37 49310
9 38 12800
9 39 -1408
9 40 3246
9 41 41151
9 42 43094
9 43 35771
9 44 6766
9 45 33790
9 46 27191
9 47 45938
9 48 37900
9 49 18223
9 50 5221
9 51 16128
9 52 29456
9 53 23382
9 54 31003
9 55 2469
9 56 26577
9 57 42947
9 58 8079
9 59 24826
9 60 57738
9 61 39472
9 62 32741
9 63 22263
9 64 34590
9 65 20860
9 66 24303
9 67 23976
9 68 27919
9 69 49306
9 70 62161
9 71 59054
9 72 4651
9 73 30837
9 74 35981
9 75 25394
9 76 4644
10 1 39240
10 2 34675
10 3 22791
10 4 28636
10 5 41575
10 6 28973
10 7 12360
10 8 18638
10 9 8525
10 11 6296
10 12 11289
10 13 33951
10 14 14760
10 15 39937
10 16 29316
10 17 19720
10 18 23173
10 19 22361
10 20 49123
10 21 43771
10 22 45600
10 23 40105
10 24 25990
10 25 14606
10 26 17083
10 27 29330
10 28 43823
10 29 37858
10 30 34537
10 31 -10524
10 32 15564
10 33 34639
10 34 26815
10 35 18098
10 36 51402
10 37 48485
10 38 -2336
10 39 6131
10 40 12265
10 41 53315
10 42 54466
10 43 47313
10 44 20856
10 45 33510
10 46 23360
10 47 47789
10 48 39697
10 49 32582
10 50 20745
10 51 25059
10 52 25761
10 53 11806
10 54 23023
10 55 13318
10 56 40394
10 57 38824
10 58 43
10 59 10610
10 60 57370
10 61 45670
10 62 40610
10 63 33832
10 64 45405
10 65 5229
10 66 8716
10 67 22996
10 68 32344
10 69 52099
10 70 60907
10 71 59660
10 72 3406
10 73 39789
10 74 40544
10 75 28317
10 76 7043
11 1 45904
11 2 37857
11 3 33917
11 4 28858
11 5 38191
11 6 34229
11 7 9303
11 8 12831
11 9 22487
11 10 9367
11 12 19891
11 13 26744
11 14 1620
11 15 34117
11 16 38493
11 17 27047
11 18 37472
11 19 12321
11 20 43158
11 21 43771
11 22 50322
11 23 49792
11 24 38568
11 25 29532
11 26 20659
11 27 24989
11 28 46498
11 29 35212
11 30 35229
11 31 2423
11 32 28474
11 33 41307
11 34 24453
11 35 11166
11 36 48688
11 37 43953
11 38 -1274
11 39 19964
11 40 22552
11 41 61323
11 42 61584
11 43 54848
11 44 32696
11 45 31502
11 46 20304
11 47 46067
11 48 38544
11 49 43758
11 50 34819
11 51 32674
11 52 21475
11 53 2313
11 54 13059
11 55 28330
11 56 50384
11 57 31793
11 58 9854
11 59 -4424
11 60 52547
11 61 47521
11 62 45014
11 63 42146
11 64 51592
11 65 1530
11 66 -2032
11 67 23561
11 68 35518
11 69 50503
11 70 55398
11 71 55902
11 72 16212
11 73 45472
11 74 41978
11 75 31082
11 76 10198
12 1 23481
12 2 19495
12 3 9703
12 4 16103
12 5 30083
12 6 13333
12 7 8525
12 8 13712
12 9 4915
12 10 10145
12 11 15676
12 13 27323
12 14 18649
12 15 30708
12 16 14323
12 17 3913
12 18 17076
12 19 21102
12 20 39255
12 21 29671
12 22 29833
12 23 25545
12 24 14886
12 25 13723
12 26 4868
12 27 20238
12 28 28574
12 29 26329
12 30 20674
12 31 1340
12 32 6513
12 33 18849
12 34 17559
12 35 16191
12 36 38867
12 37 37533
12 38 9873
12 39 4765
12 40 -1504
12 41 37928
12 42 38828
12 43 31756
12 44 9001
12 45 21954
12 46 15317
12 47 34818
12 48 26687
12 49 19404
12 50 14435
12 51 9320
12 52 17478
12 53 15194
12 54 19752
12 55 14454
12 56 26080
12 57 30918
12 58 4339
12 59 17879
12 60 46114
12 61 30548
12 62 24937
12 63 18456
12 64 29641
12 65 18666
12 66 21102
12 67 11935
12 68 17531
12 69 38634
12 70 50355
12 71 47653
12 72 4596
12 73 23983
12 74 25945
12 75 14183
12 76 -6874
13 1 33760
13 2 21989
13 3 36673
13 4 14235
13 5 9744
13 6 25233
13 7 12701
13 8 5038
13 9 36140
13 10 32347
13 11 22069
13 12 26863
13 14 12990
13 15 3524
13 16 34817
13 17 26997
13 18 47609
13 19 6936
13 20 12363
13 21 19045
13 22 32972
13 23 43781
13 24 41345
13 25 45054
13 26 20765
13 27 1060
13 28 26589
13 29 9551
13 30 15449
13 31 27422
13 32 37223
13 33 31576
13 34 11958
13 35 12719
13 36 19928
13 37 13804
13 38 25102
13 39 35077
13 40 28738
13 41 50020
13 42 48247
13 43 43243
13 44 37695
13 45 9147
13 46 9997
13 47 19142
13 48 13790
13 49 43074
13 50 45297
13 51 29146
13 52 3000
13 53 17400
13 54 -5964
13 55 45735
13 56 44017
13 57 1043
13 58 27345
13 59 10626
13 60 21951
13 61 24486
13 62 28877
13 63 34946
13 64 35239
13 65 31459
13 66 28024
13 67 16866
13 68 23366
13 69 22540
13 70 24641
13 71 25919
13 72 32393
13 73 32511
13 74 21171
13 75 21408
13 76 3604
14 1 44852
14 2 34935
14 3 37191
14 4 25038
14 5 30847
14 6 33230
14 7 7384
14 8 6723
14 9 28929
14 10 18104
14 11 1893
14 12 23137
14 13 17938
14 15 25524
14 16 39870
14 17 28413
14 18 43609
14 19 2936
14 20 34171
14 21 38159
14 22 47633
14 23 50972
14 24 42520
14 25 37060
14 26 20765
14 27 18031
14 28 42666
14 29 28670
14 30 30784
14 31 12381
14 32 33560
14 33 40686
14 34 19767
14 35 6065
14 36 41355
14 37 35752
14 38 8157
14 39 26609
14 40 26154
14 41 60910
14 42 60471
14 43 54206
14 44 36659
14 45 25694
14 46 15560
14 47 39499
14 48 32617
14 49 46472
14 50 40830
14 51 33494
14 52 15072
14 53 1313
14 54 2989
14 55 36653
14 56 51629
14 57 22649
14 58 16247
14 59 -8827
14 60 43925
14 61 42782
14 62 42454
14 63 42579
14 64 49574
14 65 12151
14 66 6499
14 67 21153
14 68 33224
14 69 43640
14 70 46509
14 71 47855
14 72 22762
14 73 43927
14 74 37590
14 75 29049
14 76 8846
15 1 31751
15 2 20552
15 3 40536
15 4 17483
15 5 1253
15 6 26892
15 7 22128
15 8 14967
15 9 43083
15 10 41747
15 11 32856
15 12 33662
15 13 6938
15 14 23990
15 16 36525
15 17 31861
15 18 52511
15 19 17936
15 20 1755
15 21 11715
15 22 28425
15 23 43460
15 24 43955
15 25 51727
15 26 27472
15 27 6196
15 28 21734
15 29 6295
15 30 13530
15 31 36561
15 32 42766
15 33 31425
15 34 18958
15 35 23092
15 36 9804
15 37 2924
15 38 35262
15 39 42635
15 40 34628
15 41 47367
15 42 44821
15 43 40811
15 44 42191
15 45 9563
15 46 18054
15 47 10818
15 48 8309
15 49 44907
15 50 50678
15 51 32153
15 52 10581
15 53 28047
15 54 3946
15 55 52479
15 56 43140
15 57 -3258
15 58 36233
15 59 21335
15 60 10987
15 61 17160
15 62 25785
15 63 35075
15 64 30176
15 65 41998
15 66 38948
15 67 23240
15 68 24915
15 69 12622
15 70 13838
15 71 15004
15 72 40596
15 73 30823
15 74 16905
15 75 24871
15 76 8246
16 1 5737
16 2 12503
16 3 3471
16 4 21256
16 5 30768
16 6 8382
16 7 25694
16 8 28002
16 9 16410
16 10 29845
16 11 35951
16 12 15996
16 13 36950
16 14 37055
16 15 35244
16 17 11055
16 18 13924
16 19 36656
16 20 41075
16 21 23147
16 22 14319
16 23 5109
16 24 1418
16 25 19803
16 26 19419
16 27 28048
16 28 17987
16 29 28670
16 30 18591
16 31 17253
16 32 10389
16 33 3681
16 34 28233
16 35 32936
16 36 35691
16 37 37998
16 38 30363
16 39 20101
16 40 10040
16 41 17903
16 42 19573
16 43 12260
16 44 6683
16 45 25761
16 46 27553
16 47 31623
16 48 24878
16 49 2204
16 50 14700
16 51 4448
16 52 27517
16 53 34275
16 54 32497
16 55 18788
16 56 5732
16 57 37410
16 58 24653
16 59 36979
16 60 44487
16 61 19078
16 62 11894
16 63 -1268
16 64 11056
16 65 39147
16 66 41600
16 67 23220
16 68 16546
16 69 32484
16 70 50346
16 71 44810
16 72 23381
16 73 9239
16 74 19383
16 75 18343
16 76 459
17 1 16298
17 2 12723
17 3 6513
17 4 12235
17 5 25749
17 6 6216
17 7 11520
17 8 14854
17 9 9426
17 10 17421
17 11 21677
17 12 2758
17 13 26302
17 14 22770
17 15 27752
17 16 8227
17 18 17433
17 19 23211
17 20 35583
17 21 23514
17 22 22562
17 23 19506
17 24 11785
17 25 17131
17 26 5304
17 27 18155
17 28 21645
17 29 22270
17 30 15016
17 31 8084
17 32 7573
17 33 11632
17 34 16422
17 35 18970
17 36 33641
17 37 33327
17 38 16741
17 39 10748
17 40 105
17 41 31084
17 42 31755
17 43 24772
17 44 7332
17 45 18170
17 46 15070
17 47 29433
17 48 21450
17 49 14824
17 50 15452
17 51 2307
17 52 16296
17 53 19867
17 54 20358
17 55 17766
17 56 20146
17 57 28734
17 58 11507
17 59 22602
17 60 41493
17 61 23655
17 62 17723
17 63 11754
17 64 22434
17 65 25523
17 66 27566
17 67 10647
17 68 11366
17 69 32761
17 70 46182
17 71 42641
17 72 11721
17 73 16704
17 74 19544
17 75 9216
17 76 -10895
18 1 28102
18 2 34836
18 3 10750
18 4 38912
18 5 51603
18 6 28774
18 7 34929
18 8 40128
18 9 10136
18 10 26907
18 11 38135
18 12 21954
18 13 52947
18 14 43999
18 15 54435
18 16 17129
18 17 23466
18 19 47536
18 20 61788
18 21 46064
18 22 37021
18 23 20374
18 24 -1081
18 25 2833
18 26 30584
18 27 44979
18 28 41281
18 29 48528
18 30 39768
18 31 5754
18 32 6702
18 33 26985
18 34 42969
18 35 42556
18 36 58030
18 37 59141
18 38 29958
18 39 15847
18 40 15237
18 41 35994
18 42 39195
18 43 32196
18 44 9105
18 45 44696
18 46 41231
18 47 53801
18 48 46393
18 49 11232
18 50 -181
18 51 22153
18 52 42922
18 53 40324
18 54 46134
18 55 -2911
18 56 18276
18 57 55562
18 58 25300
18 59 42065
18 60 66577
18 61 42361
18 62 35213
18 63 20880
18 64 30833
18 65 37783
18 66 41284
18 67 37107
18 68 36297
18 69 55517
18 70 71864
18 71 67190
18 72 21902
18 73 32538
18 74 42052
18 75 35676
18 76 15929
19 1 39408
19 2 28534
19 3 35581
19 4 18636
19 5 22053
19 6 28418
19 7 5658
19 8 447
19 9 30516
19 10 22759
19 11 9648
19 12 22644
19 13 8938
19 14 -10
19 15 16524
19 16 36525
19 17 25908
19 18 44200
19 20 25219
19 21 29977
19 22 40992
19 23 47084
19 24 40993
19 25 39279
19 26 18153
19 27 9641
19 28 35443
19 29 20263
19 30 23494
19 31 17795
19 32 33671
19 33 35785
19 34 13380
19 35 3446
19 36 32512
19 37 26765
19 38 14095
19 39 28645
19 40 25459
19 41 55709
19 42 54778
19 43 48918
19 44 35683
19 45 17780
19 46 9489
19 47 30932
19 48 24405
19 49 43974
19 50 41495
19 51 30109
19 52 7262
19 53 5715
19 54 -5172
19 55 39515
19 56 47670
19 57 13712
19 58 19103
19 59 -1568
19 60 34932
19 61 34933
19 62 36057
19 63 38344
19 64 43183
19 65 19519
19 66 15203
19 67 16509
19 68 27585
19 69 34905
19 70 37546
19 71 38874
19 72 25143
19 73 38261
19 74 30153
19 75 23914
19 76 4452
20 1 36422
20 2 26786
20 3 49115
20 4 26933
20 5 5721
20 6 34804
20 7 32887
20 8 25725
20 9 53081
20 10 52472
20 11 43436
20 12 43748
20 13 17316
20 14 34176
20 15 3294
20 16 43895
20 17 41231
20 18 61403
20 19 28170
20 21 12643
20 22 30794
20 23 49057
20 24 51508
20 25 61526
20 26 37666
20 27 16814
20 28 24638
20 29 14536
20 30 20367
20 31 47219
20 32 52156
20 33 37799
20 34 29487
20 35 33809
20 36 6328
20 37 -213
20 38 46026
20 39 52881
20 40 44309
20 41 50962
20 42 47769
20 43 44789
20 44 51083
20 45 18774
20 46 28724
20 47 11849
20 48 13304
20 49 52077
20 50 59887
20 51 40558
20 52 21289
20 53 38698
20 54 13245
20 55 62249
20 56 48131
20 57 5537
20 58 46882
20 59 30703
20 60 1085
20 61 16585
20 62 30033
20 63 41352
20 64 31269
20 65 52700
20 66 49382
20 67 33481
20 68 33121
20 69 8166
20 70 3346
20 71 7171
20 72 51067
20 73 36085
20 74 21227
20 75 34030
20 76 17813
21 1 15471
21 2 9739
21 3 33879
21 4 19258
21 5 6229
21 6 19923
21 7 30975
21 8 26669
21 9 42269
21 10 47485
21 11 44414
21 12 34529
21 13 24363
21 14 38529
21 15 13619
21 16 26332
21 17 29527
21 18 46044
21 19 33293
21 20 13008
21 22 8782
21 23 28552
21 24 33400
21 25 49225
21 26 30194
21 27 17696
21 28 3061
21 29 11361
21 30 7463
21 31 40349
21 32 39011
21 33 19162
21 34 26617
21 35 34767
21 36 4119
21 37 9829
21 38 43749
21 39 43510
21 40 32957
21 41 29128
21 42 25786
21 43 23176
21 44 36564
21 45 14175
21 46 26792
21 47 2143
21 48 2935
21 49 33592
21 50 45684
21 51 25921
21 52 21382
21 53 39667
21 54 22461
21 55 49423
21 56 26981
21 57 17738
21 58 41213
21 59 37788
21 60 12819
21 61 -3833
21 62 9188
21 63 22060
21 64 9564
21 65 51774
21 66 51103
21 67 27498
21 68 20164
21 69 115
21 70 19907
21 71 12769
21 72 43450
21 73 16071
21 74 2606
21 75 23648
21 76 8338
22 1 1550
22 2 10876
22 3 26859
22 4 26304
22 5 23024
22 6 18352
22 7 37594
22 8 36017
22 9 38873
22 10 49152
22 11 50803
22 12 34529
22 13 38128
22 14 47841
22 15 30167
22 16 17342
22 17 28413
22 18 36839
22 19 44146
22 20 30997
22 21 8620
22 23 13516
22 24 21277
22 25 43307
22 26 33307
22 27 29794
22 28 3061
22 29 25166
22 30 15826
22 31 39220
22 32 33560
22 33 11079
22 34 35083
22 35 43177
22 36 21839
22 37 27763
22 38 47673
22 39 41639
22 40 30613
22 41 11439
22 42 7814
22 43 6202
22 44 30038
22 45 25558
22 46 35247
22 47 19901
22 48 17400
22 49 21637
22 50 38204
22 51 22077
22 52 31993
22 53 47010
22 54 35875
22 55 42256
22 56 10455
22 57 33936
22 58 43084
22 59 47900
22 60 29938
22 61 -2256
22 62 1598
22 63 10677
22 64 -6918
22 65 56306
22 66 57336
22 67 33151
22 68 22607
22 69 14930
22 70 37657
22 71 29725
22 72 43450
22 73 6868
22 74 10196
22 75 27102
22 76 11457
23 1 4231
23 2 19555
23 3 14194
23 4 31948
23 5 37912
23 6 19020
23 7 38269
23 8 40001
23 9 27311
23 10 42136
23 11 48752
23 12 28720
23 13 47416
23 14 49659
23 15 43681
23 16 6611
23 17 23836
23 18 18671
23 19 48717
23 20 47739
23 21 26869
23 22 11995
23 24 1290
23 25 28016
23 26 32044
23 27 38396
23 28 20407
23 29 37146
23 30 26487
23 31 28022
23 32 20673
23 33 10112
23 34 39762
23 35 45359
23 36 40294
23 37 44399
23 38 43009
23 39 31685
23 40 22466
23 41 7924
23 42 11329
23 43 4836
23 44 17044
23 45 35198
23 46 39338
23 47 36928
23 48 31647
23 49 3034
23 50 22103
23 51 16999
23 52 38603
23 53 47010
23 54 43715
23 55 25065
23 56 -7038
23 57 46508
23 58 37229
23 59 49659
23 60 49068
23 61 18839
23 62 14152
23 63 1869
23 64 2826
23 65 51774
23 66 54343
23 67 35251
23 68 26742
23 69 35091
23 70 55869
23 71 48995
23 72 35596
23 73 12315
23 74 24627
23 75 29681
23 76 12428
24 1 17508
24 2 28090
24 3 8613
24 4 36068
24 5 46417
24 6 23730
24 7 37058
24 8 40873
24 9 17712
24 10 34558
24 11 44065
24 12 24598
24 13 51517
24 14 47744
24 15 50713
24 16 9457
24 17 22652
24 18 3753
24 19 49163
24 20 56727
24 21 38254
24 22 26293
24 23 7827
24 25 14778
24 26 31190
24 27 42825
24 28 32471
24 29 44201
24 30 34237
24 31 16826
24 32 11388
24 33 18680
24 34 42063
24 35 44674
24 36 51107
24 37 53646
24 38 36805
24 39 23070
24 40 17439
24 41 23355
24 42 26852
24 43 20172
24 44 9549
24 45 41069
24 46 40970
24 47 47131
24 48 40521
24 49 55
24 50 9083
24 51 18265
24 52 41721
24 53 44313
24 54 46259
24 55 10219
24 56 5159
24 57 52665
24 58 31164
24 59 46951
24 60 59952
24 61 32548
24 62 26063
24 63 11034
24 64 18314
24 65 45233
24 66 48489
24 67 36494
24 68 31856
24 69 47350
24 70 65946
24 71 60174
24 72 28353
24 73 23409
24 74 34768
24 75 32858
24 76 14179
25 1 33998
25 2 36960
25 3 13887
25 4 37546
25 5 51329
25 6 30216
25 7 29339
25 8 35316
25 9 3169
25 10 17421
25 11 29276
25 12 17682
25 13 49473
25 14 36531
25 15 52732
25 16 22089
25 17 22245
25 18 1914
25 19 41696
25 20 60992
25 21 48326
25 22 42570
25 23 28800
25 24 9025
25 26 27058
25 27 42404
25 28 44838
25 29 47759
25 30 40468
25 31 -5539
25 32 5443
25 33 31218
25 34 39762
25 35 36663
25 36 59139
25 37 58896
25 38 20731
25 39 8070
25 40 12502
25 41 44144
25 42 46809
25 43 39551
25 44 11175
25 45 43528
25 46 37456
25 47 54894
25 48 47000
25 49 19460
25 50 2065
25 51 23635
25 52 39678
25 53 32952
25 54 41262
25 55 -7727
25 56 27653
25 57 53104
25 58 17388
25 59 33543
25 60 67104
25 61 46570
25 62 39416
25 63 26781
25 64 38515
25 65 28000
25 66 31480
25 67 34090
25 68 36726
25 69 57774
25 70 71757
25 71 68191
25 72 14035
25 73 37054
25 74 44193
25 75 34785
25 76 14285
26 1 22311
26 2 15091
26 3 14496
26 4 8940
26 5 22721
26 6 10638
26 7 3341
26 8 6867
26 9 12722
26 10 14359
26 11 14864
26 12 3288
26 13 19645
26 14 14697
26 15 22938
26 16 16166
26 17 4879
26 18 24126
26 19 15031
26 20 31593
26 21 23756
26 22 27031
26 23 27289
26 24 19898
26 25 21519
26 27 12428
26 28 24168
26 29 18922
26 30 14525
26 31 7645
26 32 13608
26 33 17751
26 34 9775
26 35 10726
26 36 31954
26 37 30063
26 38 11545
26 39 12273
26 40 5102
26 41 37891
26 42 38000
26 43 31337
26 44 14783
26 45 14505
26 46 7729
26 47 28098
26 48 19953
26 49 23067
26 50 21676
26 51 9796
26 52 9720
26 53 12117
26 54 12702
26 55 22258
26 56 27948
26 57 23109
26 58 8079
26 59 14675
26 60 38772
26 61 25848
26 62 21767
26 63 19050
26 64 28030
26 65 20091
26 66 21217
26 67 4138
26 68 12625
26 69 32251
26 70 42832
26 71 40546
26 72 10828
26 73 21900
26 74 20563
26 75 8372
26 76 -12874
27 1 26815
27 2 15091
27 3 30206
27 4 7285
27 5 7191
27 6 18216
27 7 10255
27 8 3831
27 9 31161
27 10 29675
27 11 22263
27 12 21727
27 13 3009
27 14 15032
27 15 4731
27 16 27864
27 17 20799
27 18 41590
27 19 9588
27 20 13810
27 21 14327
27 22 26587
27 23 36710
27 24 34602
27 25 39934
27 26 15497
27 28 20481
27 29 4641
27 30 8847
27 31 24396
27 32 31439
27 33 24507
27 34 6768
27 35 12166
27 36 17700
27 37 13351
27 38 23649
27 39 30538
27 40 23079
27 41 43118
27 42 41490
27 43 36325
27 44 31453
27 45 2550
27 46 5903
27 47 15465
27 48 8756
27 49 36170
27 50 39470
27 51 22380
27 52 -1421
27 53 17313
27 54 118
27 55 40681
27 56 36951
27 57 4706
27 58 24060
27 59 14084
27 60 22208
27 61 19375
27 62 22189
27 63 27877
27 64 28887
27 65 30805
27 66 28741
27 67 11287
27 68 16312
27 69 19712
27 70 25577
27 71 25044
27 72 28398
27 73 25555
27 74 15062
27 75 14614
27 76 -2802
28 1 6019
28 2 4525
28 3 26673
28 4 18706
28 5 13587
28 6 14327
28 7 30654
28 8 28059
28 9 36805
28 10 44583
28 11 44187
28 12 30478
28 13 28953
28 14 40082
28 15 20684
28 16 18218
28 17 24704
28 18 38307
28 19 35805
28 20 22049
28 21 107
28 22 269
28 23 19136
28 24 24663
28 25 42783
28 26 27652
28 27 20896
28 29 15820
28 30 7231
28 31 36155
28 32 32577
28 33 10890
28 34 27260
28 35 35612
28 36 13604
28 37 18724
28 38 42084
28 39 38752
28 40 27763
28 41 19901
28 42 16869
28 43 13775
28 44 29611
28 45 16665
28 46 27488
28 47 10851
28 48 7919
28 49 24812
28 50 38540
28 51 19674
28 52 23525
28 53 39931
28 54 26834
28 55 42559
28 56 17495
28 57 24452
28 58 38326
28 59 39948
28 60 22272
28 61 -4413
28 62 -61
28 63 13167
28 64 2306
28 65 50504
28 66 50854
28 67 26338
28 68 16546
28 69 8507
28 70 29362
28 71 22170
28 72 39596
28 73 7137
28 74 947
28 75 20904
28 76 5558
29 1 21966
29 2 10475
29 3 30830
29 4 8637
29 5 -101
29 6 16832
29 7 17575
29 8 12066
29 9 34885
29 10 36095
29 11 30378
29 12 25710
29 13 9392
29 14 23563
29 15 2722
29 16 26378
29 17 22806
29 18 43031
29 19 18102
29 20 9424
29 21 5884
29 22 19851
29 23 33352
29 24 33870
29 25 43181
29 26 19883
29 27 2533
29 28 13297
29 30 3425
29 31 30253
29 32 33721
29 33 21252
29 34 13100
29 35 20353
29 36 9804
29 37 7305
29 38 30975
29 39 34966
29 40 25955
29 41 37879
29 42 35666
29 43 31214
29 44 32696
29 45 619
29 46 12990
29 47 6998
29 48 394
29 49 34745
29 50 41453
29 51 22324
29 52 6622
29 53 25458
29 54 7439
29 55 43881
29 56 33142
29 57 5537
29 58 30099
29 59 22591
29 60 15947
29 61 11149
29 62 16340
29 63 24898
29 64 22025
29 65 38504
29 66 36959
29 67 15945
29 68 14935
29 69 11389
29 70 20150
29 71 17905
29 72 33609
29 73 20903
29 74 7960
29 75 15596
29 76 -518
30 1 13079
30 2 1475
30 3 23540
30 4 6455
30 5 6607
30 6 9022
30 7 18492
30 8 15303
30 9 29994
30 10 34446
30 11 32067
30 12 21727
30 13 16962
30 14 27349
30 15 11629
30 16 17971
30 17 17224
30 18 35943
30 19 23005
30 20 16927
30 21 3658
30 22 12183
30 23 24365
30 24 25578
30 25 37562
30 26 17158
30 27 8411
30 28 6380
30 29 5097
30 31 27442
30 32 27565
30 33 12342
30 34 14610
30 35 22999
30 36 13095
30 37 13952
30 38 30864
30 39 30870
30 40 20692
30 41 29159
30 42 27232
30 43 22433
30 44 25796
30 45 4209
30 46 14848
30 47 8856
30 48 1062
30 49 26226
30 50 34856
30 51 15009
30 52 10735
30 53 27555
30 54 14528
30 55 38053
30 56 24145
30 57 14522
30 58 28175
30 59 27158
30 60 21301
30 61 6727
30 62 7854
30 63 15994
30 64 14481
30 65 39012
30 66 38771
30 67 14606
30 68 7885
30 69 12385
30 70 26552
30 71 22170
30 72 30524
30 73 11948
30 74 1252
30 75 10719
30 76 -4639
31 1 46446
31 2 44724
31 3 27044
31 4 40559
31 5 54117
31 6 38264
31 7 25694
31 8 32036
31 9 10593
31 10 7788
31 11 17664
31 12 20796
31 13 47338
31 14 27349
31 15 53063
31 16 35036
31 17 28695
31 18 20332
31 19 35709
31 20 62182
31 21 54947
31 22 53980
31 23 44303
31 24 26570
31 25 9958
31 26 28681
31 27 42363
31 28 53707
31 29 50328
31 30 45845
31 32 18058
31 33 42344
31 34 39664
31 35 31550
31 36 63572
31 37 61247
31 38 9532
31 39 10500
31 40 19416
31 41 58863
31 42 60800
31 43 53481
31 44 24415
31 45 45916
31 46 36405
31 47 59709
31 48 51558
31 49 35469
31 50 19431
31 51 32958
31 52 38874
31 53 24923
31 54 36436
31 55 4893
31 56 43929
31 57 52140
31 58 12401
31 59 21347
31 60 70089
31 61 55715
31 62 49545
31 63 39946
31 64 52261
31 65 14384
31 66 16994
31 67 35251
31 68 42849
31 69 63763
31 70 73825
31 71 72091
31 72 12088
31 73 47977
31 74 51263
31 75 39342
31 76 18151
32 1 22701
32 2 24889
32 3 2533
32 4 26441
32 5 39860
32 6 18170
32 7 21652
32 8 26787
32 9 84
32 10 16538
32 11 26377
32 12 8631
32 13 39801
32 14 31190
32 15 41930
32 16 10834
32 17 10846
32 18 3942
32 19 34247
32 20 49781
32 21 36271
32 22 30982
32 23 19616
32 24 3794
32 25 3602
32 26 17306
32 27 32068
32 28 32791
32 29 36458
32 30 28630
32 31 720
32 33 19410
32 34 29829
32 35 29302
32 36 47279
32 37 47444
32 38 18842
32 39 5099
32 40 1941
32 41 34242
32 42 36392
32 43 29065
32 44 -218
32 45 32382
32 46 27975
32 47 43020
32 48 35222
32 49 11012
32 50 1435
32 51 11556
32 52 29797
32 53 27555
32 54 32799
32 55 3862
32 56 19380
32 57 42748
32 58 13356
32 59 29787
32 60 55424
32 61 34578
32 62 27492
32 63 15736
32 64 27989
32 65 27216
32 66 30513
32 67 23976
32 68 24895
32 69 45734
32 70 60282
32 71 56374
32 72 10361
32 73 25251
32 74 32134
32 75 23400
32 76 3247
33 1 -237
33 2 4915
33 3 11234
33 4 17160
33 5 23555
33 6 4818
33 7 25382
33 8 25952
33 9 22873
33 10 33894
33 11 37491
33 12 19248
33 13 32435
33 14 36597
33 15 28870
33 16 2407
33 17 13186
33 18 22506
33 19 34642
33 20 33705
33 21 14703
33 22 6782
33 23 7336
33 24 9367
33 25 27658
33 26 19730
33 27 23417
33 28 9385
33 29 22270
33 30 11688
33 31 23287
33 32 17691
33 34 25359
33 35 31971
33 36 27517
33 37 30474
33 38 33208
33 39 25726
33 40 14775
33 41 15318
33 42 15370
33 43 8682
33 44 14330
33 45 20168
33 46 25137
33 47 23603
33 48 17400
33 49 9627
33 50 22974
33 51 6344
33 52 23867
33 53 34624
33 54 28946
33 55 27064
33 56 7527
33 57 31550
33 58 28058
33 59 36766
33 60 36373
33 61 10617
33 62 3385
33 63 -1268
33 64 5882
33 65 41967
33 66 43697
33 67 21503
33 68 11932
33 69 23953
33 70 42523
33 71 36573
33 72 27876
33 73 922
33 74 11187
33 75 15442
33 76 -1153
34 1 24988
34 2 14274
34 3 23899
34 4 4306
34 5 13807
34 6 14244
34 7 3492
34 8 -98
34 9 23483
34 10 22191
34 11 16758
34 12 14079
34 13 8938
34 14 11799
34 15 12524
34 16 23080
34 17 14097
34 18 34611
34 19 8358
34 20 21514
34 21 18279
34 22 26907
34 23 33107
34 24 28871
34 25 32323
34 26 7875
34 27 1799
34 28 21876
34 29 10239
34 30 10077
34 31 16728
34 32 24231
34 33 21480
34 35 7346
34 36 23944
34 37 20630
34 38 16837
34 39 22753
34 40 15758
34 41 41297
34 42 40369
34 43 34502
34 44 24766
34 45 6147
34 46 -805
34 47 20818
34 48 13096
34 49 31037
34 50 32303
34 51 16928
34 52 -1072
34 53 12033
34 54 3255
34 55 33053
34 56 33618
34 57 12348
34 58 16404
34 59 11784
34 60 29513
34 61 22307
34 62 21820
34 63 24272
34 64 28978
34 65 24459
34 66 23445
34 67 3866
34 68 13175
34 69 25298
34 70 33123
34 71 31908
34 72 20596
34 73 23841
34 74 16905
34 75 9757
34 76 -8957
35 1 34979
35 2 25085
35 3 28837
35 4 15263
35 5 23191
35 6 23419
35 7 -1508
35 8 -2169
35 9 23237
35 10 16266
35 11 6263
35 12 15503
35 13 12491
35 14 889
35 15 19450
35 16 30575
35 17 19437
35 18 36990
35 19 1216
35 20 28628
35 21 29221
35 22 37793
35 23 41496
35 24 34274
35 25 32016
35 26 11618
35 27 9989
35 28 33020
35 29 20284
35 30 21258
35 31 11406
35 32 26496
35 33 30884
35 34 10138
35 36 33691
35 37 29059
35 38 8553
35 39 21395
35 40 18397
35 41 51082
35 42 50583
35 43 44360
35 44 28742
35 45 16763
35 46 5903
35 47 31173
35 48 23824
35 49 37627
35 50 34266
35 51 24135
35 52 6498
35 53 1313
35 54 1226
35 55 32297
35 56 42140
35 57 17579
35 58 12071
35 59 1061
35 60 37759
35 61 33464
35 62 32587
35 63 32960
35 64 39689
35 65 15075
35 66 12779
35 67 11287
35 68 23325
35 69 35569
35 70 40763
35 71 40946
35 72 17957
35 73 34033
35 74 28085
35 75 19166
35 76 -929
36 1 25877
36 2 18558
36 3 42575
36 4 23806
36 5 3241
36 6 28106
36 7 33692
36 8 27845
36 9 49309
36 10 52057
36 11 46272
36 12 40666
36 13 22187
36 14 38666
36 15 8649
36 16 35817
36 17 36595
36 18 54951
36 19 32769
36 20 3634
36 21 1060
36 22 18942
36 23 38918
36 24 43194
36 25 56979
36 26 35333
36 27 18010
36 28 13499
36 29 12222
36 30 13841
36 31 45915
36 32 46960
36 33 28917
36 34 29223
36 35 36178
36 37 1514
36 38 47100
36 39 49931
36 40 40045
36 41 39458
36 42 35974
36 43 33591
36 44 45012
36 45 16543
36 46 29099
36 47 2221
36 48 6521
36 49 43462
36 50 54127
36 51 34192
36 52 22456
36 53 41324
36 54 19841
36 55 57457
36 56 37420
36 57 12747
36 58 45966
36 59 36864
36 60 2549
36 61 3976
36 62 19536
36 63 32095
36 64 18800
36 65 54592
36 66 52761
36 67 31723
36 68 27301
36 69 -3491
36 70 9512
36 71 2840
36 72 49084
36 73 26237
36 74 11749
36 75 29731
36 76 14149
37 1 30340
37 2 20876
37 3 43675
37 4 22235
37 5 262
37 6 29231
37 7 29893
37 8 23245
37 9 48479
37 10 49115
37 11 41512
37 12 39307
37 13 16038
37 14 33038
37 15 1744
37 16 38099
37 17 36256
37 18 56037
37 19 26997
37 20 -2932
37 21 6745
37 22 24841
37 23 42998
37 24 45708
37 25 56711
37 26 33417
37 27 13636
37 28 18594
37 29 9698
37 30 14673
37 31 43565
37 32 47100
37 33 31849
37 34 25884
37 35 31521
37 36 1489
37 38 43295
37 39 48552
37 40 39495
37 41 44921
37 42 41780
37 43 38721
37 44 45771
37 45 14175
37 46 25419
37 47 5818
37 48 7407
37 49 46210
37 50 54696
37 51 35109
37 52 18226
37 53 36610
37 54 13152
37 55 57383
37 56 42049
37 57 5499
37 58 43287
37 59 30553
37 60 2592
37 61 11169
37 62 23950
37 63 35369
37 64 25579
37 65 50361
37 66 47767
37 67 29368
37 68 27708
37 69 4164
37 70 6566
37 71 5819
37 72 47074
37 73 30028
37 74 15160
37 75 29049
37 76 13059
38 1 42307
38 2 35960
38 3 27893
38 4 28299
38 5 39881
38 6 31144
38 7 9771
38 8 15303
38 9 15009
38 10 1334
38 11 -675
38 12 14687
38 13 30376
38 14 8483
38 15 37122
38 16 33504
38 17 22710
38 18 29894
38 19 17367
38 20 46347
38 21 43705
38 22 47791
38 23 44648
38 24 31907
38 25 21586
38 26 17939
38 27 26974
38 28 44994
38 29 36408
38 30 34625
38 31 -5110
38 32 21538
38 33 37623
38 34 25131
38 35 14055
38 36 50115
38 37 46335
38 39 12497
38 40 16742
38 41 57095
38 42 57826
38 43 50843
38 44 26306
38 45 32272
38 46 21290
38 47 46906
38 48 39002
38 49 37806
38 50 27345
38 51 28354
38 52 23318
38 53 6355
38 54 18242
38 55 20269
38 56 45114
38 57 35452
38 58 3263
38 59 3630
38 60 55175
38 61 46537
38 62 42577
38 63 37649
38 64 48365
38 65 -541
38 66 2350
38 67 22564
38 68 33488
38 69 51371
38 70 58379
38 71 57938
38 72 9012
38 73 42342
38 74 41074
38 75 29150
38 76 7969
39 1 30534
39 2 29000
39 3 11964
39 4 26390
39 5 40361
39 6 22389
39 7 15853
39 8 21986
39 9 -3004
39 10 5996
39 11 16758
39 12 5774
39 13 36546
39 14 23130
39 15 40690
39 16 19437
39 17 12912
39 18 11978
39 19 28112
39 20 49397
39 21 39661
39 22 37952
39 23 29519
39 24 14367
39 25 5120
39 26 14862
39 27 30058
39 28 37857
39 29 36594
39 30 30826
39 31 -7947
39 32 3990
39 33 26336
39 34 27242
39 35 23092
39 36 49141
39 37 47787
39 38 8692
39 40 3397
39 41 43494
39 42 45153
39 43 37864
39 44 9683
39 45 32203
39 46 24618
39 47 45062
39 48 36944
39 49 21409
39 50 9343
39 51 16928
39 52 27014
39 53 19492
39 54 27819
39 55 5414
39 56 29569
39 57 40603
39 58 4043
39 59 20743
39 60 56400
39 61 39869
39 62 33536
39 63 24272
39 64 36490
39 65 16820
39 66 20235
39 67 21912
39 68 27443
39 69 48762
39 70 60592
39 71 57946
39 72 596
39 73 31948
39 74 35775
39 75 24397
39 76 3404
40 1 20821
40 2 19214
40 3 4767
40 4 18448
40 5 32242
40 6 12495
40 7 13492
40 8 18326
40 9 2722
40 10 13202
40 11 20418
40 12 577
40 13 31279
40 14 23747
40 15 33755
40 16 10448
40 17 3341
40 18 12440
40 19 25998
40 20 41897
40 21 30180
40 22 27998
40 23 21372
40 24 9808
40 25 10624
40 26 8763
40 27 23671
40 28 27940
40 29 28655
40 30 21720
40 31 2041
40 32 1904
40 33 16457
40 34 21319
40 35 21166
40 36 40327
40 37 39802
40 38 14009
40 39 4469
40 41 34469
40 42 35769
40 43 28555
40 44 3903
40 45 24431
40 46 19431
40 47 36129
40 48 28123
40 49 14617
40 50 9974
40 51 6949
40 52 21289
40 53 20275
40 54 24305
40 55 11337
40 56 21786
40 57 34380
40 58 8185
40 59 22922
40 60 48088
40 61 29944
40 62 23536
40 63 15010
40 64 26915
40 65 22743
40 66 25516
40 67 15481
40 68 18071
40 69 39458
40 70 52663
40 71 49304
40 72 6776
40 73 21996
40 74 26167
40 75 15718
40 76 -4815
41 1 2881
41 2 20107
41 3 23882
41 4 34825
41 5 36296
41 6 23235
41 7 43821
41 8 44144
41 9 37145
41 10 50770
41 11 55707
41 12 36527
41 13 49079
41 14 55021
41 15 43012
41 16 14829
41 17 30838
41 18 29715
41 19 52766
41 20 45068
41 21 22869
41 22 5342
41 23 3348
41 24 12242
41 25 38784
41 26 38070
41 27 40228
41 28 16596
41 29 37097
41 30 26705
41 31 38006
41 32 30723
41 33 13518
41 34 43376
41 35 50369
41 36 36258
41 37 41746
41 38 50880
41 39 41084
41 40 30987
41 42 1012
41 43 -988
41 44 26963
41 45 36309
41 46 43284
41 47 33871
41 48 30213
41 49 13984
41 50 32934
41 51 23707
41 52 41413
41 53 53041
41 54 46234
41 55 36091
41 56 -2869
41 57 46434
41 58 45356
41 59 55196
41 60 44487
41 61 11938
41 62 11784
41 63 7913
41 64 -8150
41 65 59674
41 66 61751
41 67 39881
41 68 29812
41 69 29460
41 70 52091
41 71 44277
41 72 44361
41 73 12376
41 74 22704
41 75 33726
41 76 17278
42 1 2331
42 2 18662
42 3 26046
42 4 33855
42 5 33638
42 6 23123
42 7 43702
42 8 43437
42 9 39198
42 10 52031
42 11 56078
42 12 37537
42 13 47416
42 14 54692
42 15 40576
42 16 16609
42 17 31619
42 18 33026
42 19 51945
42 20 41985
42 21 19637
42 22 1827
42 23 6863
42 24 15849
42 25 41559
42 26 38289
42 27 38710
42 28 13674
42 29 34994
42 30 24888
42 31 40053
42 32 32983
42 33 13680
42 34 42558
42 35 49980
42 36 32884
42 37 38715
42 38 51721
42 39 42853
42 40 32397
42 41 1122
42 43 -361
42 44 29208
42 45 34631
42 46 42566
42 47 30832
42 48 27725
42 49 17171
42 50 35819
42 51 24557
42 52 40249
42 53 53041
42 54 44818
42 55 39276
42 56 1344
42 57 44161
42 58 46398
42 59 54873
42 60 40897
42 61 8009
42 62 9691
42 63 9412
42 64 -11519
42 65 60497
42 66 62298
42 67 39518
42 68 29116
42 69 25699
42 70 48698
42 71 40680
42 72 45756
42 73 11443
42 74 20254
42 75 33288
42 76 17112
43 1 -1591
43 2 15665
43 3 20947
43 4 30356
43 5 32204
43 6 18888
43 7 39503
43 8 39703
43 9 34104
43 10 47107
43 11 51571
43 12 32694
43 13 44641
43 14 50656
43 15 38795
43 16 11525
43 17 26865
43 18 28256
43 19 48314
43 20 41234
43 21 19256
43 22 2444
43 23 2599
43 24 11398
43 25 36530
43 26 33855
43 27 35774
43 28 12809
43 29 32771
43 30 22318
43 31 34963
43 32 27885
43 33 9221
43 34 38920
43 35 45986
43 36 32730
43 37 37885
43 38 46967
43 39 37793
43 40 27412
43 41 1351
43 42 1868
43 44 24111
43 45 31882
43 46 38840
43 47 30052
43 48 26053
43 49 12400
43 50 30833
43 51 19758
43 52 36941
43 53 48765
43 54 41769
43 55 34405
43 56 -1207
43 57 42148
43 58 41551
43 59 50835
43 60 41176
43 61 9391
43 62 7572
43 63 4354
43 64 -6483
43 65 55753
43 66 57695
43 67 35495
43 68 25360
43 69 26460
43 70 48542
43 71 40991
43 72 40784
43 73 7906
43 74 18565
43 75 29317
43 76 12933
44 1 17720
44 2 21102
44 3 -2529
44 4 24530
44 5 37236
44 6 14655
44 7 22561
44 8 26963
44 9 4956
44 10 20507
44 11 29276
44 12 9796
44 13 38950
44 14 32966
44 15 40032
44 16 5805
44 17 9282
44 18 5022
44 19 34936
44 20 47385
44 21 32501
44 22 26137
44 23 14664
44 24 632
44 25 8011
44 26 17158
44 27 30759
44 28 28502
44 29 34110
44 30 25538
44 31 5754
44 32 -1541
44 33 14726
44 34 29041
44 35 30225
44 36 44008
44 37 44792
44 38 22287
44 39 9469
44 40 2617
44 41 29159
44 42 31294
44 43 23968
44 45 30279
44 46 27553
44 47 39750
44 48 32175
44 49 6438
44 50 3819
44 51 7946
44 52 28938
44 53 29484
44 54 32756
44 55 7650
44 56 14590
44 57 41253
44 58 16515
44 59 32089
44 60 52409
44 61 30135
44 62 22947
44 63 10677
44 64 22898
44 65 30860
44 66 33955
44 67 23220
44 68 21955
44 69 41995
44 70 57554
44 71 53154
44 72 14035
44 73 20562
44 74 28382
44 75 21271
44 76 1659
45 1 20821
45 2 9035
45 3 27121
45 4 4306
45 5 4371
45 6 13680
45 7 13492
45 8 8642
45 9 30516
45 10 31697
45 11 26618
45 12 21285
45 13 8938
45 14 20537
45 15 5940
45 16 23419
45 17 18656
45 18 39149
45 19 15569
45 20 13612
45 21 8648
45 22 20193
45 23 31354
45 24 30688
45 25 38900
45 26 15416
45 27 392
45 28 14092
45 29 569
45 30 2487
45 31 25791
45 32 29595
45 33 19100
45 34 8958
45 35 16782
45 36 14075
45 37 11732
45 38 26789
45 39 30525
45 40 21681
45 41 37041
45 42 35253
45 43 30275
45 44 28815
45 46 9001
45 47 10818
45 48 3211
45 49 31817
45 50 37419
45 51 18751
45 52 3400
45 53 21772
45 54 6474
45 55 39622
45 56 31414
45 57 7796
45 58 25666
45 59 19989
45 60 20417
45 61 13322
45 62 15897
45 63 22649
45 64 22493
45 65 34459
45 66 33267
45 67 11481
45 68 11652
45 69 15298
45 70 24549
45 71 22340
45 72 29137
45 73 19593
45 74 8686
45 75 11524
45 76 -4815
46 1 26929
46 2 16407
46 3 24621
46 4 6455
46 5 15552
46 6 15914
46 7 1554
46 8 -2169
46 9 23105
46 10 20735
46 11 14608
46 12 13836
46 13 8976
46 14 9591
46 15 13619
46 16 24399
46 17 14744
46 18 34872
46 19 6466
46 20 22750
46 21 20453
46 22 29070
46 23 34682
46 24 29777
46 25 32016
46 26 7828
46 27 2933
46 28 24103
46 29 12128
46 30 12314
46 31 15468
46 32 24376
46 33 23257
46 34 1194
46 35 5110
46 36 25819
46 37 22164
46 38 14995
46 39 22128
46 40 15869
46 41 43204
46 42 42376
46 43 36421
46 44 25277
46 45 8189
46 47 22837
46 48 15204
46 49 32189
46 50 32445
46 51 18108
46 52 -544
46 53 9837
46 54 2257
46 55 32702
46 56 35235
46 57 13017
46 58 15138
46 59 9612
46 60 31049
46 61 24537
46 62 23950
46 63 25891
46 64 31105
46 65 22477
46 66 21282
46 67 4481
46 68 15094
46 69 27311
46 70 34508
46 71 33624
46 72 19679
46 73 25823
46 74 19141
46 75 11400
46 76 -7777
47 1 20563
47 2 12279
47 3 36196
47 4 17851
47 5 262
47 6 21711
47 7 28492
47 8 23245
47 9 42993
47 10 46305
47 11 41512
47 12 34478
47 13 19262
47 14 34671
47 15 7524
47 16 29610
47 17 30248
47 18 48583
47 19 29050
47 20 7016
47 21 -3055
47 22 14865
47 23 33413
47 24 37079
47 25 50595
47 26 29338
47 27 13636
47 28 8607
47 29 7277
47 30 7463
47 31 39913
47 32 40562
47 33 22864
47 34 23958
47 35 31521
47 36 82
47 37 3704
47 38 41752
47 39 43713
47 40 33708
47 41 34932
47 42 31783
47 43 28774
47 44 38615
47 45 11147
47 46 23978
47 48 316
47 49 37402
47 50 47726
47 51 27794
47 52 17801
47 53 36610
47 54 17290
47 55 51060
47 56 32253
47 57 11708
47 58 40141
47 59 33467
47 60 8691
47 61 2180
47 62 14152
47 63 26190
47 64 15882
47 65 49459
47 66 48116
47 67 25940
47 68 20916
47 69 298
47 70 14810
47 71 9223
47 72 43030
47 73 20521
47 74 5724
47 75 23483
47 76 7969
48 1 17720
48 2 7475
48 3 30596
48 4 11553
48 5 262
48 6 16065
48 7 22561
48 8 17831
48 9 36782
48 10 40040
48 11 35816
48 12 28174
48 13 15737
48 14 29616
48 15 6842
48 16 24692
48 17 24092
48 18 43002
48 19 24350
48 20 10298
48 21 -436
48 22 14191
48 23 29959
48 24 32296
48 25 44528
48 26 23020
48 27 8754
48 28 7502
48 29 2500
48 30 1496
48 31 33589
48 32 34591
48 33 18488
48 34 18063
48 35 25999
48 36 6209
48 37 7120
48 38 35675
48 39 37422
48 40 27529
48 41 33101
48 42 30503
48 43 26602
48 44 32867
48 45 5367
48 46 18172
48 47 2143
48 49 32796
48 50 41923
48 51 22077
48 52 12484
48 53 30987
48 54 13812
48 55 45061
48 56 29321
48 57 10527
48 58 33855
48 59 28844
48 60 14232
48 61 4746
48 62 11564
48 63 22060
48 64 16155
48 65 43500
48 66 42476
48 67 19694
48 68 14903
48 69 6415
48 70 19550
48 71 15185
48 72 36706
48 73 17036
48 74 2606
48 75 17206
48 76 1659
49 1 10569
49 2 21308
49 3 5873
49 4 30371
49 5 39806
49 6 17594
49 7 33342
49 8 36397
49 9 18112
49 10 33932
49 11 42037
49 12 21898
49 13 46028
49 14 44478
49 15 44447
49 16 3025
49 17 18473
49 18 8848
49 19 44926
49 20 50078
49 21 31228
49 22 19435
49 23 2353
49 24 -7163
49 25 17995
49 26 27141
49 27 37175
49 28 25402
49 29 37858
49 30 27667
49 31 18507
49 32 11388
49 33 11722
49 34 37011
49 35 40809
49 36 44157
49 37 46930
49 38 35486
49 39 22894
49 40 15030
49 41 17879
49 42 20956
49 43 13956
49 44 8137
49 45 34980
49 46 36164
49 47 40236
49 48 33803
49 50 12067
49 51 12933
49 52 36456
49 53 41324
49 54 41308
49 55 15115
49 56 1449
49 57 46628
49 58 29652
49 59 44104
49 60 53016
49 61 25537
49 62 18992
49 63 3963
49 64 12617
49 65 44138
49 66 47088
49 67 31723
49 68 25759
49 69 40288
49 70 59120
49 71 53197
49 72 27424
49 73 16341
49 74 27831
49 75 27335
49 76 9114
50 1 26414
50 2 31095
50 3 7001
50 4 33855
50 5 47005
50 6 24641
50 7 29003
50 8 34316
50 9 4275
50 10 21260
50 11 32263
50 12 16094
50 13 47416
50 14 38001
50 15 49383
50 16 14686
50 17 18266
50 18 -3400
50 19 41612
50 20 57053
50 21 42485
50 22 35167
50 23 20587
50 24 1030
50 25 -235
50 26 24915
50 27 39640
50 28 38295
50 29 43731
50 30 35462
50 31 1634
50 32 976
50 33 24234
50 34 37442
50 35 36613
50 36 53987
50 37 54581
50 38 24190
50 39 9993
50 40 9552
50 41 35994
50 42 38769
50 43 31554
50 44 4683
50 45 39747
50 46 35585
50 47 49725
50 48 42095
50 49 11232
50 51 17927
50 52 37409
50 53 34325
50 54 40346
50 55 -2081
50 56 19411
50 57 50300
50 58 19361
50 59 36122
50 60 62336
50 61 39768
50 62 32536
50 63 19125
50 64 30481
50 65 32155
50 66 35632
50 67 31587
50 68 31810
50 69 51980
50 70 67382
50 71 63126
50 72 15992
50 73 29999
50 74 38373
50 75 30718
50 76 10725
51 1 10086
51 2 9240
51 3 4471
51 4 13727
51 5 25393
51 6 2619
51 7 17199
51 8 19514
51 9 13097
51 10 23489
51 11 28033
51 12 8894
51 13 29180
51 14 28580
51 15 28773
51 16 2349
51 17 3036
51 18 16849
51 19 28141
51 20 35639
51 21 20637
51 22 16955
51 23 13398
51 24 8127
51 25 19250
51 26 10950
51 27 20465
51 28 17344
51 29 22517
51 30 13530
51 31 13076
51 32 9012
51 33 5519
51 34 19982
51 35 24397
51 36 31967
51 37 32909
51 38 23114
51 39 15493
51 40 4442
51 41 24682
51 42 25422
51 43 18394
51 44 6725
51 45 18994
51 46 19163
51 47 27708
51 48 20164
51 49 10013
51 50 15842
51 52 19476
51 53 25936
51 54 24279
51 55 19412
51 56 14057
51 57 30446
51 58 17750
51 59 28564
51 60 40384
51 61 19271
51 62 12562
51 63 5377
51 64 16251
51 65 31902
51 66 33966
51 67 14760
51 68 10100
51 69 30115
51 70 45616
51 71 41112
51 72 17436
51 73 10956
51 74 16498
51 75 10497
51 76 -7912
52 1 27478
52 2 16108
52 3 28205
52 4 6722
52 5 11219
52 6 17594
52 7 6141
52 8 -98
52 9 27873
52 10 25639
52 11 18282
52 12 18500
52 13 4482
52 14 11606
52 15 8649
52 16 26866
52 17 18473
52 18 39066
52 19 6742
52 20 17818
52 21 17546
52 22 28319
52 23 36450
52 24 33031
52 25 36741
52 26 12322
52 27 -1888
52 28 22643
52 29 8263
52 30 10704
52 31 20440
52 32 28701
52 33 24490
52 34 3430
52 35 8208
52 36 21679
52 37 17474
52 38 19526
52 39 27027
52 40 20230
52 41 43836
52 42 42562
52 43 37025
52 44 29165
52 45 5091
52 46 1959
52 47 19163
52 48 12019
52 49 34984
52 50 36772
52 51 20924
52 53 13339
52 54 -432
52 55 37459
52 56 36860
52 57 8055
52 58 20120
52 59 11072
52 60 26327
52 61 22252
52 62 23536
52 63 27577
52 64 30569
52 65 26708
52 66 24820
52 67 8330
52 68 16046
52 69 23532
52 70 29657
52 71 29146
52 72 24665
52 73 26237
52 74 17348
52 75 13353
52 76 -4815
53 1 39805
53 2 30834
53 3 30527
53 4 21401
53 5 30191
53 6 28044
53 7 2094
53 8 4831
53 9 21942
53 10 11827
53 11 -737
53 12 16359
53 13 19025
53 14 -2010
53 15 26258
53 16 33767
53 17 22187
53 18 36611
53 19 5338
53 20 35370
53 21 35974
53 22 43479
53 23 45000
53 24 35766
53 25 30158
53 26 14862
53 27 16989
53 28 39192
53 29 27242
53 30 27667
53 31 6632
53 32 26602
53 33 35390
53 34 16678
53 35 3166
53 36 40690
53 37 36001
53 38 2706
53 39 19648
53 40 19359
53 41 55607
53 42 55497
53 43 48992
53 44 29854
53 45 23606
53 46 12483
53 47 38115
53 48 30665
53 49 39995
53 50 33831
53 51 27527
53 52 13482
53 54 6226
53 55 29893
53 56 45654
53 57 24122
53 58 9340
53 59 -2904
53 60 44646
53 61 39961
53 62 38190
53 63 36853
53 64 45086
53 65 8387
53 66 5821
53 67 16509
53 68 28694
53 69 42533
53 70 47566
53 71 47923
53 72 15820
53 73 39101
53 74 34469
53 75 24317
53 76 3715
54 1 40548
54 2 28913
54 3 40645
54 4 20039
54 5 17378
54 6 30929
54 7 12727
54 8 5480
54 9 37650
54 10 31131
54 11 18096
54 12 29004
54 13 3748
54 14 7753
54 15 10244
54 16 40076
54 17 30765
54 18 50508
54 19 2538
54 20 18004
54 21 26855
54 22 40431
54 23 49792
54 24 45799
54 25 46555
54 26 23534
54 27 7881
54 28 34182
54 29 17310
54 30 22727
54 31 26232
54 32 39933
54 33 37799
54 34 15987
54 35 11166
54 36 27294
54 37 20630
54 38 22680
54 39 36062
54 40 31476
54 41 56887
54 42 55361
54 43 50083
54 44 41213
54 45 16395
54 46 12990
54 47 26882
54 48 21577
54 49 48066
54 50 47939
54 51 33957
54 52 7798
54 53 14313
54 55 47006
54 56 50194
54 57 6641
54 58 27058
54 59 3738
54 60 28008
54 61 32292
54 62 36080
54 63 40919
54 64 42727
54 65 28074
54 66 23261
54 67 20504
54 68 29366
54 69 30017
54 70 30361
54 71 32647
54 72 32812
54 73 39286
54 74 28749
54 75 26612
54 76 8062
55 1 41178
55 2 45583
55 3 21784
55 4 46732
55 5 60459
55 6 38936
55 7 38213
55 8 44309
55 9 12289
55 10 24599
55 11 36540
55 12 26879
55 13 58620
55 14 44590
55 15 61950
55 16 29540
55 17 31346
55 18 4636
55 19 50398
55 20 70181
55 21 56990
55 22 49985
55 23 34315
55 24 12932
55 25 739
55 26 36263
55 27 51617
55 28 53080
55 29 56925
55 30 49425
55 31 -2138
55 32 14169
55 33 39090
55 34 48958
55 35 45410
55 36 68083
55 37 68034
55 38 27880
55 39 16830
55 40 21681
55 41 49917
55 42 52992
55 43 45892
55 44 19280
55 45 52716
55 46 46608
55 47 63825
55 48 55999
55 49 25046
55 50 8685
55 51 32263
55 52 48862
55 53 41153
55 54 50179
55 56 32308
55 57 62313
55 58 25666
55 59 40842
55 60 76163
55 61 54617
55 62 47388
55 63 33880
55 64 44673
55 65 34459
55 66 37731
55 67 43303
55 68 45683
55 69 66473
55 70 80892
55 71 77169
55 72 22522
55 73 44864
55 74 52854
55 75 43915
55 76 23469
56 1 7980
56 2 24492
56 3 19471
56 4 37497
56 5 42445
56 6 24676
56 7 44098
56 8 45755
56 9 32319
56 10 47597
56 11 54516
56 12 34427
56 13 52824
56 14 55488
56 15 48533
56 16 12406
56 17 29648
56 18 21745
56 19 54475
56 20 51985
56 21 30470
56 22 14106
56 23 -1866
56 24 3794
56 25 32041
56 26 37875
56 27 43809
56 28 23938
56 29 42108
56 30 31439
56 31 32820
56 32 25609
56 33 15475
56 34 45445
56 35 51175
56 36 43968
56 37 48622
56 38 48647
56 39 36907
56 40 28052
56 41 6879
56 42 10982
56 43 6202
56 44 22142
56 45 40430
56 46 45063
56 47 40940
56 48 36181
56 49 7302
56 50 26099
56 51 22830
56 52 44185
56 53 52836
56 54 49289
56 55 28230
56 57 51533
56 58 42838
56 59 55490
56 60 52572
56 61 21048
56 62 18051
56 63 7515
56 64 1413
56 65 57395
56 66 60042
56 67 41025
56 68 32268
56 69 38052
56 70 59708
56 71 52417
56 72 41049
56 73 16847
56 74 28910
56 75 35373
56 76 18205
57 1 34991
57 2 23492
57 3 42010
57 4 18776
57 5 5398
57 6 28973
57 7 20951
57 8 13422
57 9 43321
57 10 40659
57 11 30557
57 12 33897
57 13 4482
57 14 21140
57 15 -3233
57 16 38716
57 17 32868
57 18 53663
57 19 15149
57 20 4023
57 21 15859
57 22 32219
57 23 46312
57 24 45932
57 25 52124
57 26 27668
57 27 6196
57 28 25527
57 29 9135
57 30 16448
57 31 35663
57 32 43609
57 33 34130
57 34 18807
57 35 21246
57 36 13927
57 37 6704
57 38 33617
57 39 42573
57 40 35278
57 41 50814
57 42 48431
57 43 44189
57 44 43437
57 45 11444
57 46 17477
57 47 15027
57 48 12019
57 49 47113
57 50 51620
57 51 33851
57 52 10012
57 53 25936
57 54 368
57 55 52867
57 56 46165
57 58 35443
57 59 17879
57 60 13909
57 61 21342
57 62 29229
57 63 37749
57 64 34107
57 65 40000
57 66 36394
57 67 23481
57 68 26942
57 69 16757
57 70 16372
57 71 18573
57 72 40194
57 73 33941
57 74 20506
57 75 26243
57 76 9221
58 1 33749
58 2 28709
58 3 18678
58 4 22730
58 5 35911
58 6 23142
58 7 7634
58 8 14044
58 9 6909
58 10 334
58 11 7074
58 12 5774
58 13 29240
58 14 13194
58 15 34714
58 16 24415
58 17 14097
58 18 21857
58 19 18996
58 20 43824
58 21 37790
58 22 39823
58 23 35489
58 24 22887
58 25 14864
58 26 11094
58 27 24006
58 28 37857
58 29 32153
58 30 28557
58 31 -5620
58 32 12673
58 33 29094
58 34 21319
58 35 14194
58 36 45602
58 37 42948
58 38 -116
58 39 4469
58 40 7539
58 41 48192
58 42 49124
58 43 42048
58 44 17155
58 45 27770
58 46 18054
58 47 41916
58 48 33803
58 49 28593
58 50 19137
58 51 19611
58 52 20533
58 53 9610
58 54 19241
58 55 14676
58 56 35926
58 57 33899
58 59 10808
58 60 51813
58 61 39685
58 62 34767
58 63 28705
58 64 39896
58 65 8601
58 66 11497
58 67 17163
58 68 26357
58 69 46184
58 70 55484
58 71 53958
58 72 596
58 73 34098
58 74 34544
58 75 22317
58 76 1043
59 1 55482
59 2 45465
59 3 47026
59 4 35523
59 5 39678
59 6 43850
59 7 17905
59 8 17038
59 9 37156
59 10 24401
59 11 6296
59 12 32814
59 13 26021
59 14 1620
59 15 33316
59 16 50241
59 17 38692
59 18 52122
59 19 11825
59 20 41145
59 21 47865
59 22 58139
59 23 61419
59 24 52174
59 25 44519
59 26 31190
59 27 27530
59 28 52979
59 29 38145
59 30 41040
59 31 16826
59 32 42604
59 33 51302
59 34 30199
59 35 16684
59 36 50000
59 37 43714
59 38 13751
59 39 34669
59 40 35776
59 41 71532
59 42 71099
59 43 64832
59 44 46229
59 45 35593
59 46 26028
59 47 48742
59 48 42292
59 49 56545
59 50 49398
59 51 43925
59 52 24985
59 53 10866
59 54 9421
59 55 43352
59 56 62078
59 57 29835
59 58 24308
59 60 51186
59 61 52768
59 62 53000
59 63 53114
59 64 60141
59 65 15340
59 66 5952
59 67 31783
59 68 43836
59 69 52544
59 70 53489
59 71 55786
59 72 30824
59 73 54551
59 74 47798
59 75 39678
59 76 19462
60 1 37396
60 2 30084
60 3 53885
60 4 33594
60 5 11549
60 6 39355
60 7 41575
60 8 34807
60 9 59724
60 10 60817
60 11 52923
60 12 50705
60 13 27002
60 14 44028
60 15 12624
60 16 47405
60 17 47239
60 18 66290
60 19 37981
60 20 1183
60 21 12552
60 22 29833
60 23 50484
60 24 54831
60 25 67736
60 26 44943
60 27 25310
60 28 24959
60 29 21157
60 30 24839
60 31 55224
60 32 57897
60 33 40565
60 34 37584
60 35 43038
60 36 5341
60 37 5409
60 38 54952
60 39 59982
60 40 50598
60 41 50479
60 42 46779
60 43 44829
60 44 56205
60 45 25677
60 46 37121
60 47 13622
60 48 17336
60 49 55113
60 50 65268
60 51 45401
60 52 29896
60 53 48072
60 54 23347
60 55 68329
60 56 48816
60 57 15521
60 58 54969
60 59 40842
60 61 13608
60 62 31113
60 63 43757
60 64 28491
60 65 61928
60 66 59047
60 67 40966
60 68 38232
60 69 3298
60 70 1818
60 71 868
60 72 58659
60 73 37882
60 74 23388
60 75 40121
60 76 24310
61 1 12961
61 2 14475
61 3 36256
61 4 27599
61 5 16792
61 6 24376
61 7 39666
61 8 36213
61 9 46808
61 10 54467
61 11 53247
61 12 40489
61 13 34887
61 14 48235
61 15 24147
61 16 27346
61 17 34751
61 18 47424
61 19 43332
61 20 22033
61 21 1250
61 22 2989
61 23 25605
61 24 32777
61 25 52552
61 26 37369
61 27 27827
61 28 3624
61 29 21709
61 30 15615
61 31 46200
61 32 42401
61 33 20159
61 34 35728
61 35 44093
61 36 12118
61 37 19336
61 38 51664
61 39 48801
61 40 37804
61 41 23280
61 42 19241
61 43 18394
61 44 39281
61 45 23932
61 46 35959
61 47 12461
61 48 13200
61 49 32984
61 50 48050
61 51 29638
61 52 31171
61 53 48737
61 54 32981
61 55 52133
61 56 22642
61 57 28304
61 58 48191
61 59 47774
61 60 18958
61 62 8768
61 63 21493
61 64 505
61 65 59972
61 66 59948
61 67 35589
61 68 26357
61 69 3440
61 70 27413
61 71 18791
61 72 49605
61 73 15948
61 74 9104
61 75 30574
61 76 15277
62 1 -53
62 2 2960
62 3 21042
62 4 18448
62 5 18191
62 6 10534
62 7 29548
62 8 28186
62 9 32078
62 10 41408
62 11 42741
62 12 26879
62 13 31279
62 14 39908
62 15 24773
62 16 12163
62 17 20820
62 18 32277
62 19 36457
62 20 27482
62 21 6272
62 22 -1156
62 23 12919
62 24 18293
62 25 37399
62 26 25289
62 27 22642
62 28 -23
62 29 18901
62 30 8743
62 31 32031
62 32 27316
62 33 4928
62 34 27242
62 35 35217
62 36 19679
62 37 24118
62 38 39705
62 39 34469
62 40 23397
62 41 15127
62 42 12924
62 43 8576
62 44 24094
62 45 18508
62 46 27373
62 47 16434
62 48 12019
62 49 18440
62 50 32819
62 51 14930
62 52 24456
62 53 38967
62 54 28770
62 55 36905
62 56 11646
62 57 28192
62 58 35274
62 59 40007
62 60 28464
62 61 769
62 63 6791
62 64 694
62 65 48311
62 66 49280
62 67 25108
62 68 14547
62 69 14910
62 70 35293
62 71 28419
62 72 35907
62 73 823
62 74 4544
62 75 19040
62 76 3404
63 1 -53
63 2 10967
63 3 9504
63 4 22730
63 5 29592
63 6 9817
63 7 29548
63 8 30910
63 9 22487
63 10 35517
63 11 40760
63 12 21285
63 13 38235
63 14 40920
63 15 34950
63 16 -112
63 17 15738
63 18 18831
63 19 39631
63 20 39688
63 21 20031
63 22 8810
63 23 1523
63 24 4151
63 25 25651
63 26 23459
63 27 29217
63 28 14092
63 29 28346
63 30 17770
63 31 23319
63 32 16447
63 33 1162
63 34 30581
63 35 36477
63 36 33125
63 37 36424
63 38 35664
63 39 26092
63 40 15758
63 41 12143
63 42 13532
63 43 6245
63 44 12711
63 45 26147
63 46 30201
63 47 29359
63 48 23402
63 49 4298
63 50 20295
63 51 8632
63 52 29384
63 53 38517
63 54 34496
63 55 24284
63 56 1997
63 57 37599
63 58 30099
63 59 41008
63 60 41995
63 61 14381
63 62 7678
63 64 4976
63 65 44459
63 66 46661
63 67 26212
63 68 17531
63 69 28997
63 70 48336
63 71 42094
63 72 29137
63 73 5043
63 74 16905
63 75 20507
63 76 3404
64 1 10086
64 2 24173
64 3 34918
64 4 39661
64 5 35911
64 6 30348
64 7 50501
64 8 49400
64 9 47982
64 10 60258
64 11 63374
64 12 45638
64 13 51696
64 14 61083
64 15 43219
64 16 25380
64 17 39586
64 18 41952
64 19 57638
64 20 42773
64 21 20703
64 22 4383
64 23 15648
64 24 24599
64 25 50553
64 26 45607
64 27 43395
64 28 16399
64 29 38641
64 30 29425
64 31 48802
64 32 41868
64 33 21480
64 34 48455
64 35 56374
64 36 32998
64 37 39802
64 38 59548
64 39 51478
64 40 40831
64 41 9248
64 42 5769
64 43 8576
64 44 38100
64 45 39159
64 46 48583
64 47 32219
64 48 30665
64 49 26120
64 50 44819
64 51 32674
64 52 45544
64 53 59918
64 54 49472
64 55 48245
64 56 9063
64 57 47125
64 58 54458
64 59 61203
64 60 39897
64 61 6561
64 62 14749
64 63 18144
64 65 68283
64 66 69764
64 67 46115
64 68 35518
64 69 24312
64 70 48434
64 71 39769
64 72 54119
64 73 18295
64 74 23699
64 75 39925
64 76 24055
65 1 47271
65 2 40649
65 3 32759
65 4 32590
65 5 43440
65 6 36028
65 7 13492
65 8 18326
65 9 19274
65 10 5104
65 11 -1666
65 12 19685
65 13 32938
65 14 8682
65 15 40063
65 16 38493
65 17 27697
65 18 33924
65 19 18996
65 20 49226
65 21 47935
65 22 52629
65 23 49618
65 24 36540
65 25 25060
65 26 22690
65 27 30335
65 28 49619
65 29 40142
65 30 38978
65 31 -4053
65 32 26117
65 33 42587
65 34 28958
65 35 16782
65 36 53812
65 37 49606
65 38 -4336
65 39 16830
65 40 21681
65 41 62094
65 42 62807
65 43 55834
65 44 31084
65 45 36147
65 46 24977
65 47 50818
65 48 43032
65 49 42663
65 50 31515
65 51 33347
65 52 26705
65 53 8241
65 54 19841
65 55 23053
65 56 50067
65 57 38040
65 58 8185
65 59 1424
65 60 58356
65 61 51050
65 62 47388
65 63 42649
65 64 53305
65 66 -2032
65 67 26924
65 68 38180
65 69 55298
65 70 61377
65 71 61389
65 72 13624
65 73 47253
65 74 45534
65 75 33799
65 76 12666
66 1 52734
66 2 45042
66 3 39471
66 4 36132
66 5 45229
66 6 41160
66 7 16579
66 8 19905
66 9 26488
66 10 12362
66 11 -1457
66 12 25892
66 13 33274
66 14 6801
66 15 40784
66 16 44717
66 17 33511
66 18 41196
66 19 18451
66 20 49679
66 21 51035
66 22 57430
66 23 55958
66 24 43567
66 25 32311
66 26 27587
66 27 32042
66 28 53740
66 29 42368
66 30 42508
66 31 2328
66 32 33185
66 33 48088
66 34 31715
66 35 18257
66 36 55752
66 37 50783
66 38 2326
66 39 24016
66 40 28225
66 41 67942
66 42 68379
66 43 61547
66 44 37950
66 45 38726
66 46 27553
66 47 53246
66 48 45779
66 49 49384
66 50 38763
66 51 39182
66 52 28588
66 53 9446
66 54 18799
66 55 30096
66 56 56485
66 57 38205
66 58 14852
66 59 -4193
66 60 59246
66 61 54797
66 62 52128
66 63 48622
66 64 58557
66 65 1739
66 67 30792
66 68 42665
66 69 57657
66 70 61976
66 71 62799
66 72 20656
66 73 52427
66 74 49252
66 75 38227
66 76 17278
67 1 22181
67 2 12833
67 3 18658
67 4 4235
67 5 17357
67 6 10638
67 7 2926
67 8 3271
67 9 18368
67 10 18849
67 11 16343
67 12 8932
67 13 14323
67 14 13662
67 15 17283
67 16 18544
67 17 8799
67 18 29226
67 19 11964
67 20 25985
67 21 19637
67 22 25452
67 23 29073
67 24 23779
67 25 27128
67 26 2715
67 27 6795
67 28 21431
67 29 13561
67 30 10550
67 31 12792
67 32 18855
67 33 18101
67 34 4343
67 35 8972
67 36 26921
67 37 24591
67 38 14747
67 39 17900
67 40 10397
67 41 38279
67 42 37806
67 43 31554
67 44 19422
67 45 9147
67 46 2959
67 47 23277
67 48 15204
67 49 26226
67 50 26925
67 51 12183
67 52 4305
67 53 12341
67 54 8249
67 55 27875
67 56 29675
67 57 17499
67 58 12725
67 59 13845
67 60 33372
67 61 22645
67 62 20163
67 63 20380
67 64 27115
67 65 22902
67 66 22999
67 68 10685
67 69 27626
67 70 37308
67 71 35329
67 72 16187
67 73 21279
67 74 17105
67 75 6388
67 76 -13572
68 1 11117
68 2 1755
68 3 15280
68 4 4515
68 5 14592
68 6 1315
68 7 14301
68 8 13640
68 9 21509
68 10 27395
68 11 27498
68 12 13726
68 13 20021
68 14 24931
68 15 18156
68 16 11068
68 17 8716
68 18 27614
68 19 22238
68 20 24823
68 21 11501
68 22 14106
68 23 19762
68 24 18339
68 25 28962
68 26 10400
68 27 11018
68 28 10837
68 29 11749
68 30 3027
68 31 19588
68 32 18972
68 33 7728
68 34 12850
68 35 20208
68 36 21697
68 37 22129
68 38 24869
68 39 22629
68 40 12185
68 41 27408
68 42 26602
68 43 20617
68 44 17355
68 45 8516
68 46 12770
68 47 17451
68 48 9611
68 49 19460
68 50 26346
68 51 6721
68 52 11219
68 53 23724
68 54 16309
68 55 29453
68 56 20116
68 57 20158
68 58 21117
68 59 25096
68 60 29836
68 61 12611
68 62 8800
68 63 10897
68 64 15716
68 65 33356
68 66 34070
68 67 9883
68 69 20683
68 70 34883
68 71 30769
68 72 22762
68 73 10036
68 74 7697
68 75 3789
68 76 -11677
69 1 24988
69 2 20552
69 3 44691
69 4 28636
69 5 9954
69 6 30698
69 7 39492
69 8 34135
69 9 52881
69 10 57135
69 11 52468
69 12 44814
69 13 29180
69 14 45332
69 15 15848
69 16 36991
69 17 40096
69 18 56819
69 19 39543
69 20 9853
69 21 1437
69 22 16414
69 23 38096
69 24 43818
69 25 59995
69 26 40011
69 27 24403
69 28 12783
69 29 18188
69 30 17512
69 31 50487
69 32 49796
69 33 29734
69 34 34958
69 35 42437
69 36 890
69 37 8570
69 38 52737
69 39 53933
69 40 43557
69 41 37041
69 42 33170
69 43 31702
69 44 47380
69 45 22147
69 46 34972
69 47 6818
69 48 11108
69 49 43974
69 50 56501
69 51 36721
69 52 28690
69 53 47548
69 54 26945
69 55 60228
69 56 35885
69 57 19958
69 58 50929
69 59 43789
69 60 4887
69 61 -321
69 62 19148
69 63 32348
69 64 14495
69 65 60459
69 66 59047
69 67 36809
69 68 30668
69 70 13838
69 71 4824
69 72 53570
69 73 26303
69 74 13412
69 75 33799
69 76 18406
70 1 37875
70 2 29461
70 3 52729
70 4 31440
70 5 9470
70 6 38228
70 7 38436
70 8 31432
70 9 57688
70 10 57895
70 11 49315
70 12 48487
70 13 23233
70 14 40153
70 15 9016
70 16 46805
70 17 45469
70 18 65118
70 19 34136
70 20 -3015
70 21 13181
70 22 31093
70 23 50826
70 24 54366
70 25 65930
70 26 42544
70 27 22220
70 28 25590
70 29 18901
70 30 23631
70 31 52501
70 32 56296
70 33 40256
70 34 34735
70 35 39583
70 36 5845
70 37 2924
70 38 51697
70 39 57715
70 40 48714
70 41 51624
70 42 48121
70 43 45736
70 44 54891
70 45 23350
70 46 34121
70 47 13282
70 48 16195
70 49 54758
70 50 63855
70 51 44174
70 52 26767
70 53 44533
70 54 19241
70 55 66599
70 56 49493
70 57 11525
70 58 52181
70 59 36686
70 60 -4641
70 61 15604
70 62 31483
70 63 43639
70 64 30569
70 65 58490
70 66 55318
70 67 38443
70 68 36820
70 69 5790
70 71 3385
70 72 56135
70 73 37977
70 74 23180
70 75 38266
70 76 22274
71 1 32420
71 2 25620
71 3 49643
71 4 30341
71 5 8715
71 6 35165
71 7 39383
71 8 33031
71 9 56158
71 10 58225
71 11 51396
71 12 47362
71 13 26088
71 14 43076
71 15 11759
71 16 42846
71 17 43505
71 18 62021
71 19 37041
71 20 2387
71 21 7620
71 22 24738
71 23 45529
71 24 50171
71 25 63941
71 26 41835
71 27 23264
71 28 19975
71 29 18233
71 30 20826
71 31 52344
71 32 53965
71 33 35883
71 34 35097
71 35 41343
71 36 750
71 37 3754
71 38 52833
71 39 56646
71 40 46932
71 41 45387
71 42 41680
71 43 39762
71 44 52068
71 45 22718
71 46 34814
71 47 9272
71 48 13407
71 49 50412
71 50 61176
71 51 41247
71 52 27833
71 53 46467
71 54 23104
71 55 64453
71 56 43779
71 57 15303
71 58 52232
71 59 40560
71 60 -4014
71 61 8559
71 62 26186
71 63 38974
71 64 23481
71 65 60079
71 66 57718
71 67 38041
71 68 34283
71 69 -1647
71 70 4962
71 72 55604
71 73 33039
71 74 18751
71 75 36533
71 76 20868
72 1 31863
72 2 28490
72 3 14989
72 4 24161
72 5 37912
72 6 22293
72 7 11520
72 8 17831
72 9 1928
72 10 2144
72 11 11879
72 12 4478
72 13 32735
72 14 18156
72 15 37524
72 16 21590
72 17 12758
72 18 16906
72 19 23483
72 20 46456
72 21 38474
72 22 38636
72 23 32303
72 24 18523
72 25 9958
72 26 12290
72 27 26791
72 28 37574
72 29 34110
72 30 29353
72 31 -7486
72 32 8125
72 33 27359
72 34 23958
72 35 18527
72 36 47167
72 37 45182
72 38 4080
72 39 -531
72 40 4577
72 41 45644
72 42 46929
72 43 39728
72 44 13122
72 45 29688
72 46 21042
72 47 43252
72 48 35101
72 49 24812
72 50 14215
72 51 17744
72 52 23525
72 53 14537
72 54 23442
72 55 9979
72 56 32584
72 57 37097
72 58 -957
72 59 15771
72 60 53950
72 61 39546
72 62 33847
72 63 26190
72 64 38004
72 65 12487
72 66 15748
72 67 19072
72 68 26449
72 69 47272
72 70 57885
72 71 55777
72 73 32701
72 74 34855
72 75 22854
72 76 1659
73 1 -2914
73 2 3695
73 3 16311
73 4 18330
73 5 21475
73 6 7878
73 7 28205
73 8 27831
73 9 27887
73 10 38300
73 11 40912
73 12 23638
73 13 32626
73 14 39094
73 15 27524
73 16 7221
73 17 17514
73 18 27315
73 19 36374
73 20 31247
73 21 10868
73 22 1827
73 23 8795
73 24 13352
73 25 32750
73 26 23135
73 27 23721
73 28 4888
73 29 21177
73 30 10550
73 31 28176
73 32 22788
73 33 178
73 34 26976
73 35 34376
73 36 24093
73 37 27909
73 38 37183
73 39 30594
73 40 19570
73 41 13432
73 42 12389
73 43 6623
73 44 19422
73 45 19917
73 46 26959
73 47 20516
73 48 15204
73 49 13502
73 50 27995
73 51 11037
73 52 24870
73 53 37591
73 54 29689
73 55 32094
73 56 8155
73 57 30617
73 58 32318
73 59 39271
73 60 32946
73 61 5662
73 62 -1464
73 63 1869
73 64 1953
73 65 45889
73 66 47292
73 67 23937
73 68 13496
73 69 19778
73 70 39500
73 71 32985
73 72 32474
73 74 8145
73 75 17702
73 76 1659
74 1 9812
74 2 1686
74 3 25872
74 4 13046
74 5 8191
74 6 11868
74 7 25115
74 8 21986
74 9 34310
74 10 40334
74 11 38697
74 12 26879
74 13 22565
74 14 34036
74 15 14885
74 16 18644
74 17 21633
74 18 38108
74 19 29545
74 20 17668
74 21 -1318
74 22 6434
74 23 22386
74 24 25990
74 25 41168
74 26 23077
74 27 14507
74 28 -23
74 29 9513
74 30 1133
74 31 32741
74 32 30950
74 33 11722
74 34 21319
74 35 29707
74 36 10884
74 37 14320
74 38 37194
74 39 35700
74 40 25020
74 41 25039
74 42 22479
74 43 18561
74 44 28521
74 45 10289
74 46 21556
74 47 6998
74 48 2053
74 49 26271
74 50 37648
74 51 17858
74 52 17260
74 53 34238
74 54 20431
74 55 41363
74 56 21497
74 57 18461
74 58 34043
74 59 33797
74 60 19731
74 61 97
74 62 3536
74 63 15010
74 64 8636
74 65 45449
74 66 45396
74 67 21042
74 68 12436
74 69 8166
74 70 25982
74 71 19976
74 72 35907
74 73 9424
74 75 16317
74 76 1043
75 1 15132
75 2 6180
75 3 15087
75 4 2620
75 5 15863
75 6 3832
75 7 9893
75 8 9831
75 9 18950
75 10 23334
75 11 23028
75 12 10344
75 13 18029
75 14 20722
75 15 18078
75 16 12831
75 17 6532
75 18 26959
75 19 18533
75 20 25698
75 21 14951
75 22 18567
75 23 22667
75 24 19307
75 25 26987
75 26 6113
75 27 9286
75 28 15161
75 29 12376
75 30 5827
75 31 16047
75 32 17443
75 33 11204
75 34 9398
75 35 16015
75 36 24093
75 37 23436
75 38 20497
75 39 19549
75 40 9798
75 41 31288
75 42 30740
75 43 24540
75 44 16637
75 45 8354
75 46 9042
75 47 19984
75 48 11880
75 49 21002
75 50 25220
75 51 7084
75 52 8492
75 53 19313
75 54 13521
75 55 27651
75 56 23187
75 57 19425
75 58 17043
75 59 20904
75 60 31691
75 61 16794
75 62 13259
75 63 13839
75 64 20089
75 65 28941
75 66 29598
75 67 5552
75 68 3755
75 69 23780
75 70 36295
75 71 32985
75 72 19133
75 73 14208
75 74 11544
75 76 -15957
END
NODE_CONSUMPTION
0 1 18
0 2 26
0 3 11
0 4 30
0 5 21
0 6 19
0 7 15
0 8 16
0 9 29
0 10 26
0 11 37
0 12 16
0 13 12
0 14 31
0 15 8
0 16 19
0 17 20
0 18 13
0 19 15
0 20 22
0 21 28
0 22 12
0 23 6
0 24 27
0 25 14
0 26 18
0 27 17
0 28 29
0 29 13
0 30 22
0 31 25
0 32 28
0 33 27
0 34 19
0 35 10
0 36 12
0 37 14
0 38 24
0 39 16
0 40 33
0 41 15
0 42 11
0 43 18
0 44 17
0 45 21
0 46 27
0 47 19
0 48 20
0 49 5
0 50 22
0 51 12
0 52 19
0 53 22
0 54 16
0 55 7
0 56 26
0 57 14
0 58 21
0 59 24
0 60 13
0 61 15
0 62 18
0 63 11
0 64 28
0 65 9
0 66 37
0 67 30
0 68 10
0 69 8
0 70 11
0 71 3
0 72 1
0 73 6
0 74 10
0 75 20
END
