NAME : ./data/ESPPRC - Test Instances/P-n76-k4_a.simplified-vrp
SIZE : 77
DIRECTED : 1
CYCLIC : 1
ORIGIN : 0
DESTINATION : 76
RESOURCES : 1
RES_NAMES : 0
RES_TYPE
0 CAP
END
RES_BOUND
0 0 350
END
EDGE_COST
0 1 15606
0 2 7115
0 3 13544
0 4 2372
0 5 17298
0 6 4118
0 7 6596
0 8 8697
0 9 14995
0 10 20393
0 11 19479
0 12 5755
0 13 18361
0 14 18324
0 15 18625
0 16 11559
0 17 3732
0 18 26325
0 19 15403
0 20 27822
0 21 17492
0 22 20622
0 23 21362
0 24 19726
0 25 23392
0 26 2497
0 27 8604
0 28 17697
0 29 12139
0 30 6287
0 31 11807
0 32 15236
0 33 10110
0 34 7767
0 35 13857
0 36 26046
0 37 26195
0 38 17649
0 39 17140
0 40 6599
0 41 32195
0 42 32393
0 43 26452
0 44 14517
0 45 10450
0 46 7043
0 47 22438
0 48 13451
0 49 19852
0 50 23118
0 51 5790
0 52 8822
0 53 14847
0 54 13570
0 55 26134
0 56 24411
0 57 19600
0 58 12411
0 59 18803
0 60 36813
0 61 19154
0 62 15034
0 63 16156
0 64 23206
0 65 25209
0 66 26321
0 67 3398
0 68 4984
0 69 25961
0 70 35268
0 71 35707
0 72 16154
0 73 17364
0 74 13545
0 75 1444
1 2 7115
1 3 16919
1 4 21721
1 5 25359
1 6 11177
1 7 32052
1 8 33110
1 9 28610
1 10 41932
1 11 44527
1 12 25452
1 13 37859
1 14 43672
1 15 31472
1 16 6179
1 17 20267
1 18 27840
1 19 39701
1 20 35773
1 21 13967
1 22 57
1 23 2507
1 24 12397
1 25 32447
1 26 27024
1 27 27563
1 28 7500
1 29 23965
1 30 13347
1 31 29444
1 32 24032
1 33 368
1 34 31054
1 35 39107
1 36 27116
1 37 32818
1 38 41329
1 39 33612
1 40 21577
1 41 7140
1 42 6954
1 43 1270
1 44 19920
1 45 25428
1 46 31091
1 47 24374
1 48 18854
1 49 10649
1 50 28149
1 51 13130
1 52 30457
1 53 40279
1 54 35398
1 55 33185
1 56 3528
1 57 34712
1 58 34459
1 59 44165
1 60 39241
1 61 6180
1 62 919
1 63 2041
1 64 -1421
1 65 49156
1 66 51119
1 67 28493
1 68 17120
1 69 21885
1 70 40211
1 71 36601
1 72 35700
1 73 2133
1 74 11656
1 75 21875
1 76 20818
2 1 4710
2 3 18104
2 4 8029
2 5 12223
2 6 3442
2 7 20239
2 8 19756
2 9 25876
2 10 34593
2 11 33706
2 12 18692
2 13 23314
2 14 30981
2 15 17499
2 16 10171
2 17 13918
2 18 31800
2 19 26053
2 20 23363
2 21 5461
2 22 6609
2 23 15057
2 24 20205
2 25 32635
2 26 17030
2 27 13065
2 28 3232
2 29 9700
2 30 -1031
2 31 24948
2 32 23446
2 33 2746
2 34 17566
2 35 26439
2 36 17023
2 37 20580
2 38 32208
2 39 29304
2 40 17196
2 41 21592
2 42 20511
2 43 15752
2 44 20528
2 45 10868
2 46 17795
2 47 13316
2 48 5835
2 49 18614
2 50 30056
2 51 9510
2 52 16313
2 53 28534
2 54 20989
2 55 34816
2 56 17266
2 57 20439
2 58 26645
2 59 31374
2 60 29155
2 61 4920
2 62 1158
2 63 10287
2 64 9892
2 65 39760
2 66 40653
2 67 16371
2 68 4984
2 69 14675
2 70 29023
2 71 27027
2 72 29553
2 73 5968
2 74 756
2 75 10149
2 76 9922
3 1 13172
3 2 16762
3 4 21301
3 5 34500
3 6 11177
3 7 21882
3 8 26886
3 9 6260
3 10 22713
3 11 29770
3 12 8904
3 13 38002
3 14 33241
3 15 37487
3 16 1143
3 17 7712
3 18 7718
3 19 33104
3 20 45696
3 21 29605
3 22 22596
3 23 9700
3 24 732
3 25 9566
3 26 16439
3 27 28184
3 28 25384
3 29 30059
3 30 21038
3 31 7272
3 32 1094
3 33 9069
3 34 27195
3 35 30195
3 36 41044
3 37 43383
3 38 24145
3 39 12272
3 40 2753
3 41 25371
3 42 27899
3 43 21038
3 44 -3099
3 45 28958
3 46 26013
3 47 37237
3 48 28960
3 49 3183
3 50 5966
3 51 4745
3 52 28414
3 53 28231
3 54 32725
3 55 11021
3 56 12249
3 57 38961
3 58 16618
3 59 32939
3 60 52960
3 61 26705
3 62 19244
3 63 8828
3 64 20641
3 65 31874
3 66 35086
3 67 22200
3 68 18513
3 69 38818
3 70 52295
3 71 51054
3 72 16056
3 73 18588
3 74 24946
3 75 19060
3 76 15009
4 1 16570
4 2 5283
4 3 19897
4 5 10326
4 6 6940
4 7 8265
4 8 7028
4 9 22004
4 10 25794
4 11 21947
4 12 12540
4 13 12800
4 14 18324
4 15 11670
4 16 16164
4 17 10670
4 18 33116
4 19 13395
4 20 20750
4 21 12220
4 22 19277
4 23 24690
4 24 25423
4 25 30461
4 26 8119
4 27 2499
4 28 14653
4 29 5102
4 30 1189
4 31 18023
4 32 22238
4 33 12231
4 34 4838
4 35 13857
4 36 19511
4 37 19179
4 38 21787
4 39 23934
4 40 13670
4 41 33550
4 42 32944
4 43 27683
4 44 21196
4 45 3379
4 46 5083
4 47 16128
4 48 7153
4 49 24917
4 50 30056
4 51 11237
4 52 4167
4 53 16341
4 54 9355
4 55 33205
4 56 27511
4 57 12963
4 58 17906
4 59 18672
4 60 29905
4 61 15284
4 62 13886
4 63 19290
4 64 22620
4 65 28941
4 66 28983
4 67 5013
4 68 4984
4 69 19999
4 70 28242
4 71 28988
4 72 22464
4 73 17843
4 74 9356
4 75 3829
4 76 2433
5 1 23211
5 2 12480
5 3 36099
5 4 13329
5 6 20975
5 7 22868
5 8 17886
5 9 39994
5 10 42777
5 11 35324
5 12 30564
5 13 12353
5 14 28177
5 15 -516
5 16 29720
5 17 28228
5 18 49851
5 19 20856
5 20 3582
5 21 3235
5 22 20041
5 23 34698
5 24 39816
5 25 48288
5 26 25944
5 27 6449
5 28 13578
5 29 408
5 30 5385
5 31 35625
5 32 39701
5 33 22670
5 34 18383
5 35 25829
5 36 2990
5 37 1250
5 38 37413
5 39 41949
5 40 31508
5 41 39065
5 42 36771
5 43 33575
5 44 37946
5 45 7488
5 46 18224
5 47 2583
5 48 -94
5 49 38396
5 50 47250
5 51 26947
5 52 12708
5 53 29175
5 54 10738
5 55 50976
5 56 36503
5 57 3629
5 58 35131
5 59 26871
5 60 11904
5 61 8521
5 62 17673
5 63 30196
5 64 22914
5 65 43835
5 66 42124
5 67 22179
5 68 19105
5 69 5361
5 70 10316
5 71 11406
5 72 40259
5 73 25032
5 74 8545
5 75 21116
5 76 20362
6 1 6429
6 2 1099
6 3 10176
6 4 7343
6 5 18375
6 7 15799
6 8 17483
6 9 17356
6 10 27150
6 11 28337
6 12 10789
6 13 24817
6 14 27535
6 15 22098
6 16 4309
6 17 5670
6 18 23997
6 19 24196
6 20 29640
6 21 13904
6 22 12344
6 23 12781
6 24 14104
6 25 24150
6 26 10836
6 27 14449
6 28 11293
6 29 14316
6 30 4775
6 31 16747
6 32 14986
6 33 908
6 34 15795
6 35 23032
6 36 24830
6 37 27194
6 38 25651
6 39 20952
6 40 8736
6 41 22979
6 42 23231
6 43 17234
6 44 12340
6 45 13772
6 46 15561
6 47 21007
6 48 12684
6 49 13159
6 50 21861
6 51 1148
6 52 16058
6 53 24003
6 54 21264
6 55 26428
6 56 15709
6 57 24179
6 58 19337
6 59 28018
6 60 36685
6 61 13080
6 62 6991
6 63 7396
6 64 14326
6 65 33398
6 66 35030
6 67 12435
6 68 2803
6 69 23080
6 70 36049
6 71 34831
6 72 21615
6 73 8410
6 74 9197
6 75 6060
6 76 4582
7 1 29748
7 2 20340
7 3 23325
7 4 11112
7 5 22712
7 6 18243
7 8 -43
7 9 17026
7 10 13261
7 11 6135
7 12 8705
7 13 15009
7 14 4413
7 15 20058
7 16 24345
7 17 13698
7 18 32876
7 19 4160
7 20 30447
7 21 27680
7 22 34310
7 23 34754
7 24 30156
7 25 25997
7 26 6263
7 27 9212
7 28 30344
7 29 17783
7 30 16969
7 31 6901
7 32 21192
7 33 24196
7 34 7767
7 35 829
7 36 33140
7 37 30580
7 38 7002
7 39 17140
7 40 12457
7 41 46289
7 42 46534
7 43 40573
7 44 22970
7 45 16308
7 46 3925
7 47 30512
7 48 21904
7 49 31631
7 50 28947
7 51 18452
7 52 7329
7 53 777
7 54 5786
7 55 28429
7 56 37855
7 57 18881
7 58 6553
7 59 4797
7 60 41629
7 61 31094
7 62 28729
7 63 29851
7 64 37203
7 65 13586
7 66 13173
7 67 7447
7 68 18513
7 69 34598
7 70 38981
7 71 41773
7 72 13566
7 73 31461
7 74 25168
7 75 14845
7 76 9504
8 1 30374
8 2 19425
8 3 27897
8 4 9443
8 5 17298
8 6 19495
8 7 -475
8 9 23596
8 10 20200
8 11 10324
8 12 14553
8 13 8007
8 14 4413
8 15 13558
8 16 27314
8 17 17693
8 18 38736
8 19 -390
8 20 23946
8 21 24035
8 22 33394
8 23 37147
8 24 34632
8 25 32635
8 26 10450
8 27 3449
8 28 28410
8 29 12935
8 30 14441
8 31 13904
8 32 26988
8 33 25427
8 34 4838
8 35 829
8 36 27954
8 37 24593
8 38 13195
8 39 23934
8 40 17952
8 41 47273
8 42 46930
8 43 41434
8 44 28033
8 45 12119
8 46 863
8 47 25926
8 48 17835
8 49 35347
8 50 34921
8 51 21428
8 52 1751
8 53 4175
8 54 -800
8 55 35186
8 56 40173
8 57 12013
8 58 13624
8 59 4591
8 60 35522
8 61 28302
8 62 28028
8 63 31874
8 64 36763
8 65 19081
8 66 17160
8 67 8453
8 68 18513
8 69 29902
8 70 32638
8 71 36082
8 72 20538
8 73 31748
8 74 22700
8 75 15444
8 76 11173
9 1 27366
9 2 27037
9 3 8763
9 4 25911
9 5 40898
9 6 20860
9 7 18086
9 8 25088
9 10 10045
9 11 19938
9 12 5714
9 13 39067
9 14 26577
9 15 41632
9 16 15680
9 17 12223
9 18 8702
9 19 29637
9 20 51260
9 21 39593
9 22 36208
9 23 24415
9 24 11429
9 25 446
9 26 16263
9 27 30737
9 28 37114
9 29 35712
9 30 29090
9 31 -7581
9 32 243
9 33 22306
9 34 28377
9 35 26193
9 36 49376
9 37 49785
9 38 12859
9 39 -1098
9 40 2306
9 41 40232
9 42 42649
9 43 35793
9 44 5984
9 45 33951
9 46 26095
9 47 45632
9 48 36744
9 49 17020
9 50 4838
9 51 14969
9 52 29680
9 53 21244
9 54 31328
9 55 3124
9 56 26695
9 57 41870
9 58 6447
9 59 24667
9 60 60397
9 61 38855
9 62 31878
9 63 23409
9 64 35303
9 65 19987
9 66 23701
9 67 23508
9 68 26340
9 69 48606
9 70 58852
9 71 59167
9 72 4593
9 73 31762
9 74 34982
9 75 24521
9 76 18963
10 1 37689
10 2 32755
10 3 22217
10 4 26702
10 5 40682
10 6 27655
10 7 11322
10 8 18693
10 9 7046
10 11 5357
10 12 9483
10 13 33813
10 14 14291
10 15 38835
10 16 27654
10 17 18757
10 18 24012
10 19 20419
10 20 49190
10 21 43348
10 22 45026
10 23 37779
10 24 26814
10 25 13237
10 26 16439
10 27 27790
10 28 43431
10 29 35461
10 30 32081
10 31 -11847
10 32 15236
10 33 31866
10 34 25624
10 35 17761
10 36 50663
10 37 48960
10 38 -2277
10 39 6441
10 40 11325
10 41 52396
10 42 54021
10 43 47335
10 44 20074
10 45 33671
10 46 22264
10 47 47483
10 48 38541
10 49 31379
10 50 20362
10 51 23900
10 52 25985
10 53 9668
10 54 23348
10 55 13973
10 56 40512
10 57 37747
10 58 -1589
10 59 10451
10 60 60029
10 61 45053
10 62 39747
10 63 34978
10 64 46118
10 65 4356
10 66 8114
10 67 22528
10 68 30765
10 69 51399
10 70 57598
10 71 59773
10 72 3348
10 73 40714
10 74 39545
10 75 27444
10 76 21362
11 1 44353
11 2 35937
11 3 33343
11 4 26924
11 5 37298
11 6 32911
11 7 8265
11 8 12886
11 9 21008
11 10 9426
11 12 18085
11 13 26606
11 14 1151
11 15 33015
11 16 36831
11 17 26084
11 18 38311
11 19 10379
11 20 43225
11 21 43348
11 22 49748
11 23 47466
11 24 39392
11 25 28163
11 26 20015
11 27 23449
11 28 46106
11 29 32815
11 30 32773
11 31 1100
11 32 28146
11 33 38534
11 34 23262
11 35 10829
11 36 47949
11 37 44428
11 38 -1215
11 39 20274
11 40 21612
11 41 60404
11 42 61139
11 43 54870
11 44 31914
11 45 31663
11 46 19208
11 47 45761
11 48 37388
11 49 42555
11 50 34436
11 51 31515
11 52 21699
11 53 175
11 54 13384
11 55 28985
11 56 50502
11 57 30716
11 58 8222
11 59 -4583
11 60 55206
11 61 46904
11 62 44151
11 63 43292
11 64 52305
11 65 657
11 66 -2634
11 67 23093
11 68 33939
11 69 49803
11 70 52089
11 71 56015
11 72 16154
11 73 46397
11 74 40979
11 75 30209
11 76 24517
12 1 21930
12 2 17575
12 3 9129
12 4 14169
12 5 29190
12 6 12015
12 7 7487
12 8 13767
12 9 3436
12 10 10204
12 11 14737
12 13 27185
12 14 18180
12 15 29606
12 16 12661
12 17 2950
12 18 17915
12 19 19160
12 20 39322
12 21 29248
12 22 29259
12 23 23219
12 24 15710
12 25 12354
12 26 4224
12 27 18698
12 28 28182
12 29 23932
12 30 18218
12 31 17
12 32 6185
12 33 16076
12 34 16368
12 35 15854
12 36 38128
12 37 38008
12 38 9932
12 39 5075
12 40 -2444
12 41 37009
12 42 38383
12 43 31778
12 44 8219
12 45 22115
12 46 14221
12 47 34512
12 48 25531
12 49 18201
12 50 14052
12 51 8161
12 52 17702
12 53 13056
12 54 20077
12 55 15109
12 56 26198
12 57 29841
12 58 2707
12 59 17720
12 60 48773
12 61 29931
12 62 24074
12 63 19602
12 64 30354
12 65 17793
12 66 20500
12 67 11467
12 68 15952
12 69 37934
12 70 47046
12 71 47766
12 72 4538
12 73 24908
12 74 24946
12 75 13310
12 76 7445
13 1 32209
13 2 20069
13 3 36099
13 4 12301
13 5 8851
13 6 23915
13 7 11663
13 8 5093
13 9 34661
13 10 32406
13 11 21130
13 12 25057
13 14 12521
13 15 2422
13 16 33155
13 17 26034
13 18 48448
13 19 4994
13 20 12430
13 21 18622
13 22 32398
13 23 41455
13 24 42169
13 25 43685
13 26 20121
13 27 -480
13 28 26197
13 29 7154
13 30 12993
13 31 26099
13 32 36895
13 33 28803
13 34 10767
13 35 12382
13 36 19189
13 37 14279
13 38 25161
13 39 35387
13 40 27798
13 41 49101
13 42 47802
13 43 43265
13 44 36913
13 45 9308
13 46 8901
13 47 18836
13 48 12634
13 49 41871
13 50 44914
13 51 27987
13 52 3224
13 53 15262
13 54 -5639
13 55 46390
13 56 44135
13 57 -34
13 58 25713
13 59 10467
13 60 24610
13 61 23869
13 62 28014
13 63 36092
13 64 35952
13 65 30586
13 66 27422
13 67 16398
13 68 21787
13 69 21840
13 70 21332
13 71 26032
13 72 32335
13 73 33436
13 74 20172
13 75 20535
13 76 17923
14 1 43301
14 2 33015
14 3 36617
14 4 23104
14 5 29954
14 6 31912
14 7 6346
14 8 6778
14 9 27450
14 10 18163
14 11 954
14 12 21331
14 13 17800
14 15 24422
14 16 38208
14 17 27450
14 18 44448
14 19 994
14 20 34238
14 21 37736
14 22 47059
14 23 48646
14 24 43344
14 25 35691
14 26 20121
14 27 16491
14 28 42274
14 29 26273
14 30 28328
14 31 11058
14 32 33232
14 33 37913
14 34 18576
14 35 5728
14 36 40616
14 37 36227
14 38 8216
14 39 26919
14 40 25214
14 41 59991
14 42 60026
14 43 54228
14 44 35877
14 45 25855
14 46 14464
14 47 39193
14 48 31461
14 49 45269
14 50 40447
14 51 32335
14 52 15296
14 53 -825
14 54 3314
14 55 37308
14 56 51747
14 57 21572
14 58 14615
14 59 -8986
14 60 46584
14 61 42165
14 62 41591
14 63 43725
14 64 50287
14 65 11278
14 66 5897
14 67 20685
14 68 31645
14 69 42940
14 70 43200
14 71 47968
14 72 22704
14 73 44852
14 74 36591
14 75 28176
14 76 23165
15 1 30200
15 2 18632
15 3 39962
15 4 15549
15 5 360
15 6 25574
15 7 21090
15 8 15022
15 9 41604
15 10 41806
15 11 31917
15 12 31856
15 13 6800
15 14 23521
15 16 34863
15 17 30898
15 18 53350
15 19 15994
15 20 1822
15 21 11292
15 22 27851
15 23 41134
15 24 44779
15 25 50358
15 26 26828
15 27 4656
15 28 21342
15 29 3898
15 30 11074
15 31 35238
15 32 42438
15 33 28652
15 34 17767
15 35 22755
15 36 9065
15 37 3399
15 38 35321
15 39 42945
15 40 33688
15 41 46448
15 42 44376
15 43 40833
15 44 41409
15 45 9724
15 46 16958
15 47 10512
15 48 7153
15 49 43704
15 50 50295
15 51 30994
15 52 10805
15 53 25909
15 54 4271
15 55 53134
15 56 43258
15 57 -4335
15 58 34601
15 59 21176
15 60 13646
15 61 16543
15 62 24922
15 63 36221
15 64 30889
15 65 41125
15 66 38346
15 67 22772
15 68 23336
15 69 11922
15 70 10529
15 71 15117
15 72 40538
15 73 31748
15 74 15906
15 75 23998
15 76 22565
16 1 4186
16 2 10583
16 3 2897
16 4 19322
16 5 29875
16 6 7064
16 7 24656
16 8 28057
16 9 14931
16 10 29904
16 11 35012
16 12 14190
16 13 36812
16 14 36586
16 15 34142
16 17 10092
16 18 14763
16 19 34714
16 20 41142
16 21 22724
16 22 13745
16 23 2783
16 24 2242
16 25 18434
16 26 18775
16 27 26508
16 28 17595
16 29 26273
16 30 16135
16 31 15930
16 32 10061
16 33 908
16 34 27042
16 35 32599
16 36 34952
16 37 38473
16 38 30422
16 39 20411
16 40 9100
16 41 16984
16 42 19128
16 43 12282
16 44 5901
16 45 25922
16 46 26457
16 47 31317
16 48 23722
16 49 1001
16 50 14317
16 51 3289
16 52 27741
16 53 32137
16 54 32822
16 55 19443
16 56 5850
16 57 36333
16 58 23021
16 59 36820
16 60 47146
16 61 18461
16 62 11031
16 63 -122
16 64 11769
16 65 38274
16 66 40998
16 67 22752
16 68 14967
16 69 31784
16 70 47037
16 71 44923
16 72 23323
16 73 10164
16 74 18384
16 75 17470
16 76 14778
17 1 14747
17 2 10803
17 3 5939
17 4 10301
17 5 24856
17 6 4898
17 7 10482
17 8 14909
17 9 7947
17 10 17480
17 11 20738
17 12 952
17 13 26164
17 14 22301
17 15 26650
17 16 6565
17 18 18272
17 19 21269
17 20 35650
17 21 23091
17 22 21988
17 23 17180
17 24 12609
17 25 15762
17 26 4660
17 27 16615
17 28 21253
17 29 19873
17 30 12560
17 31 6761
17 32 7245
17 33 8859
17 34 15231
17 35 18633
17 36 32902
17 37 33802
17 38 16800
17 39 11058
17 40 -835
17 41 30165
17 42 31310
17 43 24794
17 44 6550
17 45 18331
17 46 13974
17 47 29127
17 48 20294
17 49 13621
17 50 15069
17 51 1148
17 52 16520
17 53 17729
17 54 20683
17 55 18421
17 56 20264
17 57 27657
17 58 9875
17 59 22443
17 60 44152
17 61 23038
17 62 16860
17 63 12900
17 64 23147
17 65 24650
17 66 26964
17 67 10179
17 68 9787
17 69 32061
17 70 42873
17 71 42754
17 72 11663
17 73 17629
17 74 18545
17 75 8343
17 76 3424
18 1 26551
18 2 32916
18 3 10176
18 4 36978
18 5 50710
18 6 27456
18 7 33891
18 8 40183
18 9 8657
18 10 26966
18 11 37196
18 12 20148
18 13 52809
18 14 43530
18 15 53333
18 16 15467
18 17 22503
18 19 45594
18 20 61855
18 21 45641
18 22 36447
18 23 18048
18 24 -257
18 25 1464
18 26 29940
18 27 43439
18 28 40889
18 29 46131
18 30 37312
18 31 4431
18 32 6374
18 33 24212
18 34 41778
18 35 42219
18 36 57291
18 37 59616
18 38 30017
18 39 16157
18 40 14297
18 41 35075
18 42 38750
18 43 32218
18 44 8323
18 45 44857
18 46 40135
18 47 53495
18 48 45237
18 49 10029
18 50 -564
18 51 20994
18 52 43146
18 53 38186
18 54 46459
18 55 -2256
18 56 18394
18 57 54485
18 58 23668
18 59 41906
18 60 69236
18 61 41744
18 62 34350
18 63 22026
18 64 31546
18 65 36910
18 66 40682
18 67 36639
18 68 34718
18 69 54817
18 70 68555
18 71 67303
18 72 21844
18 73 33463
18 74 41053
18 75 34803
18 76 30248
19 1 37857
19 2 26614
19 3 35007
19 4 16702
19 5 21160
19 6 27100
19 7 4620
19 8 502
19 9 29037
19 10 22818
19 11 8709
19 12 20838
19 13 8800
19 14 -479
19 15 15422
19 16 34863
19 17 24945
19 18 45039
19 20 25286
19 21 29554
19 22 40418
19 23 44758
19 24 41817
19 25 37910
19 26 17509
19 27 8101
19 28 35051
19 29 17866
19 30 21038
19 31 16472
19 32 33343
19 33 33012
19 34 12189
19 35 3109
19 36 31773
19 37 27240
19 38 14154
19 39 28955
19 40 24519
19 41 54790
19 42 54333
19 43 48940
19 44 34901
19 45 17941
19 46 8393
19 47 30626
19 48 23249
19 49 42771
19 50 41112
19 51 28950
19 52 7486
19 53 3577
19 54 -4847
19 55 40170
19 56 47788
19 57 12635
19 58 17471
19 59 -1727
19 60 37591
19 61 34316
19 62 35194
19 63 39490
19 64 43896
19 65 18646
19 66 14601
19 67 16041
19 68 26006
19 69 34205
19 70 34237
19 71 38987
19 72 25085
19 73 39186
19 74 29154
19 75 23041
19 76 18771
20 1 34871
20 2 24866
20 3 48541
20 4 24999
20 5 4828
20 6 33486
20 7 31849
20 8 25780
20 9 51602
20 10 52531
20 11 42497
20 12 41942
20 13 17178
20 14 33707
20 15 2192
20 16 42233
20 17 40268
20 18 62242
20 19 26228
20 21 12220
20 22 30220
20 23 46731
20 24 52332
20 25 60157
20 26 37022
20 27 15274
20 28 24246
20 29 12139
20 30 17911
20 31 45896
20 32 51828
20 33 35026
20 34 28296
20 35 33472
20 36 5589
20 37 262
20 38 46085
20 39 53191
20 40 43369
20 41 50043
20 42 47324
20 43 44811
20 44 50301
20 45 18935
20 46 27628
20 47 11543
20 48 12148
20 49 50874
20 50 59504
20 51 39399
20 52 21513
20 53 36560
20 54 13570
20 55 62904
20 56 48249
20 57 4460
20 58 45250
20 59 30544
20 60 3744
20 61 15968
20 62 29170
20 63 42498
20 64 31982
20 65 51827
20 66 48780
20 67 33013
20 68 31542
20 69 7466
20 70 37
20 71 7284
20 72 51009
20 73 37010
20 74 20228
20 75 33157
20 76 32132
21 1 13920
21 2 7819
21 3 33305
21 4 17324
21 5 5336
21 6 18605
21 7 29937
21 8 26724
21 9 40790
21 10 47544
21 11 43475
21 12 32723
21 13 24225
21 14 38060
21 15 12517
21 16 24670
21 17 28564
21 18 46883
21 19 31351
21 20 13075
21 22 8208
21 23 26226
21 24 34224
21 25 47856
21 26 29550
21 27 16156
21 28 2669
21 29 8964
21 30 5007
21 31 39026
21 32 38683
21 33 16389
21 34 25426
21 35 34430
21 36 3380
21 37 10304
21 38 43808
21 39 43820
21 40 32017
21 41 28209
21 42 25341
21 43 23198
21 44 35782
21 45 14336
21 46 25696
21 47 1837
21 48 1779
21 49 32389
21 50 45301
21 51 24762
21 52 21606
21 53 37529
21 54 22786
21 55 50078
21 56 27099
21 57 16661
21 58 39581
21 59 37629
21 60 15478
21 61 -4450
21 62 8325
21 63 23206
21 64 10277
21 65 50901
21 66 50501
21 67 27030
21 68 18585
21 69 -585
21 70 16598
21 71 12882
21 72 43392
21 73 16996
21 74 1607
21 75 22775
21 76 22657
22 1 -1
22 2 8956
22 3 26285
22 4 24370
22 5 22131
22 6 17034
22 7 36556
22 8 36072
22 9 37394
22 10 49211
22 11 49864
22 12 32723
22 13 37990
22 14 47372
22 15 29065
22 16 15680
22 17 27450
22 18 37678
22 19 42204
22 20 31064
22 21 8197
22 23 11190
22 24 22101
22 25 41938
22 26 32663
22 27 28254
22 28 2669
22 29 22769
22 30 13370
22 31 37897
22 32 33232
22 33 8306
22 34 33892
22 35 42840
22 36 21100
22 37 28238
22 38 47732
22 39 41949
22 40 29673
22 41 10520
22 42 7369
22 43 6224
22 44 29256
22 45 25719
22 46 34151
22 47 19595
22 48 16244
22 49 20434
22 50 37821
22 51 20918
22 52 32217
22 53 44872
22 54 36200
22 55 42911
22 56 10573
22 57 32859
22 58 41452
22 59 47741
22 60 32597
22 61 -2873
22 62 735
22 63 11823
22 64 -6205
22 65 55433
22 66 56734
22 67 32683
22 68 21028
22 69 14230
22 70 34348
22 71 29838
22 72 43392
22 73 7793
22 74 9197
22 75 26229
22 76 25776
23 1 2680
23 2 17635
23 3 13620
23 4 30014
23 5 37019
23 6 17702
23 7 37231
23 8 40056
23 9 25832
23 10 42195
23 11 47813
23 12 26914
23 13 47278
23 14 49190
23 15 42579
23 16 4949
23 17 22873
23 18 19510
23 19 46775
23 20 47806
23 21 26446
23 22 11421
23 24 2114
23 25 26647
23 26 31400
23 27 36856
23 28 20015
23 29 34749
23 30 24031
23 31 26699
23 32 20345
23 33 7339
23 34 38571
23 35 45022
23 36 39555
23 37 44874
23 38 43068
23 39 31995
23 40 21526
23 41 7005
23 42 10884
23 43 4858
23 44 16262
23 45 35359
23 46 38242
23 47 36622
23 48 30491
23 49 1831
23 50 21720
23 51 15840
23 52 38827
23 53 44872
23 54 44040
23 55 25720
23 56 -6920
23 57 45431
23 58 35597
23 59 49500
23 60 51727
23 61 18222
23 62 13289
23 63 3015
23 64 3539
23 65 50901
23 66 53741
23 67 34783
23 68 25163
23 69 34391
23 70 52560
23 71 49108
23 72 35538
23 73 13240
23 74 23628
23 75 28808
23 76 26747
24 1 15957
24 2 26170
24 3 8039
24 4 34134
24 5 45524
24 6 22412
24 7 36020
24 8 40928
24 9 16233
24 10 34617
24 11 43126
24 12 22792
24 13 51379
24 14 47275
24 15 49611
24 16 7795
24 17 21689
24 18 4592
24 19 47221
24 20 56794
24 21 37831
24 22 25719
24 23 5501
24 25 13409
24 26 30546
24 27 41285
24 28 32079
24 29 41804
24 30 31781
24 31 15503
24 32 11060
24 33 15907
24 34 40872
24 35 44337
24 36 50368
24 37 54121
24 38 36864
24 39 23380
24 40 16499
24 41 22436
24 42 26407
24 43 20194
24 44 8767
24 45 41230
24 46 39874
24 47 46825
24 48 39365
24 49 -1148
24 50 8700
24 51 17106
24 52 41945
24 53 42175
24 54 46584
24 55 10874
24 56 5277
24 57 51588
24 58 29532
24 59 46792
24 60 62611
24 61 31931
24 62 25200
24 63 12180
24 64 19027
24 65 44360
24 66 47887
24 67 36026
24 68 30277
24 69 46650
24 70 62637
24 71 60287
24 72 28295
24 73 24334
24 74 33769
24 75 31985
24 76 28498
25 1 32447
25 2 35040
25 3 13313
25 4 35612
25 5 50436
25 6 28898
25 7 28301
25 8 35371
25 9 1690
25 10 17480
25 11 28337
25 12 15876
25 13 49335
25 14 36062
25 15 51630
25 16 20427
25 17 21282
25 18 2753
25 19 39754
25 20 61059
25 21 47903
25 22 41996
25 23 26474
25 24 9849
25 26 26414
25 27 40864
25 28 44446
25 29 45362
25 30 38012
25 31 -6862
25 32 5115
25 33 28445
25 34 38571
25 35 36326
25 36 58400
25 37 59371
25 38 20790
25 39 8380
25 40 11562
25 41 43225
25 42 46364
25 43 39573
25 44 10393
25 45 43689
25 46 36360
25 47 54588
25 48 45844
25 49 18257
25 50 1682
25 51 22476
25 52 39902
25 53 30814
25 54 41587
25 55 -7072
25 56 27771
25 57 52027
25 58 15756
25 59 33384
25 60 69763
25 61 45953
25 62 38553
25 63 27927
25 64 39228
25 65 27127
25 66 30878
25 67 33622
25 68 35147
25 69 57074
25 70 68448
25 71 68304
25 72 13977
25 73 37979
25 74 43194
25 75 33912
25 76 28604
26 1 20760
26 2 13171
26 3 13922
26 4 7006
26 5 21828
26 6 9320
26 7 2303
26 8 6922
26 9 11243
26 10 14418
26 11 13925
26 12 1482
26 13 19507
26 14 14228
26 15 21836
26 16 14504
26 17 3916
26 18 24965
26 19 13089
26 20 31660
26 21 23333
26 22 26457
26 23 24963
26 24 20722
26 25 20150
26 27 10888
26 28 23776
26 29 16525
26 30 12069
26 31 6322
26 32 13280
26 33 14978
26 34 8584
26 35 10389
26 36 31215
26 37 30538
26 38 11604
26 39 12583
26 40 4162
26 41 36972
26 42 37555
26 43 31359
26 44 14001
26 45 14666
26 46 6633
26 47 27792
26 48 18797
26 49 21864
26 50 21293
26 51 8637
26 52 9944
26 53 9979
26 54 13027
26 55 22913
26 56 28066
26 57 22032
26 58 6447
26 59 14516
26 60 41431
26 61 25231
26 62 20904
26 63 20196
26 64 28743
26 65 19218
26 66 20615
26 67 3670
26 68 11046
26 69 31551
26 70 39523
26 71 40659
26 72 10770
26 73 22825
26 74 19564
26 75 7499
26 76 1445
27 1 25264
27 2 13171
27 3 29632
27 4 5351
27 5 6298
27 6 16898
27 7 9217
27 8 3886
27 9 29682
27 10 29734
27 11 21324
27 12 19921
27 13 2871
27 14 14563
27 15 3629
27 16 26202
27 17 19836
27 18 42429
27 19 7646
27 20 13877
27 21 13904
27 22 26013
27 23 34384
27 24 35426
27 25 38565
27 26 14853
27 28 20089
27 29 2244
27 30 6391
27 31 23073
27 32 31111
27 33 21734
27 34 5577
27 35 11829
27 36 16961
27 37 13826
27 38 23708
27 39 30848
27 40 22139
27 41 42199
27 42 41045
27 43 36347
27 44 30671
27 45 2711
27 46 4807
27 47 15159
27 48 7600
27 49 34967
27 50 39087
27 51 21221
27 52 -1197
27 53 15175
27 54 443
27 55 41336
27 56 37069
27 57 3629
27 58 22428
27 59 13925
27 60 24867
27 61 18758
27 62 21326
27 63 29023
27 64 29600
27 65 29932
27 66 28139
27 67 10819
27 68 14733
27 69 19012
27 70 22268
27 71 25157
27 72 28340
27 73 26480
27 74 14063
27 75 13741
27 76 11517
28 1 4468
28 2 2605
28 3 26099
28 4 16772
28 5 12694
28 6 13009
28 7 29616
28 8 28114
28 9 35326
28 10 44642
28 11 43248
28 12 28672
28 13 28815
28 14 39613
28 15 19582
28 16 16556
28 17 23741
28 18 39146
28 19 33863
28 20 22116
28 21 -316
28 22 -305
28 23 16810
28 24 25487
28 25 41414
28 26 27008
28 27 19356
28 29 13423
28 30 4775
28 31 34832
28 32 32249
28 33 8117
28 34 26069
28 35 35275
28 36 12865
28 37 19199
28 38 42143
28 39 39062
28 40 26823
28 41 18982
28 42 16424
28 43 13797
28 44 28829
28 45 16826
28 46 26392
28 47 10545
28 48 6763
28 49 23609
28 50 38157
28 51 18515
28 52 23749
28 53 37793
28 54 27159
28 55 43214
28 56 17613
28 57 23375
28 58 36694
28 59 39789
28 60 24931
28 61 -5030
28 62 -924
28 63 14313
28 64 3019
28 65 49631
28 66 50252
28 67 25870
28 68 14967
28 69 7807
28 70 26053
28 71 22283
28 72 39538
28 73 8062
28 74 -52
28 75 20031
28 76 19877
29 1 20415
29 2 8555
29 3 30256
29 4 6703
29 5 -994
29 6 15514
29 7 16537
29 8 12121
29 9 33406
29 10 36154
29 11 29439
29 12 23904
29 13 9254
29 14 23094
29 15 1620
29 16 24716
29 17 21843
29 18 43870
29 19 16160
29 20 9491
29 21 5461
29 22 19277
29 23 31026
29 24 34694
29 25 41812
29 26 19239
29 27 993
29 28 12905
29 30 969
29 31 28930
29 32 33393
29 33 18479
29 34 11909
29 35 20016
29 36 9065
29 37 7780
29 38 31034
29 39 35276
29 40 25015
29 41 36960
29 42 35221
29 43 31236
29 44 31914
29 45 780
29 46 11894
29 47 6692
29 48 -762
29 49 33542
29 50 41070
29 51 21165
29 52 6846
29 53 23320
29 54 7764
29 55 44536
29 56 33260
29 57 4460
29 58 28467
29 59 22432
29 60 18606
29 61 10532
29 62 15477
29 63 26044
29 64 22738
29 65 37631
29 66 36357
29 67 15477
29 68 13356
29 69 10689
29 70 16841
29 71 18018
29 72 33551
29 73 21828
29 74 6961
29 75 14723
29 76 13801
30 1 11528
30 2 -445
30 3 22966
30 4 4521
30 5 5714
30 6 7704
30 7 17454
30 8 15358
30 9 28515
30 10 34505
30 11 31128
30 12 19921
30 13 16824
30 14 26880
30 15 10527
30 16 16309
30 17 16261
30 18 36782
30 19 21063
30 20 16994
30 21 3235
30 22 11609
30 23 22039
30 24 26402
30 25 36193
30 26 16514
30 27 6871
30 28 5988
30 29 2700
30 31 26119
30 32 27237
30 33 9569
30 34 13419
30 35 22662
30 36 12356
30 37 14427
30 38 30923
30 39 31180
30 40 19752
30 41 28240
30 42 26787
30 43 22455
30 44 25014
30 45 4370
30 46 13752
30 47 8550
30 48 -94
30 49 25023
30 50 34473
30 51 13850
30 52 10959
30 53 25417
30 54 14853
30 55 38708
30 56 24263
30 57 13445
30 58 26543
30 59 26999
30 60 23960
30 61 6110
30 62 6991
30 63 17140
30 64 15194
30 65 38139
30 66 38169
30 67 14138
30 68 6306
30 69 11685
30 70 23243
30 71 22283
30 72 30466
30 73 12873
30 74 253
30 75 9846
30 76 9680
31 1 44895
31 2 42804
31 3 26470
31 4 38625
31 5 53224
31 6 36946
31 7 24656
31 8 32091
31 9 9114
31 10 7847
31 11 16725
31 12 18990
31 13 47200
31 14 26880
31 15 51961
31 16 33374
31 17 27732
31 18 21171
31 19 33767
31 20 62249
31 21 54524
31 22 53406
31 23 41977
31 24 27394
31 25 8589
31 26 28037
31 27 40823
31 28 53315
31 29 47931
31 30 43389
31 32 17730
31 33 39571
31 34 38473
31 35 31213
31 36 62833
31 37 61722
31 38 9591
31 39 10810
31 40 18476
31 41 57944
31 42 60355
31 43 53503
31 44 23633
31 45 46077
31 46 35309
31 47 59403
31 48 50402
31 49 34266
31 50 19048
31 51 31799
31 52 39098
31 53 22785
31 54 36761
31 55 5548
31 56 44047
31 57 51063
31 58 10769
31 59 21188
31 60 72748
31 61 55098
31 62 48682
31 63 41092
31 64 52974
31 65 13511
31 66 16392
31 67 34783
31 68 41270
31 69 63063
31 70 70516
31 71 72204
31 72 12030
31 73 48902
31 74 50264
31 75 38469
31 76 32470
32 1 21150
32 2 22969
32 3 1959
32 4 24507
32 5 38967
32 6 16852
32 7 20614
32 8 26842
32 9 -1395
32 10 16597
32 11 25438
32 12 6825
32 13 39663
32 14 30721
32 15 40828
32 16 9172
32 17 9883
32 18 4781
32 19 32305
32 20 49848
32 21 35848
32 22 30408
32 23 17290
32 24 4618
32 25 2233
32 26 16662
32 27 30528
32 28 32399
32 29 34061
32 30 26174
32 31 -603
32 33 16637
32 34 28638
32 35 28965
32 36 46540
32 37 47919
32 38 18901
32 39 5409
32 40 1001
32 41 33323
32 42 35947
32 43 29087
32 44 -1000
32 45 32543
32 46 26879
32 47 42714
32 48 34066
32 49 9809
32 50 1052
32 51 10397
32 52 30021
32 53 25417
32 54 33124
32 55 4517
32 56 19498
32 57 41671
32 58 11724
32 59 29628
32 60 58083
32 61 33961
32 62 26629
32 63 16882
32 64 28702
32 65 26343
32 66 29911
32 67 23508
32 68 23316
32 69 45034
32 70 56973
32 71 56487
32 72 10303
32 73 26176
32 74 31135
32 75 22527
32 76 17566
33 1 -1788
33 2 2995
33 3 10660
33 4 15226
33 5 22662
33 6 3500
33 7 24344
33 8 26007
33 9 21394
33 10 33953
33 11 36552
33 12 17442
33 13 32297
33 14 36128
33 15 27768
33 16 745
33 17 12223
33 18 23345
33 19 32700
33 20 33772
33 21 14280
33 22 6208
33 23 5010
33 24 10191
33 25 26289
33 26 19086
33 27 21877
33 28 8993
33 29 19873
33 30 9232
33 31 21964
33 32 17363
33 34 24168
33 35 31634
33 36 26778
33 37 30949
33 38 33267
33 39 26036
33 40 13835
33 41 14399
33 42 14925
33 43 8704
33 44 13548
33 45 20329
33 46 24041
33 47 23297
33 48 16244
33 49 8424
33 50 22591
33 51 5185
33 52 24091
33 53 32486
33 54 29271
33 55 27719
33 56 7645
33 57 30473
33 58 26426
33 59 36607
33 60 39032
33 61 10000
33 62 2522
33 63 -122
33 64 6595
33 65 41094
33 66 43095
33 67 21035
33 68 10353
33 69 23253
33 70 39214
33 71 36686
33 72 27818
33 73 1847
33 74 10188
33 75 14569
33 76 13166
34 1 23437
34 2 12354
34 3 23325
34 4 2372
34 5 12914
34 6 12926
34 7 2454
34 8 -43
34 9 22004
34 10 22250
34 11 15819
34 12 12273
34 13 8800
34 14 11330
34 15 11422
34 16 21418
34 17 13134
34 18 35450
34 19 6416
34 20 21581
34 21 17856
34 22 26333
34 23 30781
34 24 29695
34 25 30954
34 26 7231
34 27 259
34 28 21484
34 29 7842
34 30 7621
34 31 15405
34 32 23903
34 33 18707
34 35 7009
34 36 23205
34 37 21105
34 38 16896
34 39 23063
34 40 14818
34 41 40378
34 42 39924
34 43 34524
34 44 23984
34 45 6308
34 46 -1901
34 47 20512
34 48 11940
34 49 29834
34 50 31920
34 51 15769
34 52 -848
34 53 9895
34 54 3580
34 55 33708
34 56 33736
34 57 11271
34 58 14772
34 59 11625
34 60 32172
34 61 21690
34 62 20957
34 63 25418
34 64 29691
34 65 23586
34 66 22843
34 67 3398
34 68 11596
34 69 24598
34 70 29814
34 71 32021
34 72 20538
34 73 24766
34 74 15906
34 75 8884
34 76 5362
35 1 33428
35 2 23165
35 3 28263
35 4 13329
35 5 22298
35 6 22101
35 7 -2546
35 8 -2114
35 9 21758
35 10 16325
35 11 5324
35 12 13697
35 13 12353
35 14 420
35 15 18348
35 16 28913
35 17 18474
35 18 37829
35 19 -726
35 20 28695
35 21 28798
35 22 37219
35 23 39170
35 24 35098
35 25 30647
35 26 10974
35 27 8449
35 28 32628
35 29 17887
35 30 18802
35 31 10083
35 32 26168
35 33 28111
35 34 8947
35 36 32952
35 37 29534
35 38 8612
35 39 21705
35 40 17457
35 41 50163
35 42 50138
35 43 44382
35 44 27960
35 45 16924
35 46 4807
35 47 30867
35 48 22668
35 49 36424
35 50 33883
35 51 22976
35 52 6722
35 53 -825
35 54 1551
35 55 32952
35 56 42258
35 57 16502
35 58 10439
35 59 902
35 60 40418
35 61 32847
35 62 31724
35 63 34106
35 64 40402
35 65 14202
35 66 12177
35 67 10819
35 68 21746
35 69 34869
35 70 37454
35 71 41059
35 72 17899
35 73 34958
35 74 27086
35 75 18293
35 76 13390
36 1 24326
36 2 16638
36 3 42001
36 4 21872
36 5 2348
36 6 26788
36 7 32654
36 8 27900
36 9 47830
36 10 52116
36 11 45333
36 12 38860
36 13 22049
36 14 38197
36 15 7547
36 16 34155
36 17 35632
36 18 55790
36 19 30827
36 20 3701
36 21 637
36 22 18368
36 23 36592
36 24 44018
36 25 55610
36 26 34689
36 27 16470
36 28 13107
36 29 9825
36 30 11385
36 31 44592
36 32 46632
36 33 26144
36 34 28032
36 35 35841
36 37 1989
36 38 47159
36 39 50241
36 40 39105
36 41 38539
36 42 35529
36 43 33613
36 44 44230
36 45 16704
36 46 28003
36 47 1915
36 48 5365
36 49 42259
36 50 53744
36 51 33033
36 52 22680
36 53 39186
36 54 20166
36 55 58112
36 56 37538
36 57 11670
36 58 44334
36 59 36705
36 60 5208
36 61 3359
36 62 18673
36 63 33241
36 64 19513
36 65 53719
36 66 52159
36 67 31255
36 68 25722
36 69 -4191
36 70 6203
36 71 2953
36 72 49026
36 73 27162
36 74 10750
36 75 28858
36 76 28468
37 1 28789
37 2 18956
37 3 43101
37 4 20301
37 5 -631
37 6 27913
37 7 28855
37 8 23300
37 9 47000
37 10 49174
37 11 40573
37 12 37501
37 13 15900
37 14 32569
37 15 642
37 16 36437
37 17 35293
37 18 56876
37 19 25055
37 20 -2865
37 21 6322
37 22 24267
37 23 40672
37 24 46532
37 25 55342
37 26 32773
37 27 12096
37 28 18202
37 29 7301
37 30 12217
37 31 42242
37 32 46772
37 33 29076
37 34 24693
37 35 31184
37 36 750
37 38 43354
37 39 48862
37 40 38555
37 41 44002
37 42 41335
37 43 38743
37 44 44989
37 45 14336
37 46 24323
37 47 5512
37 48 6251
37 49 45007
37 50 54313
37 51 33950
37 52 18450
37 53 34472
37 54 13477
37 55 58038
37 56 42167
37 57 4422
37 58 41655
37 59 30394
37 60 5251
37 61 10552
37 62 23087
37 63 36515
37 64 26292
37 65 49488
37 66 47165
37 67 28900
37 68 26129
37 69 3464
37 70 3257
37 71 5932
37 72 47016
37 73 30953
37 74 14161
37 75 28176
37 76 27378
38 1 40756
38 2 34040
38 3 27319
38 4 26365
38 5 38988
38 6 29826
38 7 8733
38 8 15358
38 9 13530
38 10 1393
38 11 -1614
38 12 12881
38 13 30238
38 14 8014
38 15 36020
38 16 31842
38 17 21747
38 18 30733
38 19 15425
38 20 46414
38 21 43282
38 22 47217
38 23 42322
38 24 32731
38 25 20217
38 26 17295
38 27 25434
38 28 44602
38 29 34011
38 30 32169
38 31 -6433
38 32 21210
38 33 34850
38 34 23940
38 35 13718
38 36 49376
38 37 46810
38 39 12807
38 40 15802
38 41 56176
38 42 57381
38 43 50865
38 44 25524
38 45 32433
38 46 20194
38 47 46600
38 48 37846
38 49 36603
38 50 26962
38 51 27195
38 52 23542
38 53 4217
38 54 18567
38 55 20924
38 56 45232
38 57 34375
38 58 1631
38 59 3471
38 60 57834
38 61 45920
38 62 41714
38 63 38795
38 64 49078
38 65 -1414
38 66 1748
38 67 22096
38 68 31909
38 69 50671
38 70 55070
38 71 58051
38 72 8954
38 73 43267
38 74 40075
38 75 28277
38 76 22288
39 1 28983
39 2 27080
39 3 11390
39 4 24456
39 5 39468
39 6 21071
39 7 14815
39 8 22041
39 9 -4483
39 10 6055
39 11 15819
39 12 3968
39 13 36408
39 14 22661
39 15 39588
39 16 17775
39 17 11949
39 18 12817
39 19 26170
39 20 49464
39 21 39238
39 22 37378
39 23 27193
39 24 15191
39 25 3751
39 26 14218
39 27 28518
39 28 37465
39 29 34197
39 30 28370
39 31 -9270
39 32 3662
39 33 23563
39 34 26051
39 35 22755
39 36 48402
39 37 48262
39 38 8751
39 40 2457
39 41 42575
39 42 44708
39 43 37886
39 44 8901
39 45 32364
39 46 23522
39 47 44756
39 48 35788
39 49 20206
39 50 8960
39 51 15769
39 52 27238
39 53 17354
39 54 28144
39 55 6069
39 56 29687
39 57 39526
39 58 2411
39 59 20584
39 60 59059
39 61 39252
39 62 32673
39 63 25418
39 64 37203
39 65 15947
39 66 19633
39 67 21444
39 68 25864
39 69 48062
39 70 57283
39 71 58059
39 72 538
39 73 32873
39 74 34776
39 75 23524
39 76 17723
40 1 19270
40 2 17294
40 3 4193
40 4 16514
40 5 31349
40 6 11177
40 7 12454
40 8 18381
40 9 1243
40 10 13261
40 11 19479
40 12 -1229
40 13 31141
40 14 23278
40 15 32653
40 16 8786
40 17 2378
40 18 13279
40 19 24056
40 20 41964
40 21 29757
40 22 27424
40 23 19046
40 24 10632
40 25 9255
40 26 8119
40 27 22131
40 28 27548
40 29 26258
40 30 19264
40 31 718
40 32 1576
40 33 13684
40 34 20128
40 35 20829
40 36 39588
40 37 40277
40 38 14068
40 39 4779
40 41 33550
40 42 35324
40 43 28577
40 44 3121
40 45 24592
40 46 18335
40 47 35823
40 48 26967
40 49 13414
40 50 9591
40 51 5790
40 52 21513
40 53 18137
40 54 24630
40 55 11992
40 56 21904
40 57 33303
40 58 6553
40 59 22763
40 60 50747
40 61 29327
40 62 22673
40 63 16156
40 64 27628
40 65 21870
40 66 24914
40 67 15013
40 68 16492
40 69 38758
40 70 49354
40 71 49417
40 72 6718
40 73 22921
40 74 25168
40 75 14845
40 76 9504
41 1 1330
41 2 18187
41 3 23308
41 4 32891
41 5 35403
41 6 21917
41 7 42783
41 8 44199
41 9 35666
41 10 50829
41 11 54768
41 12 34721
41 13 48941
41 14 54552
41 15 41910
41 16 13167
41 17 29875
41 18 30554
41 19 50824
41 20 45135
41 21 22446
41 22 4768
41 23 1022
41 24 13066
41 25 37415
41 26 37426
41 27 38688
41 28 16204
41 29 34700
41 30 24249
41 31 36683
41 32 30395
41 33 10745
41 34 42185
41 35 50032
41 36 35519
41 37 42221
41 38 50939
41 39 41394
41 40 30047
41 42 567
41 43 -966
41 44 26181
41 45 36470
41 46 42188
41 47 33565
41 48 29057
41 49 12781
41 50 32551
41 51 22548
41 52 41637
41 53 50903
41 54 46559
41 55 36746
41 56 -2751
41 57 45357
41 58 43724
41 59 55037
41 60 47146
41 61 11321
41 62 10921
41 63 9059
41 64 -7437
41 65 58801
41 66 61149
41 67 39413
41 68 28233
41 69 28760
41 70 48782
41 71 44390
41 72 44303
41 73 13301
41 74 21705
41 75 32853
41 76 31597
42 1 780
42 2 16742
42 3 25472
42 4 31921
42 5 32745
42 6 21805
42 7 42664
42 8 43492
42 9 37719
42 10 52090
42 11 55139
42 12 35731
42 13 47278
42 14 54223
42 15 39474
42 16 14947
42 17 30656
42 18 33865
42 19 50003
42 20 42052
42 21 19214
42 22 1253
42 23 4537
42 24 16673
42 25 40190
42 26 37645
42 27 37170
42 28 13282
42 29 32597
42 30 22432
42 31 38730
42 32 32655
42 33 10907
42 34 41367
42 35 49643
42 36 32145
42 37 39190
42 38 51780
42 39 43163
42 40 31457
42 41 203
42 43 -339
42 44 28426
42 45 34792
42 46 41470
42 47 30526
42 48 26569
42 49 15968
42 50 35436
42 51 23398
42 52 40473
42 53 50903
42 54 45143
42 55 39931
42 56 1462
42 57 43084
42 58 44766
42 59 54714
42 60 43556
42 61 7392
42 62 8828
42 63 10558
42 64 -10806
42 65 59624
42 66 61696
42 67 39050
42 68 27537
42 69 24999
42 70 45389
42 71 40793
42 72 45698
42 73 12368
42 74 19255
42 75 32415
42 76 31431
43 1 -3142
43 2 13745
43 3 20373
43 4 28422
43 5 31311
43 6 17570
43 7 38465
43 8 39758
43 9 32625
43 10 47166
43 11 50632
43 12 30888
43 13 44503
43 14 50187
43 15 37693
43 16 9863
43 17 25902
43 18 29095
43 19 46372
43 20 41301
43 21 18833
43 22 1870
43 23 273
43 24 12222
43 25 35161
43 26 33211
43 27 34234
43 28 12417
43 29 30374
43 30 19862
43 31 33640
43 32 27557
43 33 6448
43 34 37729
43 35 45649
43 36 31991
43 37 38360
43 38 47026
43 39 38103
43 40 26472
43 41 432
43 42 1423
43 44 23329
43 45 32043
43 46 37744
43 47 29746
43 48 24897
43 49 11197
43 50 30450
43 51 18599
43 52 37165
43 53 46627
43 54 42094
43 55 35060
43 56 -1089
43 57 41071
43 58 39919
43 59 50676
43 60 43835
43 61 8774
43 62 6709
43 63 5500
43 64 -5770
43 65 54880
43 66 57093
43 67 35027
43 68 23781
43 69 25760
43 70 45233
43 71 41104
43 72 40726
43 73 8831
43 74 17566
43 75 28444
43 76 27252
44 1 16169
44 2 19182
44 3 -3103
44 4 22596
44 5 36343
44 6 13337
44 7 21523
44 8 27018
44 9 3477
44 10 20566
44 11 28337
44 12 7990
44 13 38812
44 14 32497
44 15 38930
44 16 4143
44 17 8319
44 18 5861
44 19 32994
44 20 47452
44 21 32078
44 22 25563
44 23 12338
44 24 1456
44 25 6642
44 26 16514
44 27 29219
44 28 28110
44 29 31713
44 30 23082
44 31 4431
44 32 -1869
44 33 11953
44 34 27850
44 35 29888
44 36 43269
44 37 45267
44 38 22346
44 39 9779
44 40 1677
44 41 28240
44 42 30849
44 43 23990
44 45 30440
44 46 26457
44 47 39444
44 48 31019
44 49 5235
44 50 3436
44 51 6787
44 52 29162
44 53 27346
44 54 33081
44 55 8305
44 56 14708
44 57 40176
44 58 14883
44 59 31930
44 60 55068
44 61 29518
44 62 22084
44 63 11823
44 64 23611
44 65 29987
44 66 33353
44 67 22752
44 68 20376
44 69 41295
44 70 54245
44 71 53267
44 72 13977
44 73 21487
44 74 27383
44 75 20398
44 76 15978
45 1 19270
45 2 7115
45 3 26547
45 4 2372
45 5 3478
45 6 12362
45 7 12454
45 8 8697
45 9 29037
45 10 31756
45 11 25679
45 12 19479
45 13 8800
45 14 20068
45 15 4838
45 16 21757
45 17 17693
45 18 39988
45 19 13627
45 20 13679
45 21 8225
45 22 19619
45 23 29028
45 24 31512
45 25 37531
45 26 14772
45 27 -1148
45 28 13700
45 29 -1828
45 30 31
45 31 24468
45 32 29267
45 33 16327
45 34 7767
45 35 16445
45 36 13336
45 37 12207
45 38 26848
45 39 30835
45 40 20741
45 41 36122
45 42 34808
45 43 30297
45 44 28033
45 46 7905
45 47 10512
45 48 2055
45 49 30614
45 50 37036
45 51 17592
45 52 3624
45 53 19634
45 54 6799
45 55 40277
45 56 31532
45 57 6719
45 58 24034
45 59 19830
45 60 23076
45 61 12705
45 62 15034
45 63 23795
45 64 23206
45 65 33586
45 66 32665
45 67 11013
45 68 10073
45 69 14598
45 70 21240
45 71 22453
45 72 29079
45 73 20518
45 74 7687
45 75 10651
45 76 9504
46 1 25378
46 2 14487
46 3 24047
46 4 4521
46 5 14659
46 6 14596
46 7 516
46 8 -2114
46 9 21626
46 10 20794
46 11 13669
46 12 12030
46 13 8838
46 14 9122
46 15 12517
46 16 22737
46 17 13781
46 18 35711
46 19 4524
46 20 22817
46 21 20030
46 22 28496
46 23 32356
46 24 30601
46 25 30647
46 26 7184
46 27 1393
46 28 23711
46 29 9731
46 30 9858
46 31 14145
46 32 24048
46 33 20484
46 34 3
46 35 4773
46 36 25080
46 37 22639
46 38 15054
46 39 22438
46 40 14929
46 41 42285
46 42 41931
46 43 36443
46 44 24495
46 45 8350
46 47 22531
46 48 14048
46 49 30986
46 50 32062
46 51 16949
46 52 -320
46 53 7699
46 54 2582
46 55 33357
46 56 35353
46 57 11940
46 58 13506
46 59 9453
46 60 33708
46 61 23920
46 62 23087
46 63 27037
46 64 31818
46 65 21604
46 66 20680
46 67 4013
46 68 13515
46 69 26611
46 70 31199
46 71 33737
46 72 19621
46 73 26748
46 74 18142
46 75 10527
46 76 6542
47 1 19012
47 2 10359
47 3 35622
47 4 15917
47 5 -631
47 6 20393
47 7 27454
47 8 23300
47 9 41514
47 10 46364
47 11 40573
47 12 32672
47 13 19124
47 14 34202
47 15 6422
47 16 27948
47 17 29285
47 18 49422
47 19 27108
47 20 7083
47 21 -3478
47 22 14291
47 23 31087
47 24 37903
47 25 49226
47 26 28694
47 27 12096
47 28 8215
47 29 4880
47 30 5007
47 31 38590
47 32 40234
47 33 20091
47 34 22767
47 35 31184
47 36 -657
47 37 4179
47 38 41811
47 39 44023
47 40 32768
47 41 34013
47 42 31338
47 43 28796
47 44 37833
47 45 11308
47 46 22882
47 48 -840
47 49 36199
47 50 47343
47 51 26635
47 52 18025
47 53 34472
47 54 17615
47 55 51715
47 56 32371
47 57 10631
47 58 38509
47 59 33308
47 60 11350
47 61 1563
47 62 13289
47 63 27336
47 64 16595
47 65 48586
47 66 47514
47 67 25472
47 68 19337
47 69 -402
47 70 11501
47 71 9336
47 72 42972
47 73 21446
47 74 4725
47 75 22610
47 76 22288
48 1 16169
48 2 5555
48 3 30022
48 4 9619
48 5 -631
48 6 14747
48 7 21523
48 8 17886
48 9 35303
48 10 40099
48 11 34877
48 12 26368
48 13 15599
48 14 29147
48 15 5740
48 16 23030
48 17 23129
48 18 43841
48 19 22408
48 20 10365
48 21 -859
48 22 13617
48 23 27633
48 24 33120
48 25 43159
48 26 22376
48 27 7214
48 28 7110
48 29 103
48 30 -960
48 31 32266
48 32 34263
48 33 15715
48 34 16872
48 35 25662
48 36 5470
48 37 7595
48 38 35734
48 39 37732
48 40 26589
48 41 32182
48 42 30058
48 43 26624
48 44 32085
48 45 5528
48 46 17076
48 47 1837
48 49 31593
48 50 41540
48 51 20918
48 52 12708
48 53 28849
48 54 14137
48 55 45716
48 56 29439
48 57 9450
48 58 32223
48 59 28685
48 60 16891
48 61 4129
48 62 10701
48 63 23206
48 64 16868
48 65 42627
48 66 41874
48 67 19226
48 68 13324
48 69 5715
48 70 16241
48 71 15298
48 72 36648
48 73 17961
48 74 1607
48 75 16333
48 76 15978
49 1 9018
49 2 19388
49 3 5299
49 4 28437
49 5 38913
49 6 16276
49 7 32304
49 8 36452
49 9 16633
49 10 33991
49 11 41098
49 12 20092
49 13 45890
49 14 44009
49 15 43345
49 16 1363
49 17 17510
49 18 9687
49 19 42984
49 20 50145
49 21 30805
49 22 18861
49 23 27
49 24 -6339
49 25 16626
49 26 26497
49 27 35635
49 28 25010
49 29 35461
49 30 25211
49 31 17184
49 32 11060
49 33 8949
49 34 35820
49 35 40472
49 36 43418
49 37 47405
49 38 35545
49 39 23204
49 40 14090
49 41 16960
49 42 20511
49 43 13978
49 44 7355
49 45 35141
49 46 35068
49 47 39930
49 48 32647
49 50 11684
49 51 11774
49 52 36680
49 53 39186
49 54 41633
49 55 15770
49 56 1567
49 57 45551
49 58 28020
49 59 43945
49 60 55675
49 61 24920
49 62 18129
49 63 5109
49 64 13330
49 65 43265
49 66 46486
49 67 31255
49 68 24180
49 69 39588
49 70 55811
49 71 53310
49 72 27366
49 73 17266
49 74 26832
49 75 26462
49 76 23433
50 1 24863
50 2 29175
50 3 6427
50 4 31921
50 5 46112
50 6 23323
50 7 27965
50 8 34371
50 9 2796
50 10 21319
50 11 31324
50 12 14288
50 13 47278
50 14 37532
50 15 48281
50 16 13024
50 17 17303
50 18 -2561
50 19 39670
50 20 57120
50 21 42062
50 22 34593
50 23 18261
50 24 1854
50 25 -1604
50 26 24271
50 27 38100
50 28 37903
50 29 41334
50 30 33006
50 31 311
50 32 648
50 33 21461
50 34 36251
50 35 36276
50 36 53248
50 37 55056
50 38 24249
50 39 10303
50 40 8612
50 41 35075
50 42 38324
50 43 31576
50 44 3901
50 45 39908
50 46 34489
50 47 49419
50 48 40939
50 49 10029
50 51 16768
50 52 37633
50 53 32187
50 54 40671
50 55 -1426
50 56 19529
50 57 49223
50 58 17729
50 59 35963
50 60 64995
50 61 39151
50 62 31673
50 63 20271
50 64 31194
50 65 31282
50 66 35030
50 67 31119
50 68 30231
50 69 51280
50 70 64073
50 71 63239
50 72 15934
50 73 30924
50 74 37374
50 75 29845
50 76 25044
51 1 8535
51 2 7320
51 3 3897
51 4 11793
51 5 24500
51 6 1301
51 7 16161
51 8 19569
51 9 11618
51 10 23548
51 11 27094
51 12 7088
51 13 29042
51 14 28111
51 15 27671
51 16 687
51 17 2073
51 18 17688
51 19 26199
51 20 35706
51 21 20214
51 22 16381
51 23 11072
51 24 8951
51 25 17881
51 26 10306
51 27 18925
51 28 16952
51 29 20120
51 30 11074
51 31 11753
51 32 8684
51 33 2746
51 34 18791
51 35 24060
51 36 31228
51 37 33384
51 38 23173
51 39 15803
51 40 3502
51 41 23763
51 42 24977
51 43 18416
51 44 5943
51 45 19155
51 46 18067
51 47 27402
51 48 19008
51 49 8810
51 50 15459
51 52 19700
51 53 23798
51 54 24604
51 55 20067
51 56 14175
51 57 29369
51 58 16118
51 59 28405
51 60 43043
51 61 18654
51 62 11699
51 63 6523
51 64 16964
51 65 31029
51 66 33364
51 67 14292
51 68 8521
51 69 29415
51 70 42307
51 71 41225
51 72 17378
51 73 11881
51 74 15499
51 75 9624
51 76 6407
52 1 25927
52 2 14188
52 3 27631
52 4 4788
52 5 10326
52 6 16276
52 7 5103
52 8 -43
52 9 26394
52 10 25698
52 11 17343
52 12 16694
52 13 4344
52 14 11137
52 15 7547
52 16 25204
52 17 17510
52 18 39905
52 19 4800
52 20 17885
52 21 17123
52 22 27745
52 23 34124
52 24 33855
52 25 35372
52 26 11678
52 27 -3428
52 28 22251
52 29 5866
52 30 8248
52 31 19117
52 32 28373
52 33 21717
52 34 2239
52 35 7871
52 36 20940
52 37 17949
52 38 19585
52 39 27337
52 40 19290
52 41 42917
52 42 42117
52 43 37047
52 44 28383
52 45 5252
52 46 863
52 47 18857
52 48 10863
52 49 33781
52 50 36389
52 51 19765
52 53 11201
52 54 -107
52 55 38114
52 56 36978
52 57 6978
52 58 18488
52 59 10913
52 60 28986
52 61 21635
52 62 22673
52 63 28723
52 64 31282
52 65 25835
52 66 24218
52 67 7862
52 68 14467
52 69 22832
52 70 26348
52 71 29259
52 72 24607
52 73 27162
52 74 16349
52 75 12480
52 76 9504
53 1 38254
53 2 28914
53 3 29953
53 4 19467
53 5 29298
53 6 26726
53 7 1056
53 8 4886
53 9 20463
53 10 11886
53 11 -1676
53 12 14553
53 13 18887
53 14 -2479
53 15 25156
53 16 32105
53 17 21224
53 18 37450
53 19 3396
53 20 35437
53 21 35551
53 22 42905
53 23 42674
53 24 36590
53 25 28789
53 26 14218
53 27 15449
53 28 38800
53 29 24845
53 30 25211
53 31 5309
53 32 26274
53 33 32617
53 34 15487
53 35 2829
53 36 39951
53 37 36476
53 38 2765
53 39 19958
53 40 18419
53 41 54688
53 42 55052
53 43 49014
53 44 29072
53 45 23767
53 46 11387
53 47 37809
53 48 29509
53 49 38792
53 50 33448
53 51 26368
53 52 13706
53 54 6551
53 55 30548
53 56 45772
53 57 23045
53 58 7708
53 59 -3063
53 60 47305
53 61 39344
53 62 37327
53 63 37999
53 64 45799
53 65 7514
53 66 5219
53 67 16041
53 68 27115
53 69 41833
53 70 44257
53 71 48036
53 72 15762
53 73 40026
53 74 33470
53 75 23444
53 76 18034
54 1 38997
54 2 26993
54 3 40071
54 4 18105
54 5 16485
54 6 29611
54 7 11689
54 8 5535
54 9 36171
54 10 31190
54 11 17157
54 12 27198
54 13 3610
54 14 7284
54 15 9142
54 16 38414
54 17 29802
54 18 51347
54 19 596
54 20 18071
54 21 26432
54 22 39857
54 23 47466
54 24 46623
54 25 45186
54 26 22890
54 27 6341
54 28 33790
54 29 14913
54 30 20271
54 31 24909
54 32 39605
54 33 35026
54 34 14796
54 35 10829
54 36 26555
54 37 21105
54 38 22739
54 39 36372
54 40 30536
54 41 55968
54 42 54916
54 43 50105
54 44 40431
54 45 16556
54 46 11894
54 47 26576
54 48 20421
54 49 46863
54 50 47556
54 51 32798
54 52 8022
54 53 12175
54 55 47661
54 56 50312
54 57 5564
54 58 25426
54 59 3579
54 60 30667
54 61 31675
54 62 35217
54 63 42065
54 64 43440
54 65 27201
54 66 22659
54 67 20036
54 68 27787
54 69 29317
54 70 27052
54 71 32760
54 72 32754
54 73 40211
54 74 27750
54 75 25739
54 76 22381
55 1 39627
55 2 43663
55 3 21210
55 4 44798
55 5 59566
55 6 37618
55 7 37175
55 8 44364
55 9 10810
55 10 24658
55 11 35601
55 12 25073
55 13 58482
55 14 44121
55 15 60848
55 16 27878
55 17 30383
55 18 5475
55 19 48456
55 20 70248
55 21 56567
55 22 49411
55 23 31989
55 24 13756
55 25 -630
55 26 35619
55 27 50077
55 28 52688
55 29 54528
55 30 46969
55 31 -3461
55 32 13841
55 33 36317
55 34 47767
55 35 45073
55 36 67344
55 37 68509
55 38 27939
55 39 17140
55 40 20741
55 41 48998
55 42 52547
55 43 45914
55 44 18498
55 45 52877
55 46 45512
55 47 63519
55 48 54843
55 49 23843
55 50 8302
55 51 31104
55 52 49086
55 53 39015
55 54 50504
55 56 32426
55 57 61236
55 58 24034
55 59 40683
55 60 78822
55 61 54000
55 62 46525
55 63 35026
55 64 45386
55 65 33586
55 66 37129
55 67 42835
55 68 44104
55 69 65773
55 70 77583
55 71 77282
55 72 22464
55 73 45789
55 74 51855
55 75 43042
55 76 37788
56 1 6429
56 2 22572
56 3 18897
56 4 35563
56 5 41552
56 6 23358
56 7 43060
56 8 45810
56 9 30840
56 10 47656
56 11 53577
56 12 32621
56 13 52686
56 14 55019
56 15 47431
56 16 10744
56 17 28685
56 18 22584
56 19 52533
56 20 52052
56 21 30047
56 22 13532
56 23 -4192
56 24 4618
56 25 30672
56 26 37231
56 27 42269
56 28 23546
56 29 39711
56 30 28983
56 31 31497
56 32 25281
56 33 12702
56 34 44254
56 35 50838
56 36 43229
56 37 49097
56 38 48706
56 39 37217
56 40 27112
56 41 5960
56 42 10537
56 43 6224
56 44 21360
56 45 40591
56 46 43967
56 47 40634
56 48 35025
56 49 6099
56 50 25716
56 51 21671
56 52 44409
56 53 50698
56 54 49614
56 55 28885
56 57 50456
56 58 41206
56 59 55331
56 60 55231
56 61 20431
56 62 17188
56 63 8661
56 64 2126
56 65 56522
56 66 59440
56 67 40557
56 68 30689
56 69 37352
56 70 56399
56 71 52530
56 72 40991
56 73 17772
56 74 27911
56 75 34500
56 76 32524
57 1 33440
57 2 21572
57 3 41436
57 4 16842
57 5 4505
57 6 27655
57 7 19913
57 8 13477
57 9 41842
57 10 40718
57 11 29618
57 12 32091
57 13 4344
57 14 20671
57 15 -4335
57 16 37054
57 17 31905
57 18 54502
57 19 13207
57 20 4090
57 21 15436
57 22 31645
57 23 43986
57 24 46756
57 25 50755
57 26 27024
57 27 4656
57 28 25135
57 29 6738
57 30 13992
57 31 34340
57 32 43281
57 33 31357
57 34 17616
57 35 20909
57 36 13188
57 37 7179
57 38 33676
57 39 42883
57 40 34338
57 41 49895
57 42 47986
57 43 44211
57 44 42655
57 45 11605
57 46 16381
57 47 14721
57 48 10863
57 49 45910
57 50 51237
57 51 32692
57 52 10236
57 53 23798
57 54 693
57 55 53522
57 56 46283
57 58 33811
57 59 17720
57 60 16568
57 61 20725
57 62 28366
57 63 38895
57 64 34820
57 65 39127
57 66 35792
57 67 23013
57 68 25363
57 69 16057
57 70 13063
57 71 18686
57 72 40136
57 73 34866
57 74 19507
57 75 25370
57 76 23540
58 1 32198
58 2 26789
58 3 18104
58 4 20796
58 5 35018
58 6 21824
58 7 6596
58 8 14099
58 9 5430
58 10 393
58 11 6135
58 12 3968
58 13 29102
58 14 12725
58 15 33612
58 16 22753
58 17 13134
58 18 22696
58 19 17054
58 20 43891
58 21 37367
58 22 39249
58 23 33163
58 24 23711
58 25 13495
58 26 10450
58 27 22466
58 28 37465
58 29 29756
58 30 26101
58 31 -6943
58 32 12345
58 33 26321
58 34 20128
58 35 13857
58 36 44863
58 37 43423
58 38 -57
58 39 4779
58 40 6599
58 41 47273
58 42 48679
58 43 42070
58 44 16373
58 45 27931
58 46 16958
58 47 41610
58 48 32647
58 49 27390
58 50 18754
58 51 18452
58 52 20757
58 53 7472
58 54 19566
58 55 15331
58 56 36044
58 57 32822
58 59 10649
58 60 54472
58 61 39068
58 62 33904
58 63 29851
58 64 40609
58 65 7728
58 66 10895
58 67 16695
58 68 24778
58 69 45484
58 70 52175
58 71 54071
58 72 538
58 73 35023
58 74 33545
58 75 21444
58 76 15362
59 1 53931
59 2 43545
59 3 46452
59 4 33589
59 5 38785
59 6 42532
59 7 16867
59 8 17093
59 9 35677
59 10 24460
59 11 5357
59 12 31008
59 13 25883
59 14 1151
59 15 32214
59 16 48579
59 17 37729
59 18 52961
59 19 9883
59 20 41212
59 21 47442
59 22 57565
59 23 59093
59 24 52998
59 25 43150
59 26 30546
59 27 25990
59 28 52587
59 29 35748
59 30 38584
59 31 15503
59 32 42276
59 33 48529
59 34 29008
59 35 16347
59 36 49261
59 37 44189
59 38 13810
59 39 34979
59 40 34836
59 41 70613
59 42 70654
59 43 64854
59 44 45447
59 45 35754
59 46 24932
59 47 48436
59 48 41136
59 49 55342
59 50 49015
59 51 42766
59 52 25209
59 53 8728
59 54 9746
59 55 44007
59 56 62196
59 57 28758
59 58 22676
59 60 53845
59 61 52151
59 62 52137
59 63 54260
59 64 60854
59 65 14467
59 66 5350
59 67 31315
59 68 42257
59 69 51844
59 70 50180
59 71 55899
59 72 30766
59 73 55476
59 74 46799
59 75 38805
59 76 33781
60 1 35845
60 2 28164
60 3 53311
60 4 31660
60 5 10656
60 6 38037
60 7 40537
60 8 34862
60 9 58245
60 10 60876
60 11 51984
60 12 48899
60 13 26864
60 14 43559
60 15 11522
60 16 45743
60 17 46276
60 18 67129
60 19 36039
60 20 1250
60 21 12129
60 22 29259
60 23 48158
60 24 55655
60 25 66367
60 26 44299
60 27 23770
60 28 24567
60 29 18760
60 30 22383
60 31 53901
60 32 57569
60 33 37792
60 34 36393
60 35 42701
60 36 4602
60 37 5884
60 38 55011
60 39 60292
60 40 49658
60 41 49560
60 42 46334
60 43 44851
60 44 55423
60 45 25838
60 46 36025
60 47 13316
60 48 16180
60 49 53910
60 50 64885
60 51 44242
60 52 30120
60 53 45934
60 54 23672
60 55 68984
60 56 48934
60 57 14444
60 58 53337
60 59 40683
60 61 12991
60 62 30250
60 63 44903
60 64 29204
60 65 61055
60 66 58445
60 67 40498
60 68 36653
60 69 2598
60 70 -1491
60 71 981
60 72 58601
60 73 38807
60 74 22389
60 75 39248
60 76 38629
61 1 11410
61 2 12555
61 3 35682
61 4 25665
61 5 15899
61 6 23058
61 7 38628
61 8 36268
61 9 45329
61 10 54526
61 11 52308
61 12 38683
61 13 34749
61 14 47766
61 15 23045
61 16 25684
61 17 33788
61 18 48263
61 19 41390
61 20 22100
61 21 827
61 22 2415
61 23 23279
61 24 33601
61 25 51183
61 26 36725
61 27 26287
61 28 3232
61 29 19312
61 30 13159
61 31 44877
61 32 42073
61 33 17386
61 34 34537
61 35 43756
61 36 11379
61 37 19811
61 38 51723
61 39 49111
61 40 36864
61 41 22361
61 42 18796
61 43 18416
61 44 38499
61 45 24093
61 46 34863
61 47 12155
61 48 12044
61 49 31781
61 50 47667
61 51 28479
61 52 31395
61 53 46599
61 54 33306
61 55 52788
61 56 22760
61 57 27227
61 58 46559
61 59 47615
61 60 21617
61 62 7905
61 63 22639
61 64 1218
61 65 59099
61 66 59346
61 67 35121
61 68 24778
61 69 2740
61 70 24104
61 71 18904
61 72 49547
61 73 16873
61 74 8105
61 75 29701
61 76 29596
62 1 -1604
62 2 1040
62 3 20468
62 4 16514
62 5 17298
62 6 9216
62 7 28510
62 8 28241
62 9 30599
62 10 41467
62 11 41802
62 12 25073
62 13 31141
62 14 39439
62 15 23671
62 16 10501
62 17 19857
62 18 33116
62 19 34515
62 20 27549
62 21 5849
62 22 -1730
62 23 10593
62 24 19117
62 25 36030
62 26 24645
62 27 21102
62 28 -415
62 29 16504
62 30 6287
62 31 30708
62 32 26988
62 33 2155
62 34 26051
62 35 34880
62 36 18940
62 37 24593
62 38 39764
62 39 34779
62 40 22457
62 41 14208
62 42 12479
62 43 8598
62 44 23312
62 45 18669
62 46 26277
62 47 16128
62 48 10863
62 49 17237
62 50 32436
62 51 13771
62 52 24680
62 53 36829
62 54 29095
62 55 37560
62 56 11764
62 57 27115
62 58 33642
62 59 39848
62 60 31123
62 61 152
62 63 7937
62 64 1407
62 65 47438
62 66 48678
62 67 24640
62 68 12968
62 69 14210
62 70 31984
62 71 28532
62 72 35849
62 73 1748
62 74 3545
62 75 18167
62 76 17723
63 1 -1604
63 2 9047
63 3 8930
63 4 20796
63 5 28699
63 6 8499
63 7 28510
63 8 30965
63 9 21008
63 10 35576
63 11 39821
63 12 19479
63 13 38097
63 14 40451
63 15 33848
63 16 -1774
63 17 14775
63 18 19670
63 19 37689
63 20 39755
63 21 19608
63 22 8236
63 23 -803
63 24 4975
63 25 24282
63 26 22815
63 27 27677
63 28 13700
63 29 25949
63 30 15314
63 31 21996
63 32 16119
63 33 -1611
63 34 29390
63 35 36140
63 36 32386
63 37 36899
63 38 35723
63 39 26402
63 40 14818
63 41 11224
63 42 13087
63 43 6267
63 44 11929
63 45 26308
63 46 29105
63 47 29053
63 48 22246
63 49 3095
63 50 19912
63 51 7473
63 52 29608
63 53 36379
63 54 34821
63 55 24939
63 56 2115
63 57 36522
63 58 28467
63 59 40849
63 60 44654
63 61 13764
63 62 6815
63 64 5689
63 65 43586
63 66 46059
63 67 25744
63 68 15952
63 69 28297
63 70 45027
63 71 42207
63 72 29079
63 73 5968
63 74 15906
63 75 19634
63 76 17723
64 1 8535
64 2 22253
64 3 34344
64 4 37727
64 5 35018
64 6 29030
64 7 49463
64 8 49455
64 9 46503
64 10 60317
64 11 62435
64 12 43832
64 13 51558
64 14 60614
64 15 42117
64 16 23718
64 17 38623
64 18 42791
64 19 55696
64 20 42840
64 21 20280
64 22 3809
64 23 13322
64 24 25423
64 25 49184
64 26 44963
64 27 41855
64 28 16007
64 29 36244
64 30 26969
64 31 47479
64 32 41540
64 33 18707
64 34 47264
64 35 56037
64 36 32259
64 37 40277
64 38 59607
64 39 51788
64 40 39891
64 41 8329
64 42 5324
64 43 8598
64 44 37318
64 45 39320
64 46 47487
64 47 31913
64 48 29509
64 49 24917
64 50 44436
64 51 31515
64 52 45768
64 53 57780
64 54 49797
64 55 48900
64 56 9181
64 57 46048
64 58 52826
64 59 61044
64 60 42556
64 61 5944
64 62 13886
64 63 19290
64 65 67410
64 66 69162
64 67 45647
64 68 33939
64 69 23612
64 70 45125
64 71 39882
64 72 54061
64 73 19220
64 74 22700
64 75 39052
64 76 38374
65 1 45720
65 2 38729
65 3 32185
65 4 30656
65 5 42547
65 6 34710
65 7 12454
65 8 18381
65 9 17795
65 10 5163
65 11 -2605
65 12 17879
65 13 32800
65 14 8213
65 15 38961
65 16 36831
65 17 26734
65 18 34763
65 19 17054
65 20 49293
65 21 47512
65 22 52055
65 23 47292
65 24 37364
65 25 23691
65 26 22046
65 27 28795
65 28 49227
65 29 37745
65 30 36522
65 31 -5376
65 32 25789
65 33 39814
65 34 27767
65 35 16445
65 36 53073
65 37 50081
65 38 -4277
65 39 17140
65 40 20741
65 41 61175
65 42 62362
65 43 55856
65 44 30302
65 45 36308
65 46 23881
65 47 50512
65 48 41876
65 49 41460
65 50 31132
65 51 32188
65 52 26929
65 53 6103
65 54 20166
65 55 23708
65 56 50185
65 57 36963
65 58 6553
65 59 1265
65 60 61015
65 61 50433
65 62 46525
65 63 43795
65 64 54018
65 66 -2634
65 67 26456
65 68 36601
65 69 54598
65 70 58068
65 71 61502
65 72 13566
65 73 48178
65 74 44535
65 75 32926
65 76 26985
66 1 51183
66 2 43122
66 3 38897
66 4 34198
66 5 44336
66 6 39842
66 7 15541
66 8 19960
66 9 25009
66 10 12421
66 11 -2396
66 12 24086
66 13 33136
66 14 6332
66 15 39682
66 16 43055
66 17 32548
66 18 42035
66 19 16509
66 20 49746
66 21 50612
66 22 56856
66 23 53632
66 24 44391
66 25 30942
66 26 26943
66 27 30502
66 28 53348
66 29 39971
66 30 40052
66 31 1005
66 32 32857
66 33 45315
66 34 30524
66 35 17920
66 36 55013
66 37 51258
66 38 2385
66 39 24326
66 40 27285
66 41 67023
66 42 67934
66 43 61569
66 44 37168
66 45 38887
66 46 26457
66 47 52940
66 48 44623
66 49 48181
66 50 38380
66 51 38023
66 52 28812
66 53 7308
66 54 19124
66 55 30751
66 56 56603
66 57 37128
66 58 13220
66 59 -4352
66 60 61905
66 61 54180
66 62 51265
66 63 49768
66 64 59270
66 65 866
66 67 30324
66 68 41086
66 69 56957
66 70 58667
66 71 62912
66 72 20598
66 73 53352
66 74 48253
66 75 37354
66 76 31597
67 1 20630
67 2 10913
67 3 18084
67 4 2301
67 5 16464
67 6 9320
67 7 1888
67 8 3326
67 9 16889
67 10 18908
67 11 15404
67 12 7126
67 13 14185
67 14 13193
67 15 16181
67 16 16882
67 17 7836
67 18 30065
67 19 10022
67 20 26052
67 21 19214
67 22 24878
67 23 26747
67 24 24603
67 25 25759
67 26 2071
67 27 5255
67 28 21039
67 29 11164
67 30 8094
67 31 11469
67 32 18527
67 33 15328
67 34 3152
67 35 8635
67 36 26182
67 37 25066
67 38 14806
67 39 18210
67 40 9457
67 41 37360
67 42 37361
67 43 31576
67 44 18640
67 45 9308
67 46 1863
67 47 22971
67 48 14048
67 49 25023
67 50 26542
67 51 11024
67 52 4529
67 53 10203
67 54 8574
67 55 28530
67 56 29793
67 57 16422
67 58 11093
67 59 13686
67 60 36031
67 61 22028
67 62 19300
67 63 21526
67 64 27828
67 65 22029
67 66 22397
67 68 9106
67 69 26926
67 70 33999
67 71 35442
67 72 16129
67 73 22204
67 74 16106
67 75 5515
67 76 747
68 1 9566
68 2 -165
68 3 14706
68 4 2581
68 5 13699
68 6 -3
68 7 13263
68 8 13695
68 9 20030
68 10 27454
68 11 26559
68 12 11920
68 13 19883
68 14 24462
68 15 17054
68 16 9406
68 17 7753
68 18 28453
68 19 20296
68 20 24890
68 21 11078
68 22 13532
68 23 17436
68 24 19163
68 25 27593
68 26 9756
68 27 9478
68 28 10445
68 29 9352
68 30 571
68 31 18265
68 32 18644
68 33 4955
68 34 11659
68 35 19871
68 36 20958
68 37 22604
68 38 24928
68 39 22939
68 40 11245
68 41 26489
68 42 26157
68 43 20639
68 44 16573
68 45 8677
68 46 11674
68 47 17145
68 48 8455
68 49 18257
68 50 25963
68 51 5562
68 52 11443
68 53 21586
68 54 16634
68 55 30108
68 56 20234
68 57 19081
68 58 19485
68 59 24937
68 60 32495
68 61 11994
68 62 7937
68 63 12043
68 64 16429
68 65 32483
68 66 33468
68 67 9415
68 69 19983
68 70 31574
68 71 30882
68 72 22704
68 73 10961
68 74 6698
68 75 2916
68 76 2642
69 1 23437
69 2 18632
69 3 44117
69 4 26702
69 5 9061
69 6 29380
69 7 38454
69 8 34190
69 9 51402
69 10 57194
69 11 51529
69 12 43008
69 13 29042
69 14 44863
69 15 14746
69 16 35329
69 17 39133
69 18 57658
69 19 37601
69 20 9920
69 21 1014
69 22 15840
69 23 35770
69 24 44642
69 25 58626
69 26 39367
69 27 22863
69 28 12391
69 29 15791
69 30 15056
69 31 49164
69 32 49468
69 33 26961
69 34 33767
69 35 42100
69 36 151
69 37 9045
69 38 52796
69 39 54243
69 40 42617
69 41 36122
69 42 32725
69 43 31724
69 44 46598
69 45 22308
69 46 33876
69 47 6512
69 48 9952
69 49 42771
69 50 56118
69 51 35562
69 52 28914
69 53 45410
69 54 27270
69 55 60883
69 56 36003
69 57 18881
69 58 49297
69 59 43630
69 60 7546
69 61 -938
69 62 18285
69 63 33494
69 64 15208
69 65 59586
69 66 58445
69 67 36341
69 68 29089
69 70 10529
69 71 4937
69 72 53512
69 73 27228
69 74 12413
69 75 32926
69 76 32725
70 1 36324
70 2 27541
70 3 52155
70 4 29506
70 5 8577
70 6 36910
70 7 37398
70 8 31487
70 9 56209
70 10 57954
70 11 48376
70 12 46681
70 13 23095
70 14 39684
70 15 7914
70 16 45143
70 17 44506
70 18 65957
70 19 32194
70 20 -2948
70 21 12758
70 22 30519
70 23 48500
70 24 55190
70 25 64561
70 26 41900
70 27 20680
70 28 25198
70 29 16504
70 30 21175
70 31 51178
70 32 55968
70 33 37483
70 34 33544
70 35 39246
70 36 5106
70 37 3399
70 38 51756
70 39 58025
70 40 47774
70 41 50705
70 42 47676
70 43 45758
70 44 54109
70 45 23511
70 46 33025
70 47 12976
70 48 15039
70 49 53555
70 50 63472
70 51 43015
70 52 26991
70 53 42395
70 54 19566
70 55 67254
70 56 49611
70 57 10448
70 58 50549
70 59 36527
70 60 -1982
70 61 14987
70 62 30620
70 63 44785
70 64 31282
70 65 57617
70 66 54716
70 67 37975
70 68 35241
70 69 5090
70 71 3498
70 72 56077
70 73 38902
70 74 22181
70 75 37393
70 76 36593
71 1 30869
71 2 23700
71 3 49069
71 4 28407
71 5 7822
71 6 33847
71 7 38345
71 8 33086
71 9 54679
71 10 58284
71 11 50457
71 12 45556
71 13 25950
71 14 42607
71 15 10657
71 16 41184
71 17 42542
71 18 62860
71 19 35099
71 20 2454
71 21 7197
71 22 24164
71 23 43203
71 24 50995
71 25 62572
71 26 41191
71 27 21724
71 28 19583
71 29 15836
71 30 18370
71 31 51021
71 32 53637
71 33 33110
71 34 33906
71 35 41006
71 36 11
71 37 4229
71 38 52892
71 39 56956
71 40 45992
71 41 44468
71 42 41235
71 43 39784
71 44 51286
71 45 22879
71 46 33718
71 47 8966
71 48 12251
71 49 49209
71 50 60793
71 51 40088
71 52 28057
71 53 44329
71 54 23429
71 55 65108
71 56 43897
71 57 14226
71 58 50600
71 59 40401
71 60 -1355
71 61 7942
71 62 25323
71 63 40120
71 64 24194
71 65 59206
71 66 57116
71 67 37573
71 68 32704
71 69 -2347
71 70 1653
71 72 55546
71 73 33964
71 74 17752
71 75 35660
71 76 35187
72 1 30312
72 2 26570
72 3 14415
72 4 22227
72 5 37019
72 6 20975
72 7 10482
72 8 17886
72 9 449
72 10 2203
72 11 10940
72 12 2672
72 13 32597
72 14 17687
72 15 36422
72 16 19928
72 17 11795
72 18 17745
72 19 21541
72 20 46523
72 21 38051
72 22 38062
72 23 29977
72 24 19347
72 25 8589
72 26 11646
72 27 25251
72 28 37182
72 29 31713
72 30 26897
72 31 -8809
72 32 7797
72 33 24586
72 34 22767
72 35 18190
72 36 46428
72 37 45657
72 38 4139
72 39 -221
72 40 3637
72 41 44725
72 42 46484
72 43 39750
72 44 12340
72 45 29849
72 46 19946
72 47 42946
72 48 33945
72 49 23609
72 50 13832
72 51 16585
72 52 23749
72 53 12399
72 54 23767
72 55 10634
72 56 32702
72 57 36020
72 58 -2589
72 59 15612
72 60 56609
72 61 38929
72 62 32984
72 63 27336
72 64 38717
72 65 11614
72 66 15146
72 67 18604
72 68 24870
72 69 46572
72 70 54576
72 71 55890
72 73 33626
72 74 33856
72 75 21981
72 76 15978
73 1 -4465
73 2 1775
73 3 15737
73 4 16396
73 5 20582
73 6 6560
73 7 27167
73 8 27886
73 9 26408
73 10 38359
73 11 39973
73 12 21832
73 13 32488
73 14 38625
73 15 26422
73 16 5559
73 17 16551
73 18 28154
73 19 34432
73 20 31314
73 21 10445
73 22 1253
73 23 6469
73 24 14176
73 25 31381
73 26 22491
73 27 22181
73 28 4496
73 29 18780
73 30 8094
73 31 26853
73 32 22460
73 33 -2595
73 34 25785
73 35 34039
73 36 23354
73 37 28384
73 38 37242
73 39 30904
73 40 18630
73 41 12513
73 42 11944
73 43 6645
73 44 18640
73 45 20078
73 46 25863
73 47 20210
73 48 14048
73 49 12299
73 50 27612
73 51 9878
73 52 25094
73 53 35453
73 54 30014
73 55 32749
73 56 8273
73 57 29540
73 58 30686
73 59 39112
73 60 35605
73 61 5045
73 62 -2327
73 63 3015
73 64 2666
73 65 45016
73 66 46690
73 67 23469
73 68 11917
73 69 19078
73 70 36191
73 71 33098
73 72 32416
73 74 7146
73 75 16829
73 76 15978
74 1 8261
74 2 -234
74 3 25298
74 4 11112
74 5 7298
74 6 10550
74 7 24077
74 8 22041
74 9 32831
74 10 40393
74 11 37758
74 12 25073
74 13 22427
74 14 33567
74 15 13783
74 16 16982
74 17 20670
74 18 38947
74 19 27603
74 20 17735
74 21 -1741
74 22 5860
74 23 20060
74 24 26814
74 25 39799
74 26 22433
74 27 12967
74 28 -415
74 29 7116
74 30 -1323
74 31 31418
74 32 30622
74 33 8949
74 34 20128
74 35 29370
74 36 10145
74 37 14795
74 38 37253
74 39 36010
74 40 24080
74 41 24120
74 42 22034
74 43 18583
74 44 27739
74 45 10450
74 46 20460
74 47 6692
74 48 897
74 49 25068
74 50 37265
74 51 16699
74 52 17484
74 53 32100
74 54 20756
74 55 42018
74 56 21615
74 57 17384
74 58 32411
74 59 33638
74 60 22390
74 61 -520
74 62 2673
74 63 16156
74 64 9349
74 65 44576
74 66 44794
74 67 20574
74 68 10857
74 69 7466
74 70 22673
74 71 20089
74 72 35849
74 73 10349
74 75 15444
74 76 15362
75 1 13581
75 2 4260
75 3 14513
75 4 686
75 5 14970
75 6 2514
75 7 8855
75 8 9886
75 9 17471
75 10 23393
75 11 22089
75 12 8538
75 13 17891
75 14 20253
75 15 16976
75 16 11169
75 17 5569
75 18 27798
75 19 16591
75 20 25765
75 21 14528
75 22 17993
75 23 20341
75 24 20131
75 25 25618
75 26 5469
75 27 7746
75 28 14769
75 29 9979
75 30 3371
75 31 14724
75 32 17115
75 33 8431
75 34 8207
75 35 15678
75 36 23354
75 37 23911
75 38 20556
75 39 19859
75 40 8858
75 41 30369
75 42 30295
75 43 24562
75 44 15855
75 45 8515
75 46 7946
75 47 19678
75 48 10724
75 49 19799
75 50 24837
75 51 5925
75 52 8716
75 53 17175
75 54 13846
75 55 28306
75 56 23305
75 57 18348
75 58 15411
75 59 20745
75 60 34350
75 61 16177
75 62 12396
75 63 14985
75 64 20802
75 65 28068
75 66 28996
75 67 5084
75 68 2176
75 69 23080
75 70 32986
75 71 33098
75 72 19075
75 73 15133
75 74 10545
75 76 -1638
END
NODE_CONSUMPTION
0 1 18
0 2 26
0 3 11
0 4 30
0 5 21
0 6 19
0 7 15
0 8 16
0 9 29
0 10 26
0 11 37
0 12 16
0 13 12
0 14 31
0 15 8
0 16 19
0 17 20
0 18 13
0 19 15
0 20 22
0 21 28
0 22 12
0 23 6
0 24 27
0 25 14
0 26 18
0 27 17
0 28 29
0 29 13
0 30 22
0 31 25
0 32 28
0 33 27
0 34 19
0 35 10
0 36 12
0 37 14
0 38 24
0 39 16
0 40 33
0 41 15
0 42 11
0 43 18
0 44 17
0 45 21
0 46 27
0 47 19
0 48 20
0 49 5
0 50 22
0 51 12
0 52 19
0 53 22
0 54 16
0 55 7
0 56 26
0 57 14
0 58 21
0 59 24
0 60 13
0 61 15
0 62 18
0 63 11
0 64 28
0 65 9
0 66 37
0 67 30
0 68 10
0 69 8
0 70 11
0 71 3
0 72 1
0 73 6
0 74 10
0 75 20
END
