NAME : ./data/ESPPRC - Test Instances/P-n70-k10_b.simplified-vrp
SIZE : 71
DIRECTED : 1
CYCLIC : 1
ORIGIN : 0
DESTINATION : 70
RESOURCES : 1
RES_NAMES : 0
RES_TYPE
0 CAP
END
RES_BOUND
0 0 135
END
EDGE_COST
0 1 15995
0 2 5562
0 3 13089
0 4 310
0 5 14368
0 6 1233
0 7 7707
0 8 8259
0 9 12782
0 10 13312
0 11 9200
0 12 7319
0 13 15096
0 14 12143
0 15 18964
0 16 11473
0 17 1934
0 18 21772
0 19 14051
0 20 23014
0 21 11693
0 22 19789
0 23 24784
0 24 11428
0 25 21034
0 26 1322
0 27 9961
0 28 11993
0 29 13160
0 30 6332
0 31 7431
0 32 11939
0 33 6829
0 34 6487
0 35 14022
0 36 24729
0 37 21798
0 38 15429
0 39 14246
0 40 3285
0 41 25821
0 42 28089
0 43 22075
0 44 13923
0 45 7386
0 46 6970
0 47 17047
0 48 12591
0 49 22167
0 50 18313
0 51 6069
0 52 8103
0 53 13086
0 54 11137
0 55 23460
0 56 17943
0 57 16772
0 58 10586
0 59 12577
0 60 23966
0 61 16847
0 62 14368
0 63 15358
0 64 16387
0 65 24176
0 66 15247
0 67 431
0 68 5298
0 69 23087
1 2 5562
1 3 16464
1 4 19659
1 5 22429
1 6 8292
1 7 33163
1 8 32672
1 9 26397
1 10 34851
1 11 34248
1 12 27016
1 13 34594
1 14 37491
1 15 31811
1 16 6093
1 17 18469
1 18 23287
1 19 38349
1 20 30965
1 21 8168
1 22 -776
1 23 5929
1 24 4099
1 25 30089
1 26 25849
1 27 28920
1 28 1796
1 29 24986
1 30 13392
1 31 25068
1 32 20735
1 33 -2913
1 34 29774
1 35 39272
1 36 25799
1 37 28421
1 38 39109
1 39 30718
1 40 18263
1 41 766
1 42 2650
1 43 -3107
1 44 19326
1 45 22364
1 46 31018
1 47 18983
1 48 17994
1 49 12964
1 50 23344
1 51 13409
1 52 29738
1 53 38518
1 54 32965
1 55 30511
1 56 -2940
1 57 31884
1 58 32634
1 59 37939
1 60 26394
1 61 3873
1 62 253
1 63 1243
1 64 -8240
1 65 48123
1 66 40045
1 67 25526
1 68 17434
1 69 19011
1 70 17933
2 1 5099
2 3 17649
2 4 5967
2 5 9293
2 6 557
2 7 21350
2 8 19318
2 9 23663
2 10 27512
2 11 23427
2 12 20256
2 13 20049
2 14 24800
2 15 17838
2 16 10085
2 17 12120
2 18 27247
2 19 24701
2 20 18555
2 21 -338
2 22 5776
2 23 18479
2 24 11907
2 25 30277
2 26 15855
2 27 14422
2 28 -2472
2 29 10721
2 30 -986
2 31 20572
2 32 20149
2 33 -535
2 34 16286
2 35 26604
2 36 15706
2 37 16183
2 38 29988
2 39 26410
2 40 13882
2 41 15218
2 42 16207
2 43 11375
2 44 19934
2 45 7804
2 46 17722
2 47 7925
2 48 4975
2 49 20929
2 50 25251
2 51 9789
2 52 15594
2 53 26773
2 54 18556
2 55 32142
2 56 10798
2 57 17611
2 58 24820
2 59 25148
2 60 16308
2 61 2613
2 62 492
2 63 9489
2 64 3073
2 65 38727
2 66 29579
2 67 13404
2 68 5298
2 69 11801
2 70 7037
3 1 13561
3 2 15209
3 4 19239
3 5 31570
3 6 8292
3 7 22993
3 8 26448
3 9 4047
3 10 15632
3 11 19491
3 12 10468
3 13 34737
3 14 27060
3 15 37826
3 16 1057
3 17 5914
3 18 3165
3 19 31752
3 20 40888
3 21 23806
3 22 21763
3 23 13122
3 24 -7566
3 25 7208
3 26 15264
3 27 29541
3 28 19680
3 29 31080
3 30 21083
3 31 2896
3 32 -2203
3 33 5788
3 34 25915
3 35 30360
3 36 39727
3 37 38986
3 38 21925
3 39 9378
3 40 -561
3 41 18997
3 42 23595
3 43 16661
3 44 -3693
3 45 25894
3 46 25940
3 47 31846
3 48 28100
3 49 5498
3 50 1161
3 51 5024
3 52 27695
3 53 26470
3 54 30292
3 55 8347
3 56 5781
3 57 36133
3 58 14793
3 59 26713
3 60 40113
3 61 24398
3 62 18578
3 63 8030
3 64 13822
3 65 30841
3 66 24012
3 67 19233
3 68 18827
3 69 35944
3 70 12124
4 1 16959
4 2 3730
4 3 19442
4 5 7396
4 6 4055
4 7 9376
4 8 6590
4 9 19791
4 10 18713
4 11 11668
4 12 14104
4 13 9535
4 14 12143
4 15 12009
4 16 16078
4 17 8872
4 18 28563
4 19 12043
4 20 15942
4 21 6421
4 22 18444
4 23 28112
4 24 17125
4 25 28103
4 26 6944
4 27 3856
4 28 8949
4 29 6123
4 30 1234
4 31 13647
4 32 18941
4 33 8950
4 34 3558
4 35 14022
4 36 18194
4 37 14782
4 38 19567
4 39 21040
4 40 10356
4 41 27176
4 42 28640
4 43 23306
4 44 20602
4 45 315
4 46 5010
4 47 10737
4 48 6293
4 49 27232
4 50 25251
4 51 11516
4 52 3448
4 53 14580
4 54 6922
4 55 30531
4 56 21043
4 57 10135
4 58 16081
4 59 12446
4 60 17058
4 61 12977
4 62 13220
4 63 18492
4 64 15801
4 65 27908
4 66 17909
4 67 2046
4 68 5298
4 69 17125
4 70 -452
5 1 23600
5 2 10927
5 3 35644
5 4 11267
5 6 18090
5 7 23979
5 8 17448
5 9 37781
5 10 35696
5 11 25045
5 12 32128
5 13 9088
5 14 21996
5 15 -177
5 16 29634
5 17 26430
5 18 45298
5 19 19504
5 20 -1226
5 21 -2564
5 22 19208
5 23 38120
5 24 31518
5 25 45930
5 26 24769
5 27 7806
5 28 7874
5 29 1429
5 30 5430
5 31 31249
5 32 36404
5 33 19389
5 34 17103
5 35 25994
5 36 1673
5 37 -3147
5 38 35193
5 39 39055
5 40 28194
5 41 32691
5 42 32467
5 43 29198
5 44 37352
5 45 4424
5 46 18151
5 47 -2808
5 48 -954
5 49 40711
5 50 42445
5 51 27226
5 52 11989
5 53 27414
5 54 8305
5 55 48302
5 56 30035
5 57 801
5 58 33306
5 59 20645
5 60 -943
5 61 6214
5 62 17007
5 63 29398
5 64 16095
5 65 42802
5 66 31050
5 67 19212
5 68 19419
5 69 2487
5 70 17477
6 1 6818
6 2 -454
6 3 9721
6 4 5281
6 5 15445
6 7 16910
6 8 17045
6 9 15143
6 10 20069
6 11 18058
6 12 12353
6 13 21552
6 14 21354
6 15 22437
6 16 4223
6 17 3872
6 18 19444
6 19 22844
6 20 24832
6 21 8105
6 22 11511
6 23 16203
6 24 5806
6 25 21792
6 26 9661
6 27 15806
6 28 5589
6 29 15337
6 30 4820
6 31 12371
6 32 11689
6 33 -2373
6 34 14515
6 35 23197
6 36 23513
6 37 22797
6 38 23431
6 39 18058
6 40 5422
6 41 16605
6 42 18927
6 43 12857
6 44 11746
6 45 10708
6 46 15488
6 47 15616
6 48 11824
6 49 15474
6 50 17056
6 51 1427
6 52 15339
6 53 22242
6 54 18831
6 55 23754
6 56 9241
6 57 21351
6 58 17512
6 59 21792
6 60 23838
6 61 10773
6 62 6325
6 63 6598
6 64 7507
6 65 32365
6 66 23956
6 67 9468
6 68 3117
6 69 20206
6 70 1697
7 1 30137
7 2 18787
7 3 22870
7 4 9050
7 5 19782
7 6 15358
7 8 -481
7 9 14813
7 10 6180
7 11 -4144
7 12 10269
7 13 11744
7 14 -1768
7 15 20397
7 16 24259
7 17 11900
7 18 28323
7 19 2808
7 20 25639
7 21 21881
7 22 33477
7 23 38176
7 24 21858
7 25 23639
7 26 5088
7 27 10569
7 28 24640
7 29 18804
7 30 17014
7 31 2525
7 32 17895
7 33 20915
7 34 6487
7 35 994
7 36 31823
7 37 26183
7 38 4782
7 39 14246
7 40 9143
7 41 39915
7 42 42230
7 43 36196
7 44 22376
7 45 13244
7 46 3852
7 47 25121
7 48 21044
7 49 33946
7 50 24142
7 51 18731
7 52 6610
7 53 -984
7 54 3353
7 55 25755
7 56 31387
7 57 16053
7 58 4728
7 59 -1429
7 60 28782
7 61 28787
7 62 28063
7 63 29053
7 64 30384
7 65 12553
7 66 2099
7 67 4480
7 68 18827
7 69 31724
7 70 6619
8 1 30763
8 2 17872
8 3 27442
8 4 7381
8 5 14368
8 6 16610
8 7 636
8 9 21383
8 10 13119
8 11 45
8 12 16117
8 13 4742
8 14 -1768
8 15 13897
8 16 27228
8 17 15895
8 18 34183
8 19 -1742
8 20 19138
8 21 18236
8 22 32561
8 23 40569
8 24 26334
8 25 30277
8 26 9275
8 27 4806
8 28 22706
8 29 13956
8 30 14486
8 31 9528
8 32 23691
8 33 22146
8 34 3558
8 35 994
8 36 26637
8 37 20196
8 38 10975
8 39 21040
8 40 14638
8 41 40899
8 42 42626
8 43 37057
8 44 27439
8 45 9055
8 46 790
8 47 20535
8 48 16975
8 49 37662
8 50 30116
8 51 21707
8 52 1032
8 53 2414
8 54 -3233
8 55 32512
8 56 33705
8 57 9185
8 58 11799
8 59 -1635
8 60 22675
8 61 25995
8 62 27362
8 63 31076
8 64 29944
8 65 18048
8 66 6086
8 67 5486
8 68 18827
8 69 27028
8 70 8288
9 1 27755
9 2 25484
9 3 8308
9 4 23849
9 5 37968
9 6 17975
9 7 19197
9 8 24650
9 10 2964
9 11 9659
9 12 7278
9 13 35802
9 14 20396
9 15 41971
9 16 15594
9 17 10425
9 18 4149
9 19 28285
9 20 46452
9 21 33794
9 22 35375
9 23 27837
9 24 3131
9 25 -1912
9 26 15088
9 27 32094
9 28 31410
9 29 36733
9 30 29135
9 31 -11957
9 32 -3054
9 33 19025
9 34 27097
9 35 26358
9 36 48059
9 37 45388
9 38 10639
9 39 -3992
9 40 -1008
9 41 33858
9 42 38345
9 43 31416
9 44 5390
9 45 30887
9 46 26022
9 47 40241
9 48 35884
9 49 19335
9 50 33
9 51 15248
9 52 28961
9 53 19483
9 54 28895
9 55 450
9 56 20227
9 57 39042
9 58 4622
9 59 18441
9 60 47550
9 61 36548
9 62 31212
9 63 22611
9 64 28484
9 65 18954
9 66 12627
9 67 20541
9 68 26654
9 69 45732
9 70 16078
10 1 38078
10 2 31202
10 3 21762
10 4 24640
10 5 37752
10 6 24770
10 7 12433
10 8 18255
10 9 4833
10 11 -4922
10 12 11047
10 13 30548
10 14 8110
10 15 39174
10 16 27568
10 17 16959
10 18 19459
10 19 19067
10 20 44382
10 21 37549
10 22 44193
10 23 41201
10 24 18516
10 25 10879
10 26 15264
10 27 29147
10 28 37727
10 29 36482
10 30 32126
10 31 -16223
10 32 11939
10 33 28585
10 34 24344
10 35 17926
10 36 49346
10 37 44563
10 38 -4497
10 39 3547
10 40 8011
10 41 46022
10 42 49717
10 43 42958
10 44 19480
10 45 30607
10 46 22191
10 47 42092
10 48 37681
10 49 33694
10 50 15557
10 51 24179
10 52 25266
10 53 7907
10 54 20915
10 55 11299
10 56 34044
10 57 34919
10 58 -3414
10 59 4225
10 60 47182
10 61 42746
10 62 39081
10 63 34180
10 64 39299
10 65 3323
10 66 -2960
10 67 19561
10 68 31079
10 69 48525
10 70 18477
11 1 44742
11 2 34384
11 3 32888
11 4 24862
11 5 34368
11 6 30026
11 7 9376
11 8 12448
11 9 18795
11 10 2345
11 12 19649
11 13 23341
11 14 -5030
11 15 33354
11 16 36745
11 17 24286
11 18 33758
11 19 9027
11 20 38417
11 21 37549
11 22 48915
11 23 50888
11 24 31094
11 25 25805
11 26 18840
11 27 24806
11 28 40402
11 29 33836
11 30 32818
11 31 -3276
11 32 24849
11 33 35253
11 34 21982
11 35 10994
11 36 46632
11 37 40031
11 38 -3435
11 39 17380
11 40 18298
11 41 54030
11 42 56835
11 43 50493
11 44 31320
11 45 28599
11 46 19135
11 47 40370
11 48 36528
11 49 44870
11 50 29631
11 51 31794
11 52 20980
11 53 -1586
11 54 10951
11 55 26311
11 56 44034
11 57 27888
11 58 6397
11 59 -10809
11 60 42359
11 61 44597
11 62 43485
11 63 42494
11 64 45486
11 65 -376
11 66 -13708
11 67 20126
11 68 34253
11 69 46929
11 70 21632
12 1 22319
12 2 16022
12 3 8674
12 4 12107
12 5 26260
12 6 9130
12 7 8598
12 8 13329
12 9 1223
12 10 3123
12 11 4458
12 13 23920
12 14 11999
12 15 29945
12 16 12575
12 17 1152
12 18 13362
12 19 17808
12 20 34514
12 21 23449
12 22 28426
12 23 26641
12 24 7412
12 25 9996
12 26 3049
12 27 20055
12 28 22478
12 29 24953
12 30 18263
12 31 -4359
12 32 2888
12 33 12795
12 34 15088
12 35 16019
12 36 36811
12 37 33611
12 38 7712
12 39 2181
12 40 -5758
12 41 30635
12 42 34079
12 43 27401
12 44 7625
12 45 19051
12 46 14148
12 47 29121
12 48 24671
12 49 20516
12 50 9247
12 51 8440
12 52 16983
12 53 11295
12 54 17644
12 55 12435
12 56 19730
12 57 27013
12 58 882
12 59 11494
12 60 35926
12 61 27624
12 62 23408
12 63 18804
12 64 23535
12 65 16760
12 66 9426
12 67 8500
12 68 16266
12 69 35060
12 70 4560
13 1 32598
13 2 18516
13 3 35644
13 4 10239
13 5 5921
13 6 21030
13 7 12774
13 8 4655
13 9 32448
13 10 25325
13 11 10851
13 12 26621
13 14 6340
13 15 2761
13 16 33069
13 17 24236
13 18 43895
13 19 3642
13 20 7622
13 21 12823
13 22 31565
13 23 44877
13 24 33871
13 25 41327
13 26 18946
13 27 877
13 28 20493
13 29 8175
13 30 13038
13 31 21723
13 32 33598
13 33 25522
13 34 9487
13 35 12547
13 36 17872
13 37 9882
13 38 22941
13 39 32493
13 40 24484
13 41 42727
13 42 43498
13 43 38888
13 44 36319
13 45 6244
13 46 8828
13 47 13445
13 48 11774
13 49 44186
13 50 40109
13 51 28266
13 52 2505
13 53 13501
13 54 -8072
13 55 43716
13 56 37667
13 57 -2862
13 58 23888
13 59 4241
13 60 11763
13 61 21562
13 62 27348
13 63 35294
13 64 29133
13 65 29553
13 66 16348
13 67 13431
13 68 22101
13 69 18966
13 70 15038
14 1 43690
14 2 31462
14 3 36162
14 4 21042
14 5 27024
14 6 29027
14 7 7457
14 8 6340
14 9 25237
14 10 11082
14 11 -9325
14 12 22895
14 13 14535
14 15 24761
14 16 38122
14 17 25652
14 18 39895
14 19 -358
14 20 29430
14 21 31937
14 22 46226
14 23 52068
14 24 35046
14 25 33333
14 26 18946
14 27 17848
14 28 36570
14 29 27294
14 30 28373
14 31 6682
14 32 29935
14 33 34632
14 34 17296
14 35 5893
14 36 39299
14 37 31830
14 38 5996
14 39 24025
14 40 21900
14 41 53617
14 42 55722
14 43 49851
14 44 35283
14 45 22791
14 46 14391
14 47 33802
14 48 30601
14 49 47584
14 50 35642
14 51 32614
14 52 14577
14 53 -2586
14 54 881
14 55 34634
14 56 45279
14 57 18744
14 58 12790
14 59 -15212
14 60 33737
14 61 39858
14 62 40925
14 63 42927
14 64 43468
14 65 10245
14 66 -5177
14 67 17718
14 68 31959
14 69 40066
14 70 20280
15 1 30589
15 2 17079
15 3 39507
15 4 13487
15 5 -2570
15 6 22689
15 7 22201
15 8 14584
15 9 39391
15 10 34725
15 11 21638
15 12 33420
15 13 3535
15 14 17340
15 16 34777
15 17 29100
15 18 48797
15 19 14642
15 20 -2986
15 21 5493
15 22 27018
15 23 44556
15 24 36481
15 25 48000
15 26 25653
15 27 6013
15 28 15638
15 29 4919
15 30 11119
15 31 30862
15 32 39141
15 33 25371
15 34 16487
15 35 22920
15 36 7748
15 37 -998
15 38 33101
15 39 40051
15 40 30374
15 41 40074
15 42 40072
15 43 36456
15 44 40815
15 45 6660
15 46 16885
15 47 5121
15 48 6293
15 49 46019
15 50 45490
15 51 31273
15 52 10086
15 53 24148
15 54 1838
15 55 50460
15 56 36790
15 57 -7163
15 58 32776
15 59 14950
15 60 799
15 61 14236
15 62 24256
15 63 35423
15 64 24070
15 65 40092
15 66 27272
15 67 19805
15 68 23650
15 69 9048
15 70 19680
16 1 4575
16 2 9030
16 3 2442
16 4 17260
16 5 26945
16 6 4179
16 7 25767
16 8 27619
16 9 12718
16 10 22823
16 11 24733
16 12 15754
16 13 33547
16 14 30405
16 15 34481
16 17 8294
16 18 10210
16 19 33362
16 20 36334
16 21 16925
16 22 12912
16 23 6205
16 24 -6056
16 25 16076
16 26 17600
16 27 27865
16 28 11891
16 29 27294
16 30 16180
16 31 11554
16 32 6764
16 33 -2373
16 34 25762
16 35 32764
16 36 33635
16 37 34076
16 38 28202
16 39 17517
16 40 5786
16 41 10610
16 42 14824
16 43 7905
16 44 5307
16 45 22858
16 46 26384
16 47 25926
16 48 22862
16 49 3316
16 50 9512
16 51 3568
16 52 27022
16 53 30376
16 54 30389
16 55 16769
16 56 -618
16 57 33505
16 58 21196
16 59 30594
16 60 34299
16 61 16154
16 62 10365
16 63 -920
16 64 4950
16 65 37241
16 66 29924
16 67 19785
16 68 15281
16 69 28910
16 70 11893
17 1 15136
17 2 9250
17 3 5484
17 4 8239
17 5 21926
17 6 2013
17 7 11593
17 8 14471
17 9 5734
17 10 10399
17 11 10459
17 12 2516
17 13 22899
17 14 16120
17 15 26989
17 16 6479
17 18 13719
17 19 19917
17 20 30842
17 21 17292
17 22 21155
17 23 20602
17 24 4311
17 25 13404
17 26 3485
17 27 17972
17 28 15549
17 29 20894
17 30 12605
17 31 2385
17 32 3948
17 33 5578
17 34 13951
17 35 18798
17 36 31585
17 37 29405
17 38 14580
17 39 8164
17 40 -4149
17 41 23791
17 42 27006
17 43 20417
17 44 5956
17 45 15267
17 46 13901
17 47 23736
17 48 19434
17 49 15936
17 50 10264
17 51 1427
17 52 15801
17 53 15968
17 54 18250
17 55 15747
17 56 13796
17 57 24829
17 58 8050
17 59 16217
17 60 31305
17 61 20731
17 62 16194
17 63 12102
17 64 16328
17 65 23617
17 66 15890
17 67 7212
17 68 10101
17 69 29187
17 70 539
18 1 26940
18 2 31363
18 3 9721
18 4 34916
18 5 47780
18 6 24571
18 7 35002
18 8 39745
18 9 6444
18 10 19885
18 11 26917
18 12 21712
18 13 49544
18 14 37349
18 15 53672
18 16 15381
18 17 20705
18 19 44242
18 20 57047
18 21 39842
18 22 35614
18 23 21470
18 24 -8555
18 25 -894
18 26 28765
18 27 44796
18 28 35185
18 29 47152
18 30 37357
18 31 55
18 32 3077
18 33 20931
18 34 40498
18 35 42384
18 36 55974
18 37 55219
18 38 27797
18 39 13263
18 40 10983
18 41 28701
18 42 34446
18 43 27841
18 44 7729
18 45 41793
18 46 40062
18 47 48104
18 48 44377
18 49 12344
18 50 -5369
18 51 21273
18 52 42427
18 53 36425
18 54 44026
18 55 -4930
18 56 11926
18 57 51657
18 58 21843
18 59 35680
18 60 56389
18 61 39437
18 62 33684
18 63 21228
18 64 24727
18 65 35877
18 66 29608
18 67 33672
18 68 35032
18 69 51943
18 70 27363
19 1 38246
19 2 25061
19 3 34552
19 4 14640
19 5 18230
19 6 24215
19 7 5731
19 8 64
19 9 26824
19 10 15737
19 11 -1570
19 12 22402
19 13 5535
19 14 -6660
19 15 15761
19 16 34777
19 17 23147
19 18 40486
19 20 20478
19 21 23755
19 22 39585
19 23 48180
19 24 33519
19 25 35552
19 26 16334
19 27 9458
19 28 29347
19 29 18887
19 30 21083
19 31 12096
19 32 30046
19 33 29731
19 34 10909
19 35 3274
19 36 30456
19 37 22843
19 38 11934
19 39 26061
19 40 21205
19 41 48416
19 42 50029
19 43 44563
19 44 34307
19 45 14877
19 46 8320
19 47 25235
19 48 22389
19 49 45086
19 50 36307
19 51 29229
19 52 6767
19 53 1816
19 54 -7280
19 55 37496
19 56 41320
19 57 9807
19 58 15646
19 59 -7953
19 60 24744
19 61 32009
19 62 34528
19 63 38692
19 64 37077
19 65 17613
19 66 3527
19 67 13074
19 68 26320
19 69 31331
19 70 15886
20 1 35260
20 2 23313
20 3 48086
20 4 22937
20 5 1898
20 6 30601
20 7 32960
20 8 25342
20 9 49389
20 10 45450
20 11 32218
20 12 43506
20 13 13913
20 14 27526
20 15 2531
20 16 42147
20 17 38470
20 18 57689
20 19 24876
20 21 6421
20 22 29387
20 23 50153
20 24 44034
20 25 57799
20 26 35847
20 27 16631
20 28 18542
20 29 13160
20 30 17956
20 31 41520
20 32 48531
20 33 31745
20 34 27016
20 35 33637
20 36 4272
20 37 -4135
20 38 43865
20 39 50297
20 40 40055
20 41 43669
20 42 43020
20 43 40434
20 44 49707
20 45 15871
20 46 27555
20 47 6152
20 48 11288
20 49 53189
20 50 54699
20 51 39678
20 52 20794
20 53 34799
20 54 11137
20 55 60230
20 56 41781
20 57 1632
20 58 43425
20 59 24318
20 60 -9103
20 61 13661
20 62 28504
20 63 41700
20 64 25163
20 65 50794
20 66 37706
20 67 30046
20 68 31856
20 69 4592
20 70 29247
21 1 14309
21 2 6266
21 3 32850
21 4 15262
21 5 2406
21 6 15720
21 7 31048
21 8 26286
21 9 38577
21 10 40463
21 11 33196
21 12 34287
21 13 20960
21 14 31879
21 15 12856
21 16 24584
21 17 26766
21 18 42330
21 19 29999
21 20 8267
21 22 7375
21 23 29648
21 24 25926
21 25 45498
21 26 28375
21 27 17513
21 28 -3035
21 29 9985
21 30 5052
21 31 34650
21 32 35386
21 33 13108
21 34 24146
21 35 34595
21 36 2063
21 37 5907
21 38 41588
21 39 40926
21 40 28703
21 41 21835
21 42 21037
21 43 18821
21 44 35188
21 45 11272
21 46 25623
21 47 -3554
21 48 919
21 49 34704
21 50 40496
21 51 25041
21 52 20887
21 53 35768
21 54 20353
21 55 47404
21 56 20631
21 57 13833
21 58 37756
21 59 31403
21 60 2631
21 61 -6757
21 62 7659
21 63 22408
21 64 3458
21 65 49868
21 66 39427
21 67 24063
21 68 18899
21 69 -3459
21 70 19772
22 1 388
22 2 7403
22 3 25830
22 4 22308
22 5 19201
22 6 14149
22 7 37667
22 8 35634
22 9 35181
22 10 42130
22 11 39585
22 12 34287
22 13 34725
22 14 41191
22 15 29404
22 16 15594
22 17 25652
22 18 33125
22 19 40852
22 20 26256
22 21 2398
22 23 14612
22 24 13803
22 25 39580
22 26 31488
22 27 29611
22 28 -3035
22 29 23790
22 30 13415
22 31 33521
22 32 29935
22 33 5025
22 34 32612
22 35 43005
22 36 19783
22 37 23841
22 38 45512
22 39 39055
22 40 26359
22 41 4146
22 42 3065
22 43 1847
22 44 28662
22 45 22655
22 46 34078
22 47 14204
22 48 15384
22 49 22749
22 50 33016
22 51 21197
22 52 31498
22 53 43111
22 54 33767
22 55 40237
22 56 4105
22 57 30031
22 58 39627
22 59 41515
22 60 19750
22 61 -5180
22 62 69
22 63 11025
22 64 -13024
22 65 54400
22 66 45660
22 67 29716
22 68 21342
22 69 11356
22 70 22891
23 1 3069
23 2 16082
23 3 13165
23 4 27952
23 5 34089
23 6 14817
23 7 38342
23 8 39618
23 9 23619
23 10 35114
23 11 37534
23 12 28478
23 13 44013
23 14 43009
23 15 42918
23 16 4863
23 17 21075
23 18 14957
23 19 45423
23 20 42998
23 21 20647
23 22 10588
23 24 -6184
23 25 24289
23 26 30225
23 27 38213
23 28 14311
23 29 35770
23 30 24076
23 31 22323
23 32 17048
23 33 4058
23 34 37291
23 35 45187
23 36 38238
23 37 40477
23 38 40848
23 39 29101
23 40 18212
23 41 631
23 42 6580
23 43 481
23 44 15668
23 45 32295
23 46 38169
23 47 31231
23 48 29631
23 49 4146
23 50 16915
23 51 16119
23 52 38108
23 53 43111
23 54 41607
23 55 23046
23 56 -13388
23 57 42603
23 58 33772
23 59 43274
23 60 38880
23 61 15915
23 62 12623
23 63 2217
23 64 -3280
23 65 49868
23 66 42667
23 67 31816
23 68 25477
23 69 31517
23 70 23862
24 1 16346
24 2 24617
24 3 7584
24 4 32072
24 5 42594
24 6 19527
24 7 37131
24 8 40490
24 9 14020
24 10 27536
24 11 32847
24 12 24356
24 13 48114
24 14 41094
24 15 49950
24 16 7709
24 17 19891
24 18 39
24 19 45869
24 20 51986
24 21 32032
24 22 24886
24 23 8923
24 25 11051
24 26 29371
24 27 42642
24 28 26375
24 29 42825
24 30 31826
24 31 11127
24 32 7763
24 33 12626
24 34 39592
24 35 44502
24 36 49051
24 37 49724
24 38 34644
24 39 20486
24 40 13185
24 41 16062
24 42 22103
24 43 15817
24 44 8173
24 45 38166
24 46 39801
24 47 41434
24 48 38505
24 49 1167
24 50 3895
24 51 17385
24 52 41226
24 53 40414
24 54 44151
24 55 8200
24 56 -1191
24 57 48760
24 58 27707
24 59 40566
24 60 49764
24 61 29624
24 62 24534
24 63 11382
24 64 12208
24 65 43327
24 66 36813
24 67 33059
24 68 30591
24 69 43776
24 70 25613
25 1 32836
25 2 33487
25 3 12858
25 4 33550
25 5 47506
25 6 26013
25 7 29412
25 8 34933
25 9 -523
25 10 10399
25 11 18058
25 12 17440
25 13 46070
25 14 29881
25 15 51969
25 16 20341
25 17 19484
25 18 -1800
25 19 38402
25 20 56251
25 21 42104
25 22 41163
25 23 29896
25 24 1551
25 26 25239
25 27 42221
25 28 38742
25 29 46383
25 30 38057
25 31 -11238
25 32 1818
25 33 25164
25 34 37291
25 35 36491
25 36 57083
25 37 54974
25 38 18570
25 39 5486
25 40 8248
25 41 36851
25 42 42060
25 43 35196
25 44 9799
25 45 40625
25 46 36287
25 47 49197
25 48 44984
25 49 20572
25 50 -3123
25 51 22755
25 52 39183
25 53 29053
25 54 39154
25 55 -9746
25 56 21303
25 57 49199
25 58 13931
25 59 27158
25 60 56916
25 61 43646
25 62 37887
25 63 27129
25 64 32409
25 65 26094
25 66 19804
25 67 30655
25 68 35461
25 69 54200
25 70 25719
26 1 21149
26 2 11618
26 3 13467
26 4 4944
26 5 18898
26 6 6435
26 7 3414
26 8 6484
26 9 9030
26 10 7337
26 11 3646
26 12 3046
26 13 16242
26 14 8047
26 15 22175
26 16 14418
26 17 2118
26 18 20412
26 19 11737
26 20 26852
26 21 17534
26 22 25624
26 23 28385
26 24 12424
26 25 17792
26 27 12245
26 28 18072
26 29 17546
26 30 12114
26 31 1946
26 32 9983
26 33 11697
26 34 7304
26 35 10554
26 36 29898
26 37 26141
26 38 9384
26 39 9689
26 40 848
26 41 30598
26 42 33251
26 43 26982
26 44 13407
26 45 11602
26 46 6560
26 47 22401
26 48 17937
26 49 24179
26 50 16488
26 51 8916
26 52 9225
26 53 8218
26 54 10594
26 55 20239
26 56 21598
26 57 19204
26 58 4622
26 59 8290
26 60 28584
26 61 22924
26 62 20238
26 63 19398
26 64 21924
26 65 18185
26 66 9541
26 67 703
26 68 11360
26 69 28677
26 70 -1440
27 1 25653
27 2 11618
27 3 29177
27 4 3289
27 5 3368
27 6 14013
27 7 10328
27 8 3448
27 9 27469
27 10 22653
27 11 11045
27 12 21485
27 13 -394
27 14 8382
27 15 3968
27 16 26116
27 17 18038
27 18 37876
27 19 6294
27 20 9069
27 21 8105
27 22 25180
27 23 37806
27 24 27128
27 25 36207
27 26 13678
27 28 14385
27 29 3265
27 30 6436
27 31 18697
27 32 27814
27 33 18453
27 34 4297
27 35 11994
27 36 15644
27 37 9429
27 38 21488
27 39 27954
27 40 18825
27 41 35825
27 42 36741
27 43 31970
27 44 30077
27 45 -353
27 46 4734
27 47 9768
27 48 6740
27 49 37282
27 50 34282
27 51 21500
27 52 -1916
27 53 13414
27 54 -1990
27 55 38662
27 56 30601
27 57 801
27 58 20603
27 59 7699
27 60 12020
27 61 16451
27 62 20660
27 63 28225
27 64 22781
27 65 28899
27 66 17065
27 67 7852
27 68 15047
27 69 16138
27 70 8632
28 1 4857
28 2 1052
28 3 25644
28 4 14710
28 5 9764
28 6 10124
28 7 30727
28 8 27676
28 9 33113
28 10 37561
28 11 32969
28 12 30236
28 13 25550
28 14 33432
28 15 19921
28 16 16470
28 17 21943
28 18 34593
28 19 32511
28 20 17308
28 21 -6115
28 22 -1138
28 23 20232
28 24 17189
28 25 39056
28 26 25833
28 27 20713
28 29 14444
28 30 4820
28 31 30456
28 32 28952
28 33 4836
28 34 24789
28 35 35440
28 36 11548
28 37 14802
28 38 39923
28 39 36168
28 40 23509
28 41 12608
28 42 12120
28 43 9420
28 44 28235
28 45 13762
28 46 26319
28 47 5154
28 48 5903
28 49 25924
28 50 33352
28 51 18794
28 52 23030
28 53 36032
28 54 24726
28 55 40540
28 56 11145
28 57 20547
28 58 34869
28 59 33563
28 60 12084
28 61 -7337
28 62 -1590
28 63 13515
28 64 -3800
28 65 48598
28 66 39178
28 67 22903
28 68 15281
28 69 4933
28 70 16992
29 1 20804
29 2 7002
29 3 29801
29 4 4641
29 5 -3924
29 6 12629
29 7 17648
29 8 11683
29 9 31193
29 10 29073
29 11 19160
29 12 25468
29 13 5989
29 14 16913
29 15 1959
29 16 24630
29 17 20045
29 18 39317
29 19 14808
29 20 4683
29 21 -338
29 22 18444
29 23 34448
29 24 26396
29 25 39454
29 26 18064
29 27 2350
29 28 7201
29 30 1014
29 31 24554
29 32 30096
29 33 15198
29 34 10629
29 35 20181
29 36 7748
29 37 3383
29 38 28814
29 39 32382
29 40 21701
29 41 30586
29 42 30917
29 43 26859
29 44 31320
29 45 -2284
29 46 11821
29 47 1301
29 48 -1622
29 49 35857
29 50 36265
29 51 21444
29 52 6127
29 53 21559
29 54 5331
29 55 41862
29 56 26792
29 57 1632
29 58 26642
29 59 16206
29 60 5759
29 61 8225
29 62 14811
29 63 25246
29 64 15919
29 65 36598
29 66 25283
29 67 12510
29 68 13670
29 69 7815
29 70 10916
30 1 11917
30 2 -1998
30 3 22511
30 4 2459
30 5 2784
30 6 4819
30 7 18565
30 8 14920
30 9 26302
30 10 27424
30 11 20849
30 12 21485
30 13 13559
30 14 20699
30 15 10866
30 16 16223
30 17 14463
30 18 32229
30 19 19711
30 20 12186
30 21 -2564
30 22 10776
30 23 25461
30 24 18104
30 25 33835
30 26 15339
30 27 8228
30 28 284
30 29 3721
30 31 21743
30 32 23940
30 33 6288
30 34 12139
30 35 22827
30 36 11039
30 37 10030
30 38 28703
30 39 28286
30 40 16438
30 41 21866
30 42 22483
30 43 18078
30 44 24420
30 45 1306
30 46 13679
30 47 3159
30 48 -954
30 49 27338
30 50 29668
30 51 14129
30 52 10240
30 53 23656
30 54 12420
30 55 36034
30 56 17795
30 57 10617
30 58 24718
30 59 20773
30 60 11113
30 61 3803
30 62 6325
30 63 16342
30 64 8375
30 65 37106
30 66 27095
30 67 11171
30 68 6620
30 69 8811
30 70 6795
31 1 45284
31 2 41251
31 3 26015
31 4 36563
31 5 50294
31 6 34061
31 7 25767
31 8 31653
31 9 6901
31 10 766
31 11 6446
31 12 20554
31 13 43935
31 14 20699
31 15 52300
31 16 33288
31 17 25934
31 18 16618
31 19 32415
31 20 57441
31 21 48725
31 22 52573
31 23 45399
31 24 19096
31 25 6231
31 26 26862
31 27 42180
31 28 47611
31 29 48952
31 30 43434
31 32 14433
31 33 36290
31 34 37193
31 35 31378
31 36 61516
31 37 57325
31 38 7371
31 39 7916
31 40 15162
31 41 51570
31 42 56051
31 43 49126
31 44 23039
31 45 43013
31 46 35236
31 47 54012
31 48 49542
31 49 36581
31 50 14243
31 51 32078
31 52 38379
31 53 21024
31 54 34328
31 55 2874
31 56 37579
31 57 48235
31 58 8944
31 59 14962
31 60 59901
31 61 52791
31 62 48016
31 63 40294
31 64 46155
31 65 12478
31 66 5318
31 67 31816
31 68 41584
31 69 60189
31 70 29585
32 1 21539
32 2 21416
32 3 1504
32 4 22445
32 5 36037
32 6 13967
32 7 21725
32 8 26404
32 9 -3608
32 10 9516
32 11 15159
32 12 8389
32 13 36398
32 14 24540
32 15 41167
32 16 9086
32 17 8085
32 18 228
32 19 30953
32 20 45040
32 21 30049
32 22 29575
32 23 20712
32 24 -3680
32 25 -125
32 26 15487
32 27 31885
32 28 26695
32 29 35082
32 30 26219
32 31 -4979
32 33 13356
32 34 27358
32 35 29130
32 36 45223
32 37 43522
32 38 16681
32 39 2515
32 40 -2313
32 41 26949
32 42 31643
32 43 24710
32 44 -1594
32 45 29479
32 46 26806
32 47 37323
32 48 33206
32 49 12124
32 50 -3753
32 51 10676
32 52 29302
32 53 23656
32 54 30691
32 55 1843
32 56 13030
32 57 38843
32 58 9899
32 59 23402
32 60 45236
32 61 31654
32 62 25963
32 63 16084
32 64 21883
32 65 25310
32 66 18837
32 67 20541
32 68 23630
32 69 42160
32 70 14681
33 1 -1399
33 2 1442
33 3 10205
33 4 13164
33 5 19732
33 6 615
33 7 25455
33 8 25569
33 9 19181
33 10 26872
33 11 26273
33 12 19006
33 13 29032
33 14 29947
33 15 28107
33 16 659
33 17 10425
33 18 18792
33 19 31348
33 20 28964
33 21 8481
33 22 5375
33 23 8432
33 24 1893
33 25 23931
33 26 17911
33 27 23234
33 28 3289
33 29 20894
33 30 9277
33 31 17588
33 32 14066
33 34 22888
33 35 31799
33 36 25461
33 37 26552
33 38 31047
33 39 23142
33 40 10521
33 41 8025
33 42 10621
33 43 4327
33 44 12954
33 45 17265
33 46 23968
33 47 17906
33 48 15384
33 49 10739
33 50 17786
33 51 5464
33 52 23372
33 53 30725
33 54 26838
33 55 25045
33 56 1177
33 57 27645
33 58 24601
33 59 30381
33 60 26185
33 61 7693
33 62 1856
33 63 -920
33 64 -224
33 65 40061
33 66 32021
33 67 18068
33 68 10667
33 69 20379
33 70 10281
34 1 23826
34 2 10801
34 3 22870
34 4 310
34 5 9984
34 6 10041
34 7 3565
34 8 -481
34 9 19791
34 10 15169
34 11 5540
34 12 13837
34 13 5535
34 14 5149
34 15 11761
34 16 21332
34 17 11336
34 18 30897
34 19 5064
34 20 16773
34 21 12057
34 22 25500
34 23 34203
34 24 21397
34 25 28596
34 26 6056
34 27 1616
34 28 15780
34 29 8863
34 30 7666
34 31 11029
34 32 20606
34 33 15426
34 35 7174
34 36 21888
34 37 16708
34 38 14676
34 39 20169
34 40 11504
34 41 34004
34 42 35620
34 43 30147
34 44 23390
34 45 3244
34 46 -1974
34 47 15121
34 48 11080
34 49 32149
34 50 27115
34 51 16048
34 52 -1567
34 53 8134
34 54 1147
34 55 31034
34 56 27268
34 57 8443
34 58 12947
34 59 5399
34 60 19325
34 61 19383
34 62 20291
34 63 24620
34 64 22872
34 65 22553
34 66 11769
34 67 431
34 68 11910
34 69 21724
34 70 2477
35 1 33817
35 2 21612
35 3 27808
35 4 11267
35 5 19368
35 6 19216
35 7 -1435
35 8 -2552
35 9 19545
35 10 9244
35 11 -4955
35 12 15261
35 13 9088
35 14 -5761
35 15 18687
35 16 28827
35 17 16676
35 18 33276
35 19 -2078
35 20 23887
35 21 22999
35 22 36386
35 23 42592
35 24 26800
35 25 28289
35 26 9799
35 27 9806
35 28 26924
35 29 18908
35 30 18847
35 31 5707
35 32 22871
35 33 24830
35 34 7667
35 36 31635
35 37 25137
35 38 6392
35 39 18811
35 40 14143
35 41 43789
35 42 45834
35 43 40005
35 44 27366
35 45 13860
35 46 4734
35 47 25476
35 48 21808
35 49 38739
35 50 29078
35 51 23255
35 52 6003
35 53 -2586
35 54 -882
35 55 30278
35 56 35790
35 57 13674
35 58 8614
35 59 -5324
35 60 27571
35 61 30540
35 62 31058
35 63 33308
35 64 33583
35 65 13169
35 66 1103
35 67 7852
35 68 22060
35 69 31995
35 70 10505
36 1 24715
36 2 15085
36 3 41546
36 4 19810
36 5 -582
36 6 23903
36 7 33765
36 8 27462
36 9 45617
36 10 45035
36 11 35054
36 12 40424
36 13 18784
36 14 32016
36 15 7886
36 16 34069
36 17 33834
36 18 51237
36 19 29475
36 20 -1107
36 21 -5162
36 22 17535
36 23 40014
36 24 35720
36 25 53252
36 26 33514
36 27 17827
36 28 7403
36 29 10846
36 30 11430
36 31 40216
36 32 43335
36 33 22863
36 34 26752
36 35 36006
36 37 -2408
36 38 44939
36 39 47347
36 40 35791
36 41 32165
36 42 31225
36 43 29236
36 44 43636
36 45 13640
36 46 27930
36 47 -3476
36 48 4505
36 49 44574
36 50 48939
36 51 33312
36 52 21961
36 53 37425
36 54 17733
36 55 55438
36 56 31070
36 57 8842
36 58 42509
36 59 30479
36 60 -7639
36 61 1052
36 62 18007
36 63 32443
36 64 12694
36 65 52686
36 66 41085
36 67 28288
36 68 26036
36 69 -7065
36 70 25583
37 1 29178
37 2 17403
37 3 42646
37 4 18239
37 5 -3561
37 6 25028
37 7 29966
37 8 22862
37 9 44787
37 10 42093
37 11 30294
37 12 39065
37 13 12635
37 14 26388
37 15 981
37 16 36351
37 17 33495
37 18 52323
37 19 23703
37 20 -7673
37 21 523
37 22 23434
37 23 44094
37 24 38234
37 25 52984
37 26 31598
37 27 13453
37 28 12498
37 29 8322
37 30 12262
37 31 37866
37 32 43475
37 33 25795
37 34 23413
37 35 31349
37 36 -567
37 38 41134
37 39 45968
37 40 35241
37 41 37628
37 42 37031
37 43 34366
37 44 44395
37 45 11272
37 46 24250
37 47 121
37 48 5391
37 49 47322
37 50 49508
37 51 34229
37 52 17731
37 53 32711
37 54 11044
37 55 55364
37 56 35699
37 57 1594
37 58 39830
37 59 24168
37 60 -7596
37 61 8245
37 62 22421
37 63 35717
37 64 19473
37 65 48455
37 66 36091
37 67 25933
37 68 26443
37 69 590
37 70 24493
38 1 41145
38 2 32487
38 3 26864
38 4 24303
38 5 36058
38 6 26941
38 7 9844
38 8 14920
38 9 11317
38 10 -5688
38 11 -11893
38 12 14445
38 13 26973
38 14 1833
38 15 36359
38 16 31756
38 17 19949
38 18 26180
38 19 14073
38 20 41606
38 21 37483
38 22 46384
38 23 45744
38 24 24433
38 25 17859
38 26 16120
38 27 26791
38 28 38898
38 29 35032
38 30 32214
38 31 -10809
38 32 17913
38 33 31569
38 34 22660
38 35 13883
38 36 48059
38 37 42413
38 39 9913
38 40 12488
38 41 49802
38 42 53077
38 43 46488
38 44 24930
38 45 29369
38 46 20121
38 47 41209
38 48 36986
38 49 38918
38 50 22157
38 51 27474
38 52 22823
38 53 2456
38 54 16134
38 55 18250
38 56 38764
38 57 31547
38 58 -194
38 59 -2755
38 60 44987
38 61 43613
38 62 41048
38 63 37997
38 64 42259
38 65 -2447
38 66 -9326
38 67 19129
38 68 32223
38 69 47797
38 70 19403
39 1 29372
39 2 25527
39 3 10935
39 4 22394
39 5 36538
39 6 18186
39 7 15926
39 8 21603
39 9 -6696
39 10 -1026
39 11 5540
39 12 5532
39 13 33143
39 14 16480
39 15 39927
39 16 17689
39 17 10151
39 18 8264
39 19 24818
39 20 44656
39 21 33439
39 22 36545
39 23 30615
39 24 6893
39 25 1393
39 26 13043
39 27 29875
39 28 31761
39 29 35218
39 30 28415
39 31 -13646
39 32 365
39 33 20282
39 34 24771
39 35 22920
39 36 47085
39 37 43865
39 38 6531
39 40 -857
39 41 36201
39 42 40404
39 43 33509
39 44 8307
39 45 29300
39 46 23449
39 47 39365
39 48 34928
39 49 22521
39 50 4155
39 51 16048
39 52 26519
39 53 15593
39 54 25711
39 55 3395
39 56 23219
39 57 36698
39 58 586
39 59 14358
39 60 46212
39 61 36945
39 62 32007
39 63 24620
39 64 30384
39 65 14914
39 66 8559
39 67 18477
39 68 26178
39 69 45188
39 70 14838
40 1 19659
40 2 15741
40 3 3738
40 4 14452
40 5 28419
40 6 8292
40 7 13565
40 8 17943
40 9 -970
40 10 6180
40 11 9200
40 12 335
40 13 27876
40 14 17097
40 15 32992
40 16 8700
40 17 580
40 18 8726
40 19 22704
40 20 37156
40 21 23958
40 22 26591
40 23 22468
40 24 2334
40 25 6897
40 26 6944
40 27 23488
40 28 21844
40 29 27279
40 30 19309
40 31 -3658
40 32 -1721
40 33 10403
40 34 18848
40 35 20994
40 36 38271
40 37 35880
40 38 11848
40 39 1885
40 41 27176
40 42 31020
40 43 24200
40 44 2527
40 45 21528
40 46 18262
40 47 30432
40 48 26107
40 49 15729
40 50 4786
40 51 6069
40 52 20794
40 53 16376
40 54 22197
40 55 9318
40 56 15436
40 57 30475
40 58 4728
40 59 16537
40 60 37900
40 61 27020
40 62 22007
40 63 15358
40 64 20809
40 65 20837
40 66 13840
40 67 12046
40 68 16806
40 69 35884
40 70 6619
41 1 1719
41 2 16634
41 3 22853
41 4 30829
41 5 32473
41 6 19032
41 7 43894
41 8 43761
41 9 33453
41 10 43748
41 11 44489
41 12 36285
41 13 45676
41 14 48371
41 15 42249
41 16 13081
41 17 28077
41 18 26001
41 19 49472
41 20 40327
41 21 16647
41 22 3935
41 23 4444
41 24 4768
41 25 35057
41 26 36251
41 27 40045
41 28 10500
41 29 35721
41 30 24294
41 31 32307
41 32 27098
41 33 7464
41 34 40905
41 35 50197
41 36 34202
41 37 37824
41 38 48719
41 39 38500
41 40 26733
41 42 -3737
41 43 -5343
41 44 25587
41 45 33406
41 46 42115
41 47 28174
41 48 28197
41 49 15096
41 50 27746
41 51 22827
41 52 40918
41 53 49142
41 54 44126
41 55 34072
41 56 -9219
41 57 42529
41 58 41899
41 59 48811
41 60 34299
41 61 9014
41 62 10255
41 63 8261
41 64 -14256
41 65 57768
41 66 50075
41 67 36446
41 68 28547
41 69 25886
41 70 28712
42 1 1169
42 2 15189
42 3 25017
42 4 29859
42 5 29815
42 6 18920
42 7 43775
42 8 43054
42 9 35506
42 10 45009
42 11 44860
42 12 37295
42 13 44013
42 14 48042
42 15 39813
42 16 14861
42 17 28858
42 18 29312
42 19 48651
42 20 37244
42 21 13415
42 22 420
42 23 7959
42 24 8375
42 25 37832
42 26 36470
42 27 38527
42 28 7578
42 29 33618
42 30 22477
42 31 34354
42 32 29358
42 33 7626
42 34 40087
42 35 49808
42 36 30828
42 37 34793
42 38 49560
42 39 40269
42 40 28143
42 41 -6171
42 43 -4716
42 44 27832
42 45 31728
42 46 41397
42 47 25135
42 48 25709
42 49 18283
42 50 30631
42 51 23677
42 52 39754
42 53 49142
42 54 42710
42 55 37257
42 56 -5006
42 57 40256
42 58 42941
42 59 48488
42 60 30709
42 61 5085
42 62 8162
42 63 9760
42 64 -17625
42 65 58591
42 66 50622
42 67 36083
42 68 27851
42 69 22125
42 70 28546
43 1 -2753
43 2 12192
43 3 19918
43 4 26360
43 5 28381
43 6 14685
43 7 39576
43 8 39320
43 9 30412
43 10 40085
43 11 40353
43 12 32452
43 13 41238
43 14 44006
43 15 38032
43 16 9777
43 17 24104
43 18 24542
43 19 45020
43 20 36493
43 21 13034
43 22 1037
43 23 3695
43 24 3924
43 25 32803
43 26 32036
43 27 35591
43 28 6713
43 29 31395
43 30 19907
43 31 29264
43 32 24260
43 33 3167
43 34 36449
43 35 45814
43 36 30674
43 37 33963
43 38 44806
43 39 35209
43 40 23158
43 41 -5942
43 42 -2881
43 44 22735
43 45 28979
43 46 37671
43 47 24355
43 48 24037
43 49 13512
43 50 25645
43 51 18878
43 52 36446
43 53 44866
43 54 39661
43 55 32386
43 56 -7557
43 57 38243
43 58 38094
43 59 44450
43 60 30988
43 61 6467
43 62 6043
43 63 4702
43 64 -12589
43 65 53847
43 66 46019
43 67 32060
43 68 24095
43 69 22886
43 70 24367
44 1 16558
44 2 17629
44 3 -3558
44 4 20534
44 5 33413
44 6 10452
44 7 22634
44 8 26580
44 9 1264
44 10 13485
44 11 18058
44 12 9554
44 13 35547
44 14 26316
44 15 39269
44 16 4057
44 17 6521
44 18 1308
44 19 31642
44 20 42644
44 21 26279
44 22 24730
44 23 15760
44 24 -6842
44 25 4284
44 26 15339
44 27 30576
44 28 22406
44 29 32734
44 30 23127
44 31 55
44 32 -5166
44 33 8672
44 34 26570
44 35 30053
44 36 41952
44 37 40870
44 38 20126
44 39 6885
44 40 -1637
44 41 21866
44 42 26545
44 43 19613
44 45 27376
44 46 26384
44 47 34053
44 48 30159
44 49 7550
44 50 -1369
44 51 7066
44 52 28443
44 53 25585
44 54 30648
44 55 5631
44 56 8240
44 57 37348
44 58 13058
44 59 25704
44 60 42221
44 61 27211
44 62 21418
44 63 11025
44 64 16792
44 65 28954
44 66 22279
44 67 19785
44 68 20690
44 69 38421
44 70 13093
45 1 19659
45 2 5562
45 3 26092
45 4 310
45 5 548
45 6 9477
45 7 13565
45 8 8259
45 9 26824
45 10 24675
45 11 15400
45 12 21043
45 13 5535
45 14 13887
45 15 5177
45 16 21671
45 17 15895
45 18 35435
45 19 12275
45 20 8871
45 21 2426
45 22 18786
45 23 32450
45 24 23214
45 25 35173
45 26 13597
45 27 209
45 28 7996
45 29 -807
45 30 76
45 31 20092
45 32 25970
45 33 13046
45 34 6487
45 35 16610
45 36 12019
45 37 7810
45 38 24628
45 39 27941
45 40 17427
45 41 29748
45 42 30504
45 43 25920
45 44 27439
45 46 7832
45 47 5121
45 48 1195
45 49 32929
45 50 32231
45 51 17871
45 52 2905
45 53 17873
45 54 4366
45 55 37603
45 56 25064
45 57 3891
45 58 22209
45 59 13604
45 60 10229
45 61 10398
45 62 14368
45 63 22997
45 64 16387
45 65 32553
45 66 21591
45 67 8046
45 68 10387
45 69 11724
45 70 6619
46 1 25767
46 2 12934
46 3 23592
46 4 2459
46 5 11729
46 6 11711
46 7 1627
46 8 -2552
46 9 19413
46 10 13713
46 11 3390
46 12 13594
46 13 5573
46 14 2941
46 15 12856
46 16 22651
46 17 11983
46 18 31158
46 19 3172
46 20 18009
46 21 14231
46 22 27663
46 23 35778
46 24 22303
46 25 28289
46 26 6009
46 27 2750
46 28 18007
46 29 10752
46 30 9903
46 31 9769
46 32 20751
46 33 17203
46 34 -1277
46 35 4938
46 36 23763
46 37 18242
46 38 12834
46 39 19544
46 40 11615
46 41 35911
46 42 37627
46 43 32066
46 44 23901
46 45 5286
46 47 17140
46 48 13188
46 49 33301
46 50 27257
46 51 17228
46 52 -1039
46 53 5938
46 54 149
46 55 30683
46 56 28885
46 57 9112
46 58 11681
46 59 3227
46 60 20861
46 61 21613
46 62 22421
46 63 26239
46 64 24999
46 65 20571
46 66 9606
46 67 1046
46 68 13829
46 69 23737
46 70 3657
47 1 19401
47 2 8806
47 3 35167
47 4 13855
47 5 -3561
47 6 17508
47 7 28565
47 8 22862
47 9 39301
47 10 39283
47 11 30294
47 12 34236
47 13 15859
47 14 28021
47 15 6761
47 16 27862
47 17 27487
47 18 44869
47 19 25756
47 20 2275
47 21 -9277
47 22 13458
47 23 34509
47 24 29605
47 25 46868
47 26 27519
47 27 13453
47 28 2511
47 29 5901
47 30 5052
47 31 34214
47 32 36937
47 33 16810
47 34 21487
47 35 31349
47 36 -1974
47 37 -218
47 38 39591
47 39 41129
47 40 29454
47 41 27639
47 42 27034
47 43 24419
47 44 37239
47 45 8244
47 46 22809
47 48 -1700
47 49 38514
47 50 42538
47 51 26914
47 52 17306
47 53 32711
47 54 15182
47 55 49041
47 56 25903
47 57 7803
47 58 36684
47 59 27082
47 60 -1497
47 61 -744
47 62 12623
47 63 26538
47 64 9776
47 65 47553
47 66 36440
47 67 22505
47 68 19651
47 69 -3276
47 70 19403
48 1 16558
48 2 4002
48 3 29567
48 4 7557
48 5 -3561
48 6 11862
48 7 22634
48 8 17448
48 9 33090
48 10 33018
48 11 24598
48 12 27932
48 13 12334
48 14 22966
48 15 6079
48 16 22944
48 17 21331
48 18 39288
48 19 21056
48 20 5557
48 21 -6658
48 22 12784
48 23 31055
48 24 24822
48 25 40801
48 26 21201
48 27 8571
48 28 1406
48 29 1124
48 30 -915
48 31 27890
48 32 30966
48 33 12434
48 34 15592
48 35 25827
48 36 4153
48 37 3198
48 38 33514
48 39 34838
48 40 23275
48 41 25808
48 42 25754
48 43 22247
48 44 31491
48 45 2464
48 46 17003
48 47 -3554
48 49 33908
48 50 36735
48 51 21197
48 52 11989
48 53 27088
48 54 11704
48 55 43042
48 56 22971
48 57 6622
48 58 30398
48 59 22459
48 60 4044
48 61 1822
48 62 10035
48 63 22408
48 64 10049
48 65 41594
48 66 30800
48 67 16259
48 68 13638
48 69 2841
48 70 13093
49 1 9407
49 2 17835
49 3 4844
49 4 26375
49 5 35983
49 6 13391
49 7 33415
49 8 36014
49 9 14420
49 10 26910
49 11 30819
49 12 21656
49 13 42625
49 14 37828
49 15 43684
49 16 1277
49 17 15712
49 18 5134
49 19 41632
49 20 45337
49 21 25006
49 22 18028
49 23 3449
49 24 -14637
49 25 14268
49 26 25322
49 27 36992
49 28 19306
49 29 36482
49 30 25256
49 31 12808
49 32 7763
49 33 5668
49 34 34540
49 35 40637
49 36 42101
49 37 43008
49 38 33325
49 39 20310
49 40 10776
49 41 10586
49 42 16207
49 43 9601
49 44 6761
49 45 32077
49 46 34995
49 47 34539
49 48 31787
49 50 6879
49 51 12053
49 52 35961
49 53 37425
49 54 39200
49 55 13096
49 56 -4901
49 57 42723
49 58 26195
49 59 37719
49 60 42828
49 61 22613
49 62 17463
49 63 4311
49 64 6511
49 65 42232
49 66 35412
49 67 28288
49 68 24494
49 69 36714
49 70 20548
50 1 25252
50 2 27622
50 3 5972
50 4 29859
50 5 43182
50 6 20438
50 7 29076
50 8 33933
50 9 583
50 10 14238
50 11 21045
50 12 15852
50 13 44013
50 14 31351
50 15 48620
50 16 12938
50 17 15505
50 18 -7114
50 19 38318
50 20 52312
50 21 36263
50 22 33760
50 23 21683
50 24 -6444
50 25 -3962
50 26 23096
50 27 39457
50 28 32199
50 29 42355
50 30 33051
50 31 -4065
50 32 -2649
50 33 18180
50 34 34971
50 35 36441
50 36 51931
50 37 50659
50 38 22029
50 39 7409
50 40 5298
50 41 28701
50 42 34020
50 43 27199
50 44 3307
50 45 36844
50 46 34416
50 47 44028
50 48 40079
50 49 12344
50 51 17047
50 52 36914
50 53 30426
50 54 38238
50 55 -4100
50 56 13061
50 57 46395
50 58 15904
50 59 29737
50 60 52148
50 61 36844
50 62 31007
50 63 19473
50 64 24375
50 65 30249
50 66 23956
50 67 28152
50 68 30545
50 69 48406
50 70 22159
51 1 8924
51 2 5767
51 3 3442
51 4 9731
51 5 21570
51 6 -1584
51 7 17272
51 8 19131
51 9 9405
51 10 16467
51 11 16815
51 12 8652
51 13 25777
51 14 21930
51 15 28010
51 16 601
51 17 275
51 18 13135
51 19 24847
51 20 30898
51 21 14415
51 22 15548
51 23 14494
51 24 653
51 25 15523
51 26 9131
51 27 20282
51 28 11248
51 29 21141
51 30 11119
51 31 7377
51 32 5387
51 33 -535
51 34 17511
51 35 24225
51 36 29911
51 37 28987
51 38 20953
51 39 12909
51 40 188
51 41 17389
51 42 20673
51 43 14039
51 44 5349
51 45 16091
51 46 17994
51 47 22011
51 48 18148
51 49 11125
51 50 10654
51 52 18981
51 53 22037
51 54 22171
51 55 17393
51 56 7707
51 57 26541
51 58 14293
51 59 22179
51 60 30196
51 61 16347
51 62 11033
51 63 5725
51 64 10145
51 65 29996
51 66 22290
51 67 11325
51 68 8835
51 69 26541
51 70 3522
52 1 26316
52 2 12635
52 3 27176
52 4 2726
52 5 7396
52 6 13391
52 7 6214
52 8 -481
52 9 24181
52 10 18617
52 11 7064
52 12 18258
52 13 1079
52 14 4956
52 15 7886
52 16 25118
52 17 15712
52 18 35352
52 19 3448
52 20 13077
52 21 11324
52 22 26912
52 23 37546
52 24 25557
52 25 33014
52 26 10503
52 27 -2071
52 28 16547
52 29 6887
52 30 8293
52 31 14741
52 32 25076
52 33 18436
52 34 959
52 35 8036
52 36 19623
52 37 13552
52 38 17365
52 39 24443
52 40 15976
52 41 36543
52 42 37813
52 43 32670
52 44 27789
52 45 2188
52 46 790
52 47 13466
52 48 10003
52 49 36096
52 50 31584
52 51 20044
52 53 9440
52 54 -2540
52 55 35440
52 56 30510
52 57 4150
52 58 16663
52 59 4687
52 60 16139
52 61 19328
52 62 22007
52 63 27925
52 64 24463
52 65 24802
52 66 13144
52 67 4895
52 68 14781
52 69 19958
52 70 6619
53 1 38643
53 2 27361
53 3 29498
53 4 17405
53 5 26368
53 6 23841
53 7 2167
53 8 4448
53 9 18250
53 10 4805
53 11 -11955
53 12 16117
53 13 15622
53 14 -8660
53 15 25495
53 16 32019
53 17 19426
53 18 32897
53 19 2044
53 20 30629
53 21 29752
53 22 42072
53 23 46096
53 24 28292
53 25 26431
53 26 13043
53 27 16806
53 28 33096
53 29 25866
53 30 25256
53 31 933
53 32 22977
53 33 29336
53 34 14207
53 35 2994
53 36 38634
53 37 32079
53 38 545
53 39 17064
53 40 15105
53 41 48314
53 42 50748
53 43 44637
53 44 28478
53 45 20703
53 46 11314
53 47 32418
53 48 28649
53 49 41107
53 50 28643
53 51 26647
53 52 12987
53 54 4118
53 55 27874
53 56 39304
53 57 20217
53 58 5883
53 59 -9289
53 60 34458
53 61 37037
53 62 36661
53 63 37201
53 64 38980
53 65 6481
53 66 -5855
53 67 13074
53 68 27429
53 69 38959
53 70 15149
54 1 39386
54 2 25440
54 3 39616
54 4 16043
54 5 13555
54 6 26726
54 7 12800
54 8 5097
54 9 33958
54 10 24109
54 11 6878
54 12 28762
54 13 345
54 14 1103
54 15 9481
54 16 38328
54 17 28004
54 18 46794
54 19 -756
54 20 13263
54 21 20633
54 22 39024
54 23 50888
54 24 38325
54 25 42828
54 26 21715
54 27 7698
54 28 28086
54 29 15934
54 30 20316
54 31 20533
54 32 36308
54 33 31745
54 34 13516
54 35 10994
54 36 25238
54 37 16708
54 38 20519
54 39 33478
54 40 27222
54 41 49594
54 42 50612
54 43 45728
54 44 39837
54 45 13492
54 46 11821
54 47 21185
54 48 19561
54 49 49178
54 50 42751
54 51 33077
54 52 7303
54 53 10414
54 55 44987
54 56 43844
54 57 2736
54 58 23601
54 59 -2647
54 60 17820
54 61 29368
54 62 34551
54 63 41267
54 64 36621
54 65 26168
54 66 11585
54 67 17069
54 68 28101
54 69 26443
54 70 19496
55 1 40016
55 2 42110
55 3 20755
55 4 42736
55 5 56636
55 6 34733
55 7 38286
55 8 43926
55 9 8597
55 10 17577
55 11 25322
55 12 26637
55 13 55217
55 14 37940
55 15 61187
55 16 27792
55 17 28585
55 18 922
55 19 47104
55 20 65440
55 21 50768
55 22 48578
55 23 35411
55 24 5458
55 25 -2988
55 26 34444
55 27 51434
55 28 46984
55 29 55549
55 30 47014
55 31 -7837
55 32 10544
55 33 33036
55 34 46487
55 35 45238
55 36 66027
55 37 64112
55 38 25719
55 39 14246
55 40 17427
55 41 42624
55 42 48243
55 43 41537
55 44 17904
55 45 49813
55 46 45439
55 47 58128
55 48 53983
55 49 26158
55 50 3497
55 51 31383
55 52 48367
55 53 37254
55 54 48071
55 56 25958
55 57 58408
55 58 22209
55 59 34457
55 60 65975
55 61 51693
55 62 45859
55 63 34228
55 64 38567
55 65 32553
55 66 26055
55 67 39868
55 68 44418
55 69 62899
55 70 34903
56 1 6818
56 2 21019
56 3 18442
56 4 33501
56 5 38622
56 6 20473
56 7 44171
56 8 45372
56 9 28627
56 10 40575
56 11 43298
56 12 34185
56 13 49421
56 14 48838
56 15 47770
56 16 10658
56 17 26887
56 18 18031
56 19 51181
56 20 47244
56 21 24248
56 22 12699
56 23 -770
56 24 -3680
56 25 28314
56 26 36056
56 27 43626
56 28 17842
56 29 40732
56 30 29028
56 31 27121
56 32 21984
56 33 9421
56 34 42974
56 35 51003
56 36 41912
56 37 44700
56 38 46486
56 39 34323
56 40 23798
56 41 -414
56 42 6233
56 43 1847
56 44 20766
56 45 37527
56 46 43894
56 47 35243
56 48 34165
56 49 8414
56 50 20911
56 51 21950
56 52 43690
56 53 48937
56 54 47181
56 55 26211
56 57 47628
56 58 39381
56 59 49105
56 60 42384
56 61 18124
56 62 16522
56 63 7863
56 64 -4693
56 65 55489
56 66 48366
56 67 37590
56 68 31003
56 69 34478
56 70 29639
57 1 33829
57 2 20019
57 3 40981
57 4 14780
57 5 1575
57 6 24770
57 7 21024
57 8 13039
57 9 39629
57 10 33637
57 11 19339
57 12 33655
57 13 1079
57 14 14490
57 15 -3996
57 16 36968
57 17 30107
57 18 49949
57 19 11855
57 20 -718
57 21 9637
57 22 30812
57 23 47408
57 24 38458
57 25 48397
57 26 25849
57 27 6013
57 28 19431
57 29 7759
57 30 14037
57 31 29964
57 32 39984
57 33 28076
57 34 16336
57 35 21074
57 36 11871
57 37 2782
57 38 31456
57 39 39989
57 40 31024
57 41 43521
57 42 43682
57 43 39834
57 44 42061
57 45 8541
57 46 16308
57 47 9330
57 48 10003
57 49 48225
57 50 46432
57 51 32971
57 52 9517
57 53 22037
57 54 -1740
57 55 50848
57 56 39815
57 58 31986
57 59 11494
57 60 3721
57 61 18418
57 62 27700
57 63 38097
57 64 28001
57 65 38094
57 66 24718
57 67 20046
57 68 25677
57 69 13183
57 70 20655
58 1 32587
58 2 25236
58 3 17649
58 4 18734
58 5 32088
58 6 18939
58 7 7707
58 8 13661
58 9 3217
58 10 -6688
58 11 -4144
58 12 5532
58 13 25837
58 14 6544
58 15 33951
58 16 22667
58 17 11336
58 18 18143
58 19 15702
58 20 39083
58 21 31568
58 22 38416
58 23 36585
58 24 15413
58 25 11137
58 26 9275
58 27 23823
58 28 31761
58 29 30777
58 30 26146
58 31 -11319
58 32 9048
58 33 23040
58 34 18848
58 35 14022
58 36 43546
58 37 39026
58 38 -2277
58 39 1885
58 40 3285
58 41 40899
58 42 44375
58 43 37693
58 44 15779
58 45 24867
58 46 16885
58 47 36219
58 48 31787
58 49 29705
58 50 13949
58 51 18731
58 52 20038
58 53 5711
58 54 17133
58 55 12657
58 56 29576
58 57 29994
58 59 4423
58 60 41625
58 61 36761
58 62 33238
58 63 29053
58 64 33790
58 65 6695
58 66 -179
58 67 13728
58 68 25092
58 69 42610
58 70 12477
59 1 54320
59 2 41992
59 3 45997
59 4 31527
59 5 35855
59 6 39647
59 7 17978
59 8 16655
59 9 33464
59 10 17379
59 11 -4922
59 12 32572
59 13 22618
59 14 -5030
59 15 32553
59 16 48493
59 17 35931
59 18 48408
59 19 8531
59 20 36404
59 21 41643
59 22 56732
59 23 62515
59 24 44700
59 25 40792
59 26 29371
59 27 27347
59 28 46883
59 29 36769
59 30 38629
59 31 11127
59 32 38979
59 33 45248
59 34 27728
59 35 16512
59 36 47944
59 37 39792
59 38 11590
59 39 32085
59 40 31522
59 41 64239
59 42 66350
59 43 60477
59 44 44853
59 45 32690
59 46 24859
59 47 43045
59 48 40276
59 49 57657
59 50 44210
59 51 43045
59 52 24490
59 53 6967
59 54 7313
59 55 41333
59 56 55728
59 57 25930
59 58 20851
59 60 40998
59 61 49844
59 62 51471
59 63 53462
59 64 54035
59 65 13434
59 66 -5724
59 67 28348
59 68 42571
59 69 48970
59 70 30896
60 1 36234
60 2 26611
60 3 52856
60 4 29598
60 5 7726
60 6 35152
60 7 41648
60 8 34424
60 9 56032
60 10 53795
60 11 41705
60 12 50463
60 13 23599
60 14 37378
60 15 11861
60 16 45657
60 17 44478
60 18 62576
60 19 34687
60 20 -3558
60 21 6330
60 22 28426
60 23 51580
60 24 47357
60 25 64009
60 26 43124
60 27 25127
60 28 18863
60 29 19781
60 30 22428
60 31 49525
60 32 54272
60 33 34511
60 34 35113
60 35 42866
60 36 3285
60 37 1487
60 38 52791
60 39 57398
60 40 46344
60 41 43186
60 42 42030
60 43 40474
60 44 54829
60 45 22774
60 46 35952
60 47 7925
60 48 15320
60 49 56225
60 50 60080
60 51 44521
60 52 29401
60 53 44173
60 54 21239
60 55 66310
60 56 42466
60 57 11616
60 58 51512
60 59 34457
60 61 10684
60 62 29584
60 63 44105
60 64 22385
60 65 60022
60 66 47371
60 67 37531
60 68 36967
60 69 -276
60 70 35744
61 1 11799
61 2 11002
61 3 35227
61 4 23603
61 5 12969
61 6 20173
61 7 39739
61 8 35830
61 9 43116
61 10 47445
61 11 42029
61 12 40247
61 13 31484
61 14 41585
61 15 23384
61 16 25598
61 17 31990
61 18 43710
61 19 40038
61 20 17292
61 21 -4972
61 22 1582
61 23 26701
61 24 25303
61 25 48825
61 26 35550
61 27 27644
61 28 -2472
61 29 20333
61 30 13204
61 31 40501
61 32 38776
61 33 14105
61 34 33257
61 35 43921
61 36 10062
61 37 15414
61 38 49503
61 39 46217
61 40 33550
61 41 15987
61 42 14492
61 43 14039
61 44 37905
61 45 21029
61 46 34790
61 47 6764
61 48 11184
61 49 34096
61 50 42862
61 51 28758
61 52 30676
61 53 44838
61 54 30873
61 55 50114
61 56 16292
61 57 24399
61 58 44734
61 59 41389
61 60 8770
61 62 7239
61 63 21841
61 64 -5601
61 65 58066
61 66 48272
61 67 32154
61 68 25092
61 69 -134
61 70 26711
62 1 -1215
62 2 -513
62 3 20013
62 4 14452
62 5 14368
62 6 6331
62 7 29621
62 8 27803
62 9 28386
62 10 34386
62 11 31523
62 12 26637
62 13 27876
62 14 33258
62 15 24010
62 16 10415
62 17 18059
62 18 28563
62 19 33163
62 20 22741
62 21 50
62 22 -2563
62 23 14015
62 24 10819
62 25 33672
62 26 23470
62 27 22459
62 28 -6119
62 29 17525
62 30 6332
62 31 26332
62 32 23691
62 33 -1126
62 34 24771
62 35 35045
62 36 17623
62 37 20196
62 38 37544
62 39 31885
62 40 19143
62 41 7834
62 42 8175
62 43 4221
62 44 22718
62 45 15605
62 46 26204
62 47 10737
62 48 10003
62 49 19552
62 50 27631
62 51 14050
62 52 23961
62 53 35068
62 54 26662
62 55 34886
62 56 5296
62 57 24287
62 58 31817
62 59 33622
62 60 18276
62 61 -2155
62 63 7139
62 64 -5412
62 65 46405
62 66 37604
62 67 21673
62 68 13282
62 69 11336
62 70 14838
63 1 -1215
63 2 7494
63 3 8475
63 4 18734
63 5 25769
63 6 5614
63 7 29621
63 8 30527
63 9 18795
63 10 28495
63 11 29542
63 12 21043
63 13 34832
63 14 34270
63 15 34187
63 16 -1860
63 17 12977
63 18 15117
63 19 36337
63 20 34947
63 21 13809
63 22 7403
63 23 2619
63 24 -3323
63 25 21924
63 26 21640
63 27 29034
63 28 7996
63 29 26970
63 30 15359
63 31 17620
63 32 12822
63 33 -4892
63 34 28110
63 35 36305
63 36 31069
63 37 32502
63 38 33503
63 39 23508
63 40 11504
63 41 4850
63 42 8783
63 43 1890
63 44 11335
63 45 23244
63 46 29032
63 47 23662
63 48 21386
63 49 5410
63 50 15107
63 51 7752
63 52 28889
63 53 34618
63 54 32388
63 55 22265
63 56 -4353
63 57 33694
63 58 26642
63 59 34623
63 60 31807
63 61 11457
63 62 6149
63 64 -1130
63 65 42553
63 66 34985
63 67 22777
63 68 16266
63 69 25423
63 70 14838
64 1 8924
64 2 20700
64 3 33889
64 4 35665
64 5 32088
64 6 26145
64 7 50574
64 8 49017
64 9 44290
64 10 53236
64 11 52156
64 12 45396
64 13 48293
64 14 54433
64 15 42456
64 16 23632
64 17 36825
64 18 38238
64 19 54344
64 20 38032
64 21 14481
64 22 2976
64 23 16744
64 24 17125
64 25 46826
64 26 43788
64 27 43212
64 28 10303
64 29 37265
64 30 27014
64 31 43103
64 32 38243
64 33 15426
64 34 45984
64 35 56202
64 36 30942
64 37 35880
64 38 57387
64 39 48894
64 40 36577
64 41 1955
64 42 1020
64 43 4221
64 44 36724
64 45 36256
64 46 47414
64 47 26522
64 48 28649
64 49 27232
64 50 39631
64 51 31794
64 52 45049
64 53 56019
64 54 47364
64 55 46226
64 56 2713
64 57 43220
64 58 51001
64 59 54818
64 60 29709
64 61 3637
64 62 13220
64 63 18492
64 65 66377
64 66 58088
64 67 42680
64 68 34253
64 69 20738
64 70 35489
65 1 46109
65 2 37176
65 3 31730
65 4 28594
65 5 39617
65 6 31825
65 7 13565
65 8 17943
65 9 15582
65 10 -1918
65 11 -12884
65 12 19443
65 13 29535
65 14 2032
65 15 39300
65 16 36745
65 17 24936
65 18 30210
65 19 15702
65 20 44485
65 21 41713
65 22 51222
65 23 50714
65 24 29066
65 25 21333
65 26 20871
65 27 30152
65 28 43523
65 29 38766
65 30 36567
65 31 -9752
65 32 22492
65 33 36533
65 34 26487
65 35 16610
65 36 51756
65 37 45684
65 38 -6497
65 39 14246
65 40 17427
65 41 54801
65 42 58058
65 43 51479
65 44 29708
65 45 33244
65 46 23808
65 47 45121
65 48 41016
65 49 43775
65 50 26327
65 51 32467
65 52 26210
65 53 4342
65 54 17733
65 55 21034
65 56 43717
65 57 34135
65 58 4728
65 59 -4961
65 60 48168
65 61 48126
65 62 45859
65 63 42997
65 64 47199
65 66 -13708
65 67 23489
65 68 36915
65 69 51724
65 70 24100
66 1 51572
66 2 41569
66 3 38442
66 4 32136
66 5 41406
66 6 36957
66 7 16652
66 8 19522
66 9 22796
66 10 5340
66 11 -12675
66 12 25650
66 13 29871
66 14 151
66 15 40021
66 16 42969
66 17 30750
66 18 37482
66 19 15157
66 20 44938
66 21 44813
66 22 56023
66 23 57054
66 24 36093
66 25 28584
66 26 25768
66 27 31859
66 28 47644
66 29 40992
66 30 40097
66 31 -3371
66 32 29560
66 33 42034
66 34 29244
66 35 18085
66 36 53696
66 37 46861
66 38 165
66 39 21432
66 40 23971
66 41 60649
66 42 63630
66 43 57192
66 44 36574
66 45 35823
66 46 26384
66 47 47549
66 48 43763
66 49 50496
66 50 33575
66 51 38302
66 52 28093
66 53 5547
66 54 16691
66 55 28077
66 56 50135
66 57 34300
66 58 11395
66 59 -10578
66 60 49058
66 61 51873
66 62 50599
66 63 48970
66 64 52451
66 65 -167
66 67 27357
66 68 41400
66 69 54083
66 70 28712
67 1 21019
67 2 9360
67 3 17629
67 4 239
67 5 13534
67 6 6435
67 7 2999
67 8 2888
67 9 14676
67 10 11827
67 11 5125
67 12 8690
67 13 10920
67 14 7012
67 15 16520
67 16 16796
67 17 6038
67 18 25512
67 19 8670
67 20 21244
67 21 13415
67 22 24045
67 23 30169
67 24 16305
67 25 23401
67 26 896
67 27 6612
67 28 15335
67 29 12185
67 30 8139
67 31 7093
67 32 15230
67 33 12047
67 34 1872
67 35 8800
67 36 24865
67 37 20669
67 38 12586
67 39 15316
67 40 6143
67 41 30986
67 42 33057
67 43 27199
67 44 18046
67 45 6244
67 46 1790
67 47 17580
67 48 13188
67 49 27338
67 50 21737
67 51 11303
67 52 3810
67 53 8442
67 54 6141
67 55 25856
67 56 23325
67 57 13594
67 58 9268
67 59 7460
67 60 23184
67 61 19721
67 62 18634
67 63 20728
67 64 21009
67 65 20996
67 66 11323
67 68 9420
67 69 24052
67 70 -2138
68 1 9955
68 2 -1718
68 3 14251
68 4 519
68 5 10769
68 6 -2888
68 7 14374
68 8 13257
68 9 17817
68 10 20373
68 11 16280
68 12 13484
68 13 16618
68 14 18281
68 15 17393
68 16 9320
68 17 5955
68 18 23900
68 19 18944
68 20 20082
68 21 5279
68 22 12699
68 23 20858
68 24 10865
68 25 25235
68 26 8581
68 27 10835
68 28 4741
68 29 10373
68 30 616
68 31 13889
68 32 15347
68 33 1674
68 34 10379
68 35 20036
68 36 19641
68 37 18207
68 38 22708
68 39 20045
68 40 7931
68 41 20115
68 42 21853
68 43 16262
68 44 15979
68 45 5613
68 46 11601
68 47 11754
68 48 7595
68 49 20572
68 50 21158
68 51 5841
68 52 10724
68 53 19825
68 54 14201
68 55 27434
68 56 13766
68 57 16253
68 58 17660
68 59 18711
68 60 19648
68 61 9687
68 62 7271
68 63 11245
68 64 9610
68 65 31450
68 66 22394
68 67 6448
68 69 17109
68 70 -243
69 1 23826
69 2 17079
69 3 43662
69 4 24640
69 5 6131
69 6 26495
69 7 39565
69 8 33752
69 9 49189
69 10 50113
69 11 41250
69 12 44572
69 13 25777
69 14 38682
69 15 15085
69 16 35243
69 17 37335
69 18 53105
69 19 36249
69 20 5112
69 21 -4785
69 22 15007
69 23 39192
69 24 36344
69 25 56268
69 26 38192
69 27 24220
69 28 6687
69 29 16812
69 30 15101
69 31 44788
69 32 46171
69 33 23680
69 34 32487
69 35 42265
69 36 -1166
69 37 4648
69 38 50576
69 39 51349
69 40 39303
69 41 29748
69 42 28421
69 43 27347
69 44 46004
69 45 19244
69 46 33803
69 47 1121
69 48 9092
69 49 45086
69 50 51313
69 51 35841
69 52 28195
69 53 43649
69 54 24837
69 55 58209
69 56 29535
69 57 16053
69 58 47472
69 59 37404
69 60 -5301
69 61 -3245
69 62 17619
69 63 32696
69 64 8389
69 65 58553
69 66 47371
69 67 33374
69 68 29403
69 70 29840
END
NODE_CONSUMPTION
0 1 18
0 2 26
0 3 11
0 4 30
0 5 21
0 6 19
0 7 15
0 8 16
0 9 29
0 10 26
0 11 37
0 12 16
0 13 12
0 14 31
0 15 8
0 16 19
0 17 20
0 18 13
0 19 15
0 20 22
0 21 28
0 22 12
0 23 6
0 24 27
0 25 14
0 26 18
0 27 17
0 28 29
0 29 13
0 30 22
0 31 25
0 32 28
0 33 27
0 34 19
0 35 10
0 36 12
0 37 14
0 38 24
0 39 16
0 40 33
0 41 15
0 42 11
0 43 18
0 44 17
0 45 21
0 46 27
0 47 19
0 48 20
0 49 5
0 50 22
0 51 12
0 52 19
0 53 22
0 54 16
0 55 7
0 56 26
0 57 14
0 58 21
0 59 24
0 60 13
0 61 15
0 62 18
0 63 11
0 64 28
0 65 9
0 66 37
0 67 30
0 68 10
0 69 8
END
