NAME : ./data/ESPPRC - Test Instances/P-n76-k5_a.simplified-vrp
SIZE : 77
DIRECTED : 1
CYCLIC : 1
ORIGIN : 0
DESTINATION : 76
RESOURCES : 1
RES_NAMES : 0
RES_TYPE
0 CAP
END
RES_BOUND
0 0 280
END
EDGE_COST
0 1 15617
0 2 6760
0 3 13193
0 4 2776
0 5 16879
0 6 3797
0 7 7205
0 8 8505
0 9 14433
0 10 19251
0 11 17194
0 12 6136
0 13 17743
0 14 16558
0 15 18462
0 16 12287
0 17 3274
0 18 26209
0 19 15852
0 20 27307
0 21 16072
0 22 20401
0 23 22125
0 24 17858
0 25 24505
0 26 2108
0 27 9305
0 28 16266
0 29 12827
0 30 6351
0 31 11014
0 32 14097
0 33 10811
0 34 7992
0 35 13290
0 36 25682
0 37 25249
0 38 17064
0 39 16060
0 40 5957
0 41 32898
0 42 31724
0 43 25845
0 44 14374
0 45 8604
0 46 6497
0 47 22055
0 48 13820
0 49 20012
0 50 21597
0 51 5378
0 52 7760
0 53 16049
0 54 12910
0 55 25223
0 56 22730
0 57 19413
0 58 12356
0 59 17299
0 60 33706
0 61 19363
0 62 15146
0 63 14663
0 64 21380
0 65 25786
0 66 24170
0 67 2076
0 68 5454
0 69 25422
0 70 38130
0 71 35147
0 72 15499
0 73 16441
0 74 14207
0 75 1067
1 2 6760
1 3 16568
1 4 22125
1 5 24940
1 6 10856
1 7 32661
1 8 32918
1 9 28048
1 10 40790
1 11 42242
1 12 25833
1 13 37241
1 14 41906
1 15 31309
1 16 6907
1 17 19809
1 18 27724
1 19 40150
1 20 35258
1 21 12547
1 22 -164
1 23 3270
1 24 10529
1 25 33560
1 26 26635
1 27 28264
1 28 6069
1 29 24653
1 30 13411
1 31 28651
1 32 22893
1 33 1069
1 34 31279
1 35 38540
1 36 26752
1 37 31872
1 38 40744
1 39 32532
1 40 20935
1 41 7843
1 42 6285
1 43 663
1 44 19777
1 45 23582
1 46 30545
1 47 23991
1 48 19223
1 49 10809
1 50 26628
1 51 12718
1 52 29395
1 53 41481
1 54 34738
1 55 32274
1 56 1847
1 57 34525
1 58 34404
1 59 42661
1 60 36134
1 61 6389
1 62 1031
1 63 548
1 64 -3247
1 65 49733
1 66 48968
1 67 27171
1 68 17590
1 69 21346
1 70 43073
1 71 36041
1 72 35045
1 73 1210
1 74 12318
1 75 21498
1 76 21196
2 1 4721
2 3 17753
2 4 8433
2 5 11804
2 6 3121
2 7 20848
2 8 19564
2 9 25314
2 10 33451
2 11 31421
2 12 19073
2 13 22696
2 14 29215
2 15 17336
2 16 10899
2 17 13460
2 18 31684
2 19 26502
2 20 22848
2 21 4041
2 22 6388
2 23 15820
2 24 18337
2 25 33748
2 26 16641
2 27 13766
2 28 1801
2 29 10388
2 30 -967
2 31 24155
2 32 22307
2 33 3447
2 34 17791
2 35 25872
2 36 16659
2 37 19634
2 38 31623
2 39 28224
2 40 16554
2 41 22295
2 42 19842
2 43 15145
2 44 20385
2 45 9022
2 46 17249
2 47 12933
2 48 6204
2 49 18774
2 50 28535
2 51 9098
2 52 15251
2 53 29736
2 54 20329
2 55 33905
2 56 15585
2 57 20252
2 58 26590
2 59 29870
2 60 26048
2 61 5129
2 62 1270
2 63 8794
2 64 8066
2 65 40337
2 66 38502
2 67 15049
2 68 5454
2 69 14136
2 70 31885
2 71 26467
2 72 28898
2 73 5045
2 74 1418
2 75 9772
2 76 10300
3 1 13183
3 2 16407
3 4 21705
3 5 34081
3 6 10856
3 7 22491
3 8 26694
3 9 5698
3 10 21571
3 11 27485
3 12 9285
3 13 37384
3 14 31475
3 15 37324
3 16 1871
3 17 7254
3 18 7602
3 19 33553
3 20 45181
3 21 28185
3 22 22375
3 23 10463
3 24 -1136
3 25 10679
3 26 16050
3 27 28885
3 28 23953
3 29 30747
3 30 21102
3 31 6479
3 32 -45
3 33 9770
3 34 27420
3 35 29628
3 36 40680
3 37 42437
3 38 23560
3 39 11192
3 40 2111
3 41 26074
3 42 27230
3 43 20431
3 44 -3242
3 45 27112
3 46 25467
3 47 36854
3 48 29329
3 49 3343
3 50 4445
3 51 4333
3 52 27352
3 53 29433
3 54 32065
3 55 10110
3 56 10568
3 57 38774
3 58 16563
3 59 31435
3 60 49853
3 61 26914
3 62 19356
3 63 7335
3 64 18815
3 65 32451
3 66 32935
3 67 20878
3 68 18983
3 69 38279
3 70 55157
3 71 50494
3 72 15401
3 73 17665
3 74 25608
3 75 18683
3 76 15387
4 1 16581
4 2 4928
4 3 19546
4 5 9907
4 6 6619
4 7 8874
4 8 6836
4 9 21442
4 10 24652
4 11 19662
4 12 12921
4 13 12182
4 14 16558
4 15 11507
4 16 16892
4 17 10212
4 18 33000
4 19 13844
4 20 20235
4 21 10800
4 22 19056
4 23 25453
4 24 23555
4 25 31574
4 26 7730
4 27 3200
4 28 13222
4 29 5790
4 30 1253
4 31 17230
4 32 21099
4 33 12932
4 34 5063
4 35 13290
4 36 19147
4 37 18233
4 38 21202
4 39 22854
4 40 13028
4 41 34253
4 42 32275
4 43 27076
4 44 21053
4 45 1533
4 46 4537
4 47 15745
4 48 7522
4 49 25077
4 50 28535
4 51 10825
4 52 3105
4 53 17543
4 54 8695
4 55 32294
4 56 25830
4 57 12776
4 58 17851
4 59 17168
4 60 26798
4 61 15493
4 62 13998
4 63 17797
4 64 20794
4 65 29518
4 66 26832
4 67 3691
4 68 5454
4 69 19460
4 70 31104
4 71 28428
4 72 21809
4 73 16920
4 74 10018
4 75 3452
4 76 2811
5 1 23222
5 2 12125
5 3 35748
5 4 13733
5 6 20654
5 7 23477
5 8 17694
5 9 39432
5 10 41635
5 11 33039
5 12 30945
5 13 11735
5 14 26411
5 15 -679
5 16 30448
5 17 27770
5 18 49735
5 19 21305
5 20 3067
5 21 1815
5 22 19820
5 23 35461
5 24 37948
5 25 49401
5 26 25555
5 27 7150
5 28 12147
5 29 1096
5 30 5449
5 31 34832
5 32 38562
5 33 23371
5 34 18608
5 35 25262
5 36 2626
5 37 304
5 38 36828
5 39 40869
5 40 30866
5 41 39768
5 42 36102
5 43 32968
5 44 37803
5 45 5642
5 46 17678
5 47 2200
5 48 275
5 49 38556
5 50 45729
5 51 26535
5 52 11646
5 53 30377
5 54 10078
5 55 50065
5 56 34822
5 57 3442
5 58 35076
5 59 25367
5 60 8797
5 61 8730
5 62 17785
5 63 28703
5 64 21088
5 65 44412
5 66 39973
5 67 20857
5 68 19575
5 69 4822
5 70 13178
5 71 10846
5 72 39604
5 73 24109
5 74 9207
5 75 20739
5 76 20740
6 1 6440
6 2 744
6 3 9825
6 4 7747
6 5 17956
6 7 16408
6 8 17291
6 9 16794
6 10 26008
6 11 26052
6 12 11170
6 13 24199
6 14 25769
6 15 21935
6 16 5037
6 17 5212
6 18 23881
6 19 24645
6 20 29125
6 21 12484
6 22 12123
6 23 13544
6 24 12236
6 25 25263
6 26 10447
6 27 15150
6 28 9862
6 29 15004
6 30 4839
6 31 15954
6 32 13847
6 33 1609
6 34 16020
6 35 22465
6 36 24466
6 37 26248
6 38 25066
6 39 19872
6 40 8094
6 41 23682
6 42 22562
6 43 16627
6 44 12197
6 45 11926
6 46 15015
6 47 20624
6 48 13053
6 49 13319
6 50 20340
6 51 736
6 52 14996
6 53 25205
6 54 20604
6 55 25517
6 56 14028
6 57 23992
6 58 19282
6 59 26514
6 60 33578
6 61 13289
6 62 7103
6 63 5903
6 64 12500
6 65 33975
6 66 32879
6 67 11113
6 68 3273
6 69 22541
6 70 38911
6 71 34271
6 72 20960
6 73 7487
6 74 9859
6 75 5683
6 76 4960
7 1 29759
7 2 19985
7 3 22974
7 4 11516
7 5 22293
7 6 17922
7 8 -235
7 9 16464
7 10 12119
7 11 3850
7 12 9086
7 13 14391
7 14 2647
7 15 19895
7 16 25073
7 17 13240
7 18 32760
7 19 4609
7 20 29932
7 21 26260
7 22 34089
7 23 35517
7 24 28288
7 25 27110
7 26 5874
7 27 9913
7 28 28913
7 29 18471
7 30 17033
7 31 6108
7 32 20053
7 33 24897
7 34 7992
7 35 262
7 36 32776
7 37 29634
7 38 6417
7 39 16060
7 40 11815
7 41 46992
7 42 45865
7 43 39966
7 44 22827
7 45 14462
7 46 3379
7 47 30129
7 48 22273
7 49 31791
7 50 27426
7 51 18040
7 52 6267
7 53 1979
7 54 5126
7 55 27518
7 56 36174
7 57 18694
7 58 6498
7 59 3293
7 60 38522
7 61 31303
7 62 28841
7 63 28358
7 64 35377
7 65 14163
7 66 11022
7 67 6125
7 68 18983
7 69 34059
7 70 41843
7 71 41213
7 72 12911
7 73 30538
7 74 25830
7 75 14468
7 76 9882
8 1 30385
8 2 19070
8 3 27546
8 4 9847
8 5 16879
8 6 19174
8 7 134
8 9 23034
8 10 19058
8 11 8039
8 12 14934
8 13 7389
8 14 2647
8 15 13395
8 16 28042
8 17 17235
8 18 38620
8 19 59
8 20 23431
8 21 22615
8 22 33173
8 23 37910
8 24 32764
8 25 33748
8 26 10061
8 27 4150
8 28 26979
8 29 13623
8 30 14505
8 31 13111
8 32 25849
8 33 26128
8 34 5063
8 35 262
8 36 27590
8 37 23647
8 38 12610
8 39 22854
8 40 17310
8 41 47976
8 42 46261
8 43 40827
8 44 27890
8 45 10273
8 46 317
8 47 25543
8 48 18204
8 49 35507
8 50 33400
8 51 21016
8 52 689
8 53 5377
8 54 -1460
8 55 34275
8 56 38492
8 57 11826
8 58 13569
8 59 3087
8 60 32415
8 61 28511
8 62 28140
8 63 30381
8 64 34937
8 65 19658
8 66 15009
8 67 7131
8 68 18983
8 69 29363
8 70 35500
8 71 35522
8 72 19883
8 73 30825
8 74 23362
8 75 15067
8 76 11551
9 1 27377
9 2 26682
9 3 8412
9 4 26315
9 5 40479
9 6 20539
9 7 18695
9 8 24896
9 10 8903
9 11 17653
9 12 6095
9 13 38449
9 14 24811
9 15 41469
9 16 16408
9 17 11765
9 18 8586
9 19 30086
9 20 50745
9 21 38173
9 22 35987
9 23 25178
9 24 9561
9 25 1559
9 26 15874
9 27 31438
9 28 35683
9 29 36400
9 30 29154
9 31 -8374
9 32 -896
9 33 23007
9 34 28602
9 35 25626
9 36 49012
9 37 48839
9 38 12274
9 39 -2178
9 40 1664
9 41 40935
9 42 41980
9 43 35186
9 44 5841
9 45 32105
9 46 25549
9 47 45249
9 48 37113
9 49 17180
9 50 3317
9 51 14557
9 52 28618
9 53 22446
9 54 30668
9 55 2213
9 56 25014
9 57 41683
9 58 6392
9 59 23163
9 60 57290
9 61 39064
9 62 31990
9 63 21916
9 64 33477
9 65 20564
9 66 21550
9 67 22186
9 68 26810
9 69 48067
9 70 61714
9 71 58607
9 72 3938
9 73 30839
9 74 35644
9 75 24144
9 76 19341
10 1 37700
10 2 32400
10 3 21866
10 4 27106
10 5 40263
10 6 27334
10 7 11931
10 8 18501
10 9 6484
10 11 3072
10 12 9864
10 13 33195
10 14 12525
10 15 38672
10 16 28382
10 17 18299
10 18 23896
10 19 20868
10 20 48675
10 21 41928
10 22 44805
10 23 38542
10 24 24946
10 25 14350
10 26 16050
10 27 28491
10 28 42000
10 29 36149
10 30 32145
10 31 -12640
10 32 14097
10 33 32567
10 34 25849
10 35 17194
10 36 50299
10 37 48014
10 38 -2862
10 39 5361
10 40 10683
10 41 53099
10 42 53352
10 43 46728
10 44 19931
10 45 31825
10 46 21718
10 47 47100
10 48 38910
10 49 31539
10 50 18841
10 51 23488
10 52 24923
10 53 10870
10 54 22688
10 55 13062
10 56 38831
10 57 37560
10 58 -1644
10 59 8947
10 60 56922
10 61 45262
10 62 39859
10 63 33485
10 64 44292
10 65 4933
10 66 5963
10 67 21206
10 68 31235
10 69 50860
10 70 60460
10 71 59213
10 72 2693
10 73 39791
10 74 40207
10 75 27067
10 76 21740
11 1 44364
11 2 35582
11 3 32992
11 4 27328
11 5 36879
11 6 32590
11 7 8874
11 8 12694
11 9 20446
11 10 8284
11 12 18466
11 13 25988
11 14 -615
11 15 32852
11 16 37559
11 17 25626
11 18 38195
11 19 10828
11 20 42710
11 21 41928
11 22 49527
11 23 48229
11 24 37524
11 25 29276
11 26 19626
11 27 24150
11 28 44675
11 29 33503
11 30 32837
11 31 307
11 32 27007
11 33 39235
11 34 23487
11 35 10262
11 36 47585
11 37 43482
11 38 -1800
11 39 19194
11 40 20970
11 41 61107
11 42 60470
11 43 54263
11 44 31771
11 45 29817
11 46 18662
11 47 45378
11 48 37757
11 49 42715
11 50 32915
11 51 31103
11 52 20637
11 53 1377
11 54 12724
11 55 28074
11 56 48821
11 57 30529
11 58 8167
11 59 -6087
11 60 52099
11 61 47113
11 62 44263
11 63 41799
11 64 50479
11 65 1234
11 66 -4785
11 67 21771
11 68 34409
11 69 49264
11 70 54951
11 71 55455
11 72 15499
11 73 45474
11 74 41641
11 75 29832
11 76 24895
12 1 21941
12 2 17220
12 3 8778
12 4 14573
12 5 28771
12 6 11694
12 7 8096
12 8 13575
12 9 2874
12 10 9062
12 11 12452
12 13 26567
12 14 16414
12 15 29443
12 16 13389
12 17 2492
12 18 17799
12 19 19609
12 20 38807
12 21 27828
12 22 29038
12 23 23982
12 24 13842
12 25 13467
12 26 3835
12 27 19399
12 28 26751
12 29 24620
12 30 18282
12 31 -776
12 32 5046
12 33 16777
12 34 16593
12 35 15287
12 36 37764
12 37 37062
12 38 9347
12 39 3995
12 40 -3086
12 41 37712
12 42 37714
12 43 31171
12 44 8076
12 45 20269
12 46 13675
12 47 34129
12 48 25900
12 49 18361
12 50 12531
12 51 7749
12 52 16640
12 53 14258
12 54 19417
12 55 14198
12 56 24517
12 57 29654
12 58 2652
12 59 16216
12 60 45666
12 61 30140
12 62 24186
12 63 18109
12 64 28528
12 65 18370
12 66 18349
12 67 10145
12 68 16422
12 69 37395
12 70 49908
12 71 47206
12 72 3883
12 73 23985
12 74 25608
12 75 12933
12 76 7823
13 1 32220
13 2 19714
13 3 35748
13 4 12705
13 5 8432
13 6 23594
13 7 12272
13 8 4901
13 9 34099
13 10 31264
13 11 18845
13 12 25438
13 14 10755
13 15 2259
13 16 33883
13 17 25576
13 18 48332
13 19 5443
13 20 11915
13 21 17202
13 22 32177
13 23 42218
13 24 40301
13 25 44798
13 26 19732
13 27 221
13 28 24766
13 29 7842
13 30 13057
13 31 25306
13 32 35756
13 33 29504
13 34 10992
13 35 11815
13 36 18825
13 37 13333
13 38 24576
13 39 34307
13 40 27156
13 41 49804
13 42 47133
13 43 42658
13 44 36770
13 45 7462
13 46 8355
13 47 18453
13 48 13003
13 49 42031
13 50 43393
13 51 27575
13 52 2162
13 53 16464
13 54 -6299
13 55 45479
13 56 42454
13 57 -221
13 58 25658
13 59 8963
13 60 21503
13 61 24078
13 62 28126
13 63 34599
13 64 34126
13 65 31163
13 66 25271
13 67 15076
13 68 22257
13 69 21301
13 70 24194
13 71 25472
13 72 31680
13 73 32513
13 74 20834
13 75 20158
13 76 18301
14 1 43312
14 2 32660
14 3 36266
14 4 23508
14 5 29535
14 6 31591
14 7 6955
14 8 6586
14 9 26888
14 10 17021
14 11 -1331
14 12 21712
14 13 17182
14 15 24259
14 16 38936
14 17 26992
14 18 44332
14 19 1443
14 20 33723
14 21 36316
14 22 46838
14 23 49409
14 24 41476
14 25 36804
14 26 19732
14 27 17192
14 28 40843
14 29 26961
14 30 28392
14 31 10265
14 32 32093
14 33 38614
14 34 18801
14 35 5161
14 36 40252
14 37 35281
14 38 7631
14 39 25839
14 40 24572
14 41 60694
14 42 59357
14 43 53621
14 44 35734
14 45 24009
14 46 13918
14 47 38810
14 48 31830
14 49 45429
14 50 38926
14 51 31923
14 52 14234
14 53 377
14 54 2654
14 55 36397
14 56 50066
14 57 21385
14 58 14560
14 59 -10490
14 60 43477
14 61 42374
14 62 41703
14 63 42232
14 64 48461
14 65 11855
14 66 3746
14 67 19363
14 68 32115
14 69 42401
14 70 46062
14 71 47408
14 72 22049
14 73 43929
14 74 37253
14 75 27799
14 76 23543
15 1 30211
15 2 18277
15 3 39611
15 4 15953
15 5 -59
15 6 25253
15 7 21699
15 8 14830
15 9 41042
15 10 40664
15 11 29632
15 12 32237
15 13 6182
15 14 21755
15 16 35591
15 17 30440
15 18 53234
15 19 16443
15 20 1307
15 21 9872
15 22 27630
15 23 41897
15 24 42911
15 25 51471
15 26 26439
15 27 5357
15 28 19911
15 29 4586
15 30 11138
15 31 34445
15 32 41299
15 33 29353
15 34 17992
15 35 22188
15 36 8701
15 37 2453
15 38 34736
15 39 41865
15 40 33046
15 41 47151
15 42 43707
15 43 40226
15 44 41266
15 45 7878
15 46 16412
15 47 10129
15 48 7522
15 49 43864
15 50 48774
15 51 30582
15 52 9743
15 53 27111
15 54 3611
15 55 52223
15 56 41577
15 57 -4522
15 58 34546
15 59 19672
15 60 10539
15 61 16752
15 62 25034
15 63 34728
15 64 29063
15 65 41702
15 66 36195
15 67 21450
15 68 23806
15 69 11383
15 70 13391
15 71 14557
15 72 39883
15 73 30825
15 74 16568
15 75 23621
15 76 22943
16 1 4197
16 2 10228
16 3 2546
16 4 19726
16 5 29456
16 6 6743
16 7 25265
16 8 27865
16 9 14369
16 10 28762
16 11 32727
16 12 14571
16 13 36194
16 14 34820
16 15 33979
16 17 9634
16 18 14647
16 19 35163
16 20 40627
16 21 21304
16 22 13524
16 23 3546
16 24 374
16 25 19547
16 26 18386
16 27 27209
16 28 16164
16 29 26961
16 30 16199
16 31 15137
16 32 8922
16 33 1609
16 34 27267
16 35 32032
16 36 34588
16 37 37527
16 38 29837
16 39 19331
16 40 8458
16 41 17687
16 42 18459
16 43 11675
16 44 5758
16 45 24076
16 46 25911
16 47 30934
16 48 24091
16 49 1161
16 50 12796
16 51 2877
16 52 26679
16 53 33339
16 54 32162
16 55 18532
16 56 4169
16 57 36146
16 58 22966
16 59 35316
16 60 44039
16 61 18670
16 62 11143
16 63 -1615
16 64 9943
16 65 38851
16 66 38847
16 67 21430
16 68 15437
16 69 31245
16 70 49899
16 71 44363
16 72 22668
16 73 9241
16 74 19046
16 75 17093
16 76 15156
17 1 14758
17 2 10448
17 3 5588
17 4 10705
17 5 24437
17 6 4577
17 7 11091
17 8 14717
17 9 7385
17 10 16338
17 11 18453
17 12 1333
17 13 25546
17 14 20535
17 15 26487
17 16 7293
17 18 18156
17 19 21718
17 20 35135
17 21 21671
17 22 21767
17 23 17943
17 24 10741
17 25 16875
17 26 4271
17 27 17316
17 28 19822
17 29 20561
17 30 12624
17 31 5968
17 32 6106
17 33 9560
17 34 15456
17 35 18066
17 36 32538
17 37 32856
17 38 16215
17 39 9978
17 40 -1477
17 41 30868
17 42 30641
17 43 24187
17 44 6407
17 45 16485
17 46 13428
17 47 28744
17 48 20663
17 49 13781
17 50 13548
17 51 736
17 52 15458
17 53 18931
17 54 20023
17 55 17510
17 56 18583
17 57 27470
17 58 9820
17 59 20939
17 60 41045
17 61 23247
17 62 16972
17 63 11407
17 64 21321
17 65 25227
17 66 24813
17 67 8857
17 68 10257
17 69 31522
17 70 45735
17 71 42194
17 72 11008
17 73 16706
17 74 19207
17 75 7966
17 76 3802
18 1 26562
18 2 32561
18 3 9825
18 4 37382
18 5 50291
18 6 27135
18 7 34500
18 8 39991
18 9 8095
18 10 25824
18 11 34911
18 12 20529
18 13 52191
18 14 41764
18 15 53170
18 16 16195
18 17 22045
18 19 46043
18 20 61340
18 21 44221
18 22 36226
18 23 18811
18 24 -2125
18 25 2577
18 26 29551
18 27 44140
18 28 39458
18 29 46819
18 30 37376
18 31 3638
18 32 5235
18 33 24913
18 34 42003
18 35 41652
18 36 56927
18 37 58670
18 38 29432
18 39 15077
18 40 13655
18 41 35778
18 42 38081
18 43 31611
18 44 8180
18 45 43011
18 46 39589
18 47 53112
18 48 45606
18 49 10189
18 50 -2085
18 51 20582
18 52 42084
18 53 39388
18 54 45799
18 55 -3167
18 56 16713
18 57 54298
18 58 23613
18 59 40402
18 60 66129
18 61 41953
18 62 34462
18 63 20533
18 64 29720
18 65 37487
18 66 38531
18 67 35317
18 68 35188
18 69 54278
18 70 71417
18 71 66743
18 72 21189
18 73 32540
18 74 41715
18 75 34426
18 76 30626
19 1 37868
19 2 26259
19 3 34656
19 4 17106
19 5 20741
19 6 26779
19 7 5229
19 8 310
19 9 28475
19 10 21676
19 11 6424
19 12 21219
19 13 8182
19 14 -2245
19 15 15259
19 16 35591
19 17 24487
19 18 44923
19 20 24771
19 21 28134
19 22 40197
19 23 45521
19 24 39949
19 25 39023
19 26 17120
19 27 8802
19 28 33620
19 29 18554
19 30 21102
19 31 15679
19 32 32204
19 33 33713
19 34 12414
19 35 2542
19 36 31409
19 37 26294
19 38 13569
19 39 27875
19 40 23877
19 41 55493
19 42 53664
19 43 48333
19 44 34758
19 45 16095
19 46 7847
19 47 30243
19 48 23618
19 49 42931
19 50 39591
19 51 28538
19 52 6424
19 53 4779
19 54 -5507
19 55 39259
19 56 46107
19 57 12448
19 58 17416
19 59 -3231
19 60 34484
19 61 34525
19 62 35306
19 63 37997
19 64 42070
19 65 19223
19 66 12450
19 67 14719
19 68 26476
19 69 33666
19 70 37099
19 71 38427
19 72 24430
19 73 38263
19 74 29816
19 75 22664
19 76 19149
20 1 34882
20 2 24511
20 3 48190
20 4 25403
20 5 4409
20 6 33165
20 7 32458
20 8 25588
20 9 51040
20 10 51389
20 11 40212
20 12 42323
20 13 16560
20 14 31941
20 15 2029
20 16 42961
20 17 39810
20 18 62126
20 19 26677
20 21 10800
20 22 29999
20 23 47494
20 24 50464
20 25 61270
20 26 36633
20 27 15975
20 28 22815
20 29 12827
20 30 17975
20 31 45103
20 32 50689
20 33 35727
20 34 28521
20 35 32905
20 36 5225
20 37 -684
20 38 45500
20 39 52111
20 40 42727
20 41 50746
20 42 46655
20 43 44204
20 44 50158
20 45 17089
20 46 27082
20 47 11160
20 48 12517
20 49 51034
20 50 57983
20 51 38987
20 52 20451
20 53 37762
20 54 12910
20 55 61993
20 56 46568
20 57 4273
20 58 45195
20 59 29040
20 60 637
20 61 16177
20 62 29282
20 63 41005
20 64 30156
20 65 52404
20 66 46629
20 67 31691
20 68 32012
20 69 6927
20 70 2899
20 71 6724
20 72 50354
20 73 36087
20 74 20890
20 75 32780
20 76 32510
21 1 13931
21 2 7464
21 3 32954
21 4 17728
21 5 4917
21 6 18284
21 7 30546
21 8 26532
21 9 40228
21 10 46402
21 11 41190
21 12 33104
21 13 23607
21 14 36294
21 15 12354
21 16 25398
21 17 28106
21 18 46767
21 19 31800
21 20 12560
21 22 7987
21 23 26989
21 24 32356
21 25 48969
21 26 29161
21 27 16857
21 28 1238
21 29 9652
21 30 5071
21 31 38233
21 32 37544
21 33 17090
21 34 25651
21 35 33863
21 36 3016
21 37 9358
21 38 43223
21 39 42740
21 40 31375
21 41 28912
21 42 24672
21 43 22591
21 44 35639
21 45 12490
21 46 25150
21 47 1454
21 48 2148
21 49 32549
21 50 43780
21 51 24350
21 52 20544
21 53 38731
21 54 22126
21 55 49167
21 56 25418
21 57 16474
21 58 39526
21 59 36125
21 60 12371
21 61 -4241
21 62 8437
21 63 21713
21 64 8451
21 65 51478
21 66 48350
21 67 25708
21 68 19055
21 69 -1124
21 70 19460
21 71 12322
21 72 42737
21 73 16073
21 74 2269
21 75 22398
21 76 23035
22 1 10
22 2 8601
22 3 25934
22 4 24774
22 5 21712
22 6 16713
22 7 37165
22 8 35880
22 9 36832
22 10 48069
22 11 47579
22 12 33104
22 13 37372
22 14 45606
22 15 28902
22 16 16408
22 17 26992
22 18 37562
22 19 42653
22 20 30549
22 21 6777
22 23 11953
22 24 20233
22 25 43051
22 26 32274
22 27 28955
22 28 1238
22 29 23457
22 30 13434
22 31 37104
22 32 32093
22 33 9007
22 34 34117
22 35 42273
22 36 20736
22 37 27292
22 38 47147
22 39 40869
22 40 29031
22 41 11223
22 42 6700
22 43 5617
22 44 29113
22 45 23873
22 46 33605
22 47 19212
22 48 16613
22 49 20594
22 50 36300
22 51 20506
22 52 31155
22 53 46074
22 54 35540
22 55 42000
22 56 8892
22 57 32672
22 58 41397
22 59 46237
22 60 29490
22 61 -2664
22 62 847
22 63 10330
22 64 -8031
22 65 56010
22 66 54583
22 67 31361
22 68 21498
22 69 13691
22 70 37210
22 71 29278
22 72 42737
22 73 6870
22 74 9859
22 75 25852
22 76 26154
23 1 2691
23 2 17280
23 3 13269
23 4 30418
23 5 36600
23 6 17381
23 7 37840
23 8 39864
23 9 25270
23 10 41053
23 11 45528
23 12 27295
23 13 46660
23 14 47424
23 15 42416
23 16 5677
23 17 22415
23 18 19394
23 19 47224
23 20 47291
23 21 25026
23 22 11200
23 24 246
23 25 27760
23 26 31011
23 27 37557
23 28 18584
23 29 35437
23 30 24095
23 31 25906
23 32 19206
23 33 8040
23 34 38796
23 35 44455
23 36 39191
23 37 43928
23 38 42483
23 39 30915
23 40 20884
23 41 7708
23 42 10215
23 43 4251
23 44 16119
23 45 33513
23 46 37696
23 47 36239
23 48 30860
23 49 1991
23 50 20199
23 51 15428
23 52 37765
23 53 46074
23 54 43380
23 55 24809
23 56 -8601
23 57 45244
23 58 35542
23 59 47996
23 60 48620
23 61 18431
23 62 13401
23 63 1522
23 64 1713
23 65 51478
23 66 51590
23 67 33461
23 68 25633
23 69 33852
23 70 55422
23 71 48548
23 72 34883
23 73 12317
23 74 24290
23 75 28431
23 76 27125
24 1 15968
24 2 25815
24 3 7688
24 4 34538
24 5 45105
24 6 22091
24 7 36629
24 8 40736
24 9 15671
24 10 33475
24 11 40841
24 12 23173
24 13 50761
24 14 45509
24 15 49448
24 16 8523
24 17 21231
24 18 4476
24 19 47670
24 20 56279
24 21 36411
24 22 25498
24 23 6264
24 25 14522
24 26 30157
24 27 41986
24 28 30648
24 29 42492
24 30 31845
24 31 14710
24 32 9921
24 33 16608
24 34 41097
24 35 43770
24 36 50004
24 37 53175
24 38 36279
24 39 22300
24 40 15857
24 41 23139
24 42 25738
24 43 19587
24 44 8624
24 45 39384
24 46 39328
24 47 46442
24 48 39734
24 49 -988
24 50 7179
24 51 16694
24 52 40883
24 53 43377
24 54 45924
24 55 9963
24 56 3596
24 57 51401
24 58 29477
24 59 45288
24 60 59504
24 61 32140
24 62 25312
24 63 10687
24 64 17201
24 65 44937
24 66 45736
24 67 34704
24 68 30747
24 69 46111
24 70 65499
24 71 59727
24 72 27640
24 73 23411
24 74 34431
24 75 31608
24 76 28876
25 1 32458
25 2 34685
25 3 12962
25 4 36016
25 5 50017
25 6 28577
25 7 28910
25 8 35179
25 9 1128
25 10 16338
25 11 26052
25 12 16257
25 13 48717
25 14 34296
25 15 51467
25 16 21155
25 17 20824
25 18 2637
25 19 40203
25 20 60544
25 21 46483
25 22 41775
25 23 27237
25 24 7981
25 26 26025
25 27 41565
25 28 43015
25 29 46050
25 30 38076
25 31 -7655
25 32 3976
25 33 29146
25 34 38796
25 35 35759
25 36 58036
25 37 58425
25 38 20205
25 39 7300
25 40 10920
25 41 43928
25 42 45695
25 43 38966
25 44 10250
25 45 41843
25 46 35814
25 47 54205
25 48 46213
25 49 18417
25 50 161
25 51 22064
25 52 38840
25 53 32016
25 54 40927
25 55 -7983
25 56 26090
25 57 51840
25 58 15701
25 59 31880
25 60 66656
25 61 46162
25 62 38665
25 63 26434
25 64 37402
25 65 27704
25 66 28727
25 67 32300
25 68 35617
25 69 56535
25 70 71310
25 71 67744
25 72 13322
25 73 37056
25 74 43856
25 75 33535
25 76 28982
26 1 20771
26 2 12816
26 3 13571
26 4 7410
26 5 21409
26 6 8999
26 7 2912
26 8 6730
26 9 10681
26 10 13276
26 11 11640
26 12 1863
26 13 18889
26 14 12462
26 15 21673
26 16 15232
26 17 3458
26 18 24849
26 19 13538
26 20 31145
26 21 21913
26 22 26236
26 23 25726
26 24 18854
26 25 21263
26 27 11589
26 28 22345
26 29 17213
26 30 12133
26 31 5529
26 32 12141
26 33 15679
26 34 8809
26 35 9822
26 36 30851
26 37 29592
26 38 11019
26 39 11503
26 40 3520
26 41 37675
26 42 36886
26 43 30752
26 44 13858
26 45 12820
26 46 6087
26 47 27409
26 48 19166
26 49 22024
26 50 19772
26 51 8225
26 52 8882
26 53 11181
26 54 12367
26 55 22002
26 56 26385
26 57 21845
26 58 6392
26 59 13012
26 60 38324
26 61 25440
26 62 21016
26 63 18703
26 64 26917
26 65 19795
26 66 18464
26 67 2348
26 68 11516
26 69 31012
26 70 42385
26 71 40099
26 72 10115
26 73 21902
26 74 20226
26 75 7122
26 76 1823
27 1 25275
27 2 12816
27 3 29281
27 4 5755
27 5 5879
27 6 16577
27 7 9826
27 8 3694
27 9 29120
27 10 28592
27 11 19039
27 12 20302
27 13 2253
27 14 12797
27 15 3466
27 16 26930
27 17 19378
27 18 42313
27 19 8095
27 20 13362
27 21 12484
27 22 25792
27 23 35147
27 24 33558
27 25 39678
27 26 14464
27 28 18658
27 29 2932
27 30 6455
27 31 22280
27 32 29972
27 33 22435
27 34 5802
27 35 11262
27 36 16597
27 37 12880
27 38 23123
27 39 29768
27 40 21497
27 41 42902
27 42 40376
27 43 35740
27 44 30528
27 45 865
27 46 4261
27 47 14776
27 48 7969
27 49 35127
27 50 37566
27 51 20809
27 52 -2259
27 53 16377
27 54 -217
27 55 40425
27 56 35388
27 57 3442
27 58 22373
27 59 12421
27 60 21760
27 61 18967
27 62 21438
27 63 27530
27 64 27774
27 65 30509
27 66 25988
27 67 9497
27 68 15203
27 69 18473
27 70 25130
27 71 24597
27 72 27685
27 73 25557
27 74 14725
27 75 13364
27 76 11895
28 1 4479
28 2 2250
28 3 25748
28 4 17176
28 5 12275
28 6 12688
28 7 30225
28 8 27922
28 9 34764
28 10 43500
28 11 40963
28 12 29053
28 13 28197
28 14 37847
28 15 19419
28 16 17284
28 17 23283
28 18 39030
28 19 34312
28 20 21601
28 21 -1736
28 22 -526
28 23 17573
28 24 23619
28 25 42527
28 26 26619
28 27 20057
28 29 14111
28 30 4839
28 31 34039
28 32 31110
28 33 8818
28 34 26294
28 35 34708
28 36 12501
28 37 18253
28 38 41558
28 39 37982
28 40 26181
28 41 19685
28 42 15755
28 43 13190
28 44 28686
28 45 14980
28 46 25846
28 47 10162
28 48 7132
28 49 23769
28 50 36636
28 51 18103
28 52 22687
28 53 38995
28 54 26499
28 55 42303
28 56 15932
28 57 23188
28 58 36639
28 59 38285
28 60 21824
28 61 -4821
28 62 -812
28 63 12820
28 64 1193
28 65 50208
28 66 48101
28 67 24548
28 68 15437
28 69 7268
28 70 28915
28 71 21723
28 72 38883
28 73 7139
28 74 610
28 75 19654
28 76 20255
29 1 20426
29 2 8200
29 3 29905
29 4 7107
29 5 -1413
29 6 15193
29 7 17146
29 8 11929
29 9 32844
29 10 35012
29 11 27154
29 12 24285
29 13 8636
29 14 21328
29 15 1457
29 16 25444
29 17 21385
29 18 43754
29 19 16609
29 20 8976
29 21 4041
29 22 19056
29 23 31789
29 24 32826
29 25 42925
29 26 18850
29 27 1694
29 28 11474
29 30 1033
29 31 28137
29 32 32254
29 33 19180
29 34 12134
29 35 19449
29 36 8701
29 37 6834
29 38 30449
29 39 34196
29 40 24373
29 41 37663
29 42 34552
29 43 30629
29 44 31771
29 45 -1066
29 46 11348
29 47 6309
29 48 -393
29 49 33702
29 50 39549
29 51 20753
29 52 5784
29 53 24522
29 54 7104
29 55 43625
29 56 31579
29 57 4273
29 58 28412
29 59 20928
29 60 15499
29 61 10741
29 62 15589
29 63 24551
29 64 20912
29 65 38208
29 66 34206
29 67 14155
29 68 13826
29 69 10150
29 70 19703
29 71 17458
29 72 32896
29 73 20905
29 74 7623
29 75 14346
29 76 14179
30 1 11539
30 2 -800
30 3 22615
30 4 4925
30 5 5295
30 6 7383
30 7 18063
30 8 15166
30 9 27953
30 10 33363
30 11 28843
30 12 20302
30 13 16206
30 14 25114
30 15 10364
30 16 17037
30 17 15803
30 18 36666
30 19 21512
30 20 16479
30 21 1815
30 22 11388
30 23 22802
30 24 24534
30 25 37306
30 26 16125
30 27 7572
30 28 4557
30 29 3388
30 31 25326
30 32 26098
30 33 10270
30 34 13644
30 35 22095
30 36 11992
30 37 13481
30 38 30338
30 39 30100
30 40 19110
30 41 28943
30 42 26118
30 43 21848
30 44 24871
30 45 2524
30 46 13206
30 47 8167
30 48 275
30 49 25183
30 50 32952
30 51 13438
30 52 9897
30 53 26619
30 54 14193
30 55 37797
30 56 22582
30 57 13258
30 58 26488
30 59 25495
30 60 20853
30 61 6319
30 62 7103
30 63 15647
30 64 13368
30 65 38716
30 66 36018
30 67 12816
30 68 6776
30 69 11146
30 70 26105
30 71 21723
30 72 29811
30 73 11950
30 74 915
30 75 9469
30 76 10058
31 1 44906
31 2 42449
31 3 26119
31 4 39029
31 5 52805
31 6 36625
31 7 25265
31 8 31899
31 9 8552
31 10 6705
31 11 14440
31 12 19371
31 13 46582
31 14 25114
31 15 51798
31 16 34102
31 17 27274
31 18 21055
31 19 34216
31 20 61734
31 21 53104
31 22 53185
31 23 42740
31 24 25526
31 25 9702
31 26 27648
31 27 41524
31 28 51884
31 29 48619
31 30 43453
31 32 16591
31 33 40272
31 34 38698
31 35 30646
31 36 62469
31 37 60776
31 38 9006
31 39 9730
31 40 17834
31 41 58647
31 42 59686
31 43 52896
31 44 23490
31 45 44231
31 46 34763
31 47 59020
31 48 50771
31 49 34426
31 50 17527
31 51 31387
31 52 38036
31 53 23987
31 54 36101
31 55 4637
31 56 42366
31 57 50876
31 58 10714
31 59 19684
31 60 69641
31 61 55307
31 62 48794
31 63 39599
31 64 51148
31 65 14088
31 66 14241
31 67 33461
31 68 41740
31 69 62524
31 70 73378
31 71 71644
31 72 11375
31 73 47979
31 74 50926
31 75 38092
31 76 32848
32 1 21161
32 2 22614
32 3 1608
32 4 24911
32 5 38548
32 6 16531
32 7 21223
32 8 26650
32 9 -1957
32 10 15455
32 11 23153
32 12 7206
32 13 39045
32 14 28955
32 15 40665
32 16 9900
32 17 9425
32 18 4665
32 19 32754
32 20 49333
32 21 34428
32 22 30187
32 23 18053
32 24 2750
32 25 3346
32 26 16273
32 27 31229
32 28 30968
32 29 34749
32 30 26238
32 31 -1396
32 33 17338
32 34 28863
32 35 28398
32 36 46176
32 37 46973
32 38 18316
32 39 4329
32 40 359
32 41 34026
32 42 35278
32 43 28480
32 44 -1143
32 45 30697
32 46 26333
32 47 42331
32 48 34435
32 49 9969
32 50 -469
32 51 9985
32 52 28959
32 53 26619
32 54 32464
32 55 3606
32 56 17817
32 57 41484
32 58 11669
32 59 28124
32 60 54976
32 61 34170
32 62 26741
32 63 15389
32 64 26876
32 65 26920
32 66 27760
32 67 22186
32 68 23786
32 69 44495
32 70 59835
32 71 55927
32 72 9648
32 73 25253
32 74 31797
32 75 22150
32 76 17944
33 1 -1777
33 2 2640
33 3 10309
33 4 15630
33 5 22243
33 6 3179
33 7 24953
33 8 25815
33 9 20832
33 10 32811
33 11 34267
33 12 17823
33 13 31679
33 14 34362
33 15 27605
33 16 1473
33 17 11765
33 18 23229
33 19 33149
33 20 33257
33 21 12860
33 22 5987
33 23 5773
33 24 8323
33 25 27402
33 26 18697
33 27 22578
33 28 7562
33 29 20561
33 30 9296
33 31 21171
33 32 16224
33 34 24393
33 35 31067
33 36 26414
33 37 30003
33 38 32682
33 39 24956
33 40 13193
33 41 15102
33 42 14256
33 43 8097
33 44 13405
33 45 18483
33 46 23495
33 47 22914
33 48 16613
33 49 8584
33 50 21070
33 51 4773
33 52 23029
33 53 33688
33 54 28611
33 55 26808
33 56 5964
33 57 30286
33 58 26371
33 59 35103
33 60 35925
33 61 10209
33 62 2634
33 63 -1615
33 64 4769
33 65 41671
33 66 40944
33 67 19713
33 68 10823
33 69 22714
33 70 42076
33 71 36126
33 72 27163
33 73 924
33 74 10850
33 75 14192
33 76 13544
34 1 23448
34 2 11999
34 3 22974
34 4 2776
34 5 12495
34 6 12605
34 7 3063
34 8 -235
34 9 21442
34 10 21108
34 11 13534
34 12 12654
34 13 8182
34 14 9564
34 15 11259
34 16 22146
34 17 12676
34 18 35334
34 19 6865
34 20 21066
34 21 16436
34 22 26112
34 23 31544
34 24 27827
34 25 32067
34 26 6842
34 27 960
34 28 20053
34 29 8530
34 30 7685
34 31 14612
34 32 22764
34 33 19408
34 35 6442
34 36 22841
34 37 20159
34 38 16311
34 39 21983
34 40 14176
34 41 41081
34 42 39255
34 43 33917
34 44 23841
34 45 4462
34 46 -2447
34 47 20129
34 48 12309
34 49 29994
34 50 30399
34 51 15357
34 52 -1910
34 53 11097
34 54 2920
34 55 32797
34 56 32055
34 57 11084
34 58 14717
34 59 10121
34 60 29065
34 61 21899
34 62 21069
34 63 23925
34 64 27865
34 65 24163
34 66 20692
34 67 2076
34 68 12066
34 69 24059
34 70 32676
34 71 31461
34 72 19883
34 73 23843
34 74 16568
34 75 8507
34 76 5740
35 1 33439
35 2 22810
35 3 27912
35 4 13733
35 5 21879
35 6 21780
35 7 -1937
35 8 -2306
35 9 21196
35 10 15183
35 11 3039
35 12 14078
35 13 11735
35 14 -1346
35 15 18185
35 16 29641
35 17 18016
35 18 37713
35 19 -277
35 20 28180
35 21 27378
35 22 36998
35 23 39933
35 24 33230
35 25 31760
35 26 10585
35 27 9150
35 28 31197
35 29 18575
35 30 18866
35 31 9290
35 32 25029
35 33 28812
35 34 9172
35 36 32588
35 37 28588
35 38 8027
35 39 20625
35 40 16815
35 41 50866
35 42 49469
35 43 43775
35 44 27817
35 45 15078
35 46 4261
35 47 30484
35 48 23037
35 49 36584
35 50 32362
35 51 22564
35 52 5660
35 53 377
35 54 891
35 55 32041
35 56 40577
35 57 16315
35 58 10384
35 59 -602
35 60 37311
35 61 33056
35 62 31836
35 63 32613
35 64 38576
35 65 14779
35 66 10026
35 67 9497
35 68 22216
35 69 34330
35 70 40316
35 71 40499
35 72 17244
35 73 34035
35 74 27748
35 75 17916
35 76 13768
36 1 24337
36 2 16283
36 3 41650
36 4 22276
36 5 1929
36 6 26467
36 7 33263
36 8 27708
36 9 47268
36 10 50974
36 11 43048
36 12 39241
36 13 21431
36 14 36431
36 15 7384
36 16 34883
36 17 35174
36 18 55674
36 19 31276
36 20 3186
36 21 -783
36 22 18147
36 23 37355
36 24 42150
36 25 56723
36 26 34300
36 27 17171
36 28 11676
36 29 10513
36 30 11449
36 31 43799
36 32 45493
36 33 26845
36 34 28257
36 35 35274
36 37 1043
36 38 46574
36 39 49161
36 40 38463
36 41 39242
36 42 34860
36 43 33006
36 44 44087
36 45 14858
36 46 27457
36 47 1532
36 48 5734
36 49 42419
36 50 52223
36 51 32621
36 52 21618
36 53 40388
36 54 19506
36 55 57201
36 56 35857
36 57 11483
36 58 44279
36 59 35201
36 60 2101
36 61 3568
36 62 18785
36 63 31748
36 64 17687
36 65 54296
36 66 50008
36 67 29933
36 68 26192
36 69 -4730
36 70 9065
36 71 2393
36 72 48371
36 73 26239
36 74 11412
36 75 28481
36 76 28846
37 1 28800
37 2 18601
37 3 42750
37 4 20705
37 5 -1050
37 6 27592
37 7 29464
37 8 23108
37 9 46438
37 10 48032
37 11 38288
37 12 37882
37 13 15282
37 14 30803
37 15 479
37 16 37165
37 17 34835
37 18 56760
37 19 25504
37 20 -3380
37 21 4902
37 22 24046
37 23 41435
37 24 44664
37 25 56455
37 26 32384
37 27 12797
37 28 16771
37 29 7989
37 30 12281
37 31 41449
37 32 45633
37 33 29777
37 34 24918
37 35 30617
37 36 386
37 38 42769
37 39 47782
37 40 37913
37 41 44705
37 42 40666
37 43 38136
37 44 44846
37 45 12490
37 46 23777
37 47 5129
37 48 6620
37 49 45167
37 50 52792
37 51 33538
37 52 17388
37 53 35674
37 54 12817
37 55 57127
37 56 40486
37 57 4235
37 58 41600
37 59 28890
37 60 2144
37 61 10761
37 62 23199
37 63 35022
37 64 24466
37 65 50065
37 66 45014
37 67 27578
37 68 26599
37 69 2925
37 70 6119
37 71 5372
37 72 46361
37 73 30030
37 74 14823
37 75 27799
37 76 27756
38 1 40767
38 2 33685
38 3 26968
38 4 26769
38 5 38569
38 6 29505
38 7 9342
38 8 15166
38 9 12968
38 10 251
38 11 -3899
38 12 13262
38 13 29620
38 14 6248
38 15 35857
38 16 32570
38 17 21289
38 18 30617
38 19 15874
38 20 45899
38 21 41862
38 22 46996
38 23 43085
38 24 30863
38 25 21330
38 26 16906
38 27 26135
38 28 43171
38 29 34699
38 30 32233
38 31 -7226
38 32 20071
38 33 35551
38 34 24165
38 35 13151
38 36 49012
38 37 45864
38 39 11727
38 40 15160
38 41 56879
38 42 56712
38 43 50258
38 44 25381
38 45 30587
38 46 19648
38 47 46217
38 48 38215
38 49 36763
38 50 25441
38 51 26783
38 52 22480
38 53 5419
38 54 17907
38 55 20013
38 56 43551
38 57 34188
38 58 1576
38 59 1967
38 60 54727
38 61 46129
38 62 41826
38 63 37302
38 64 47252
38 65 -837
38 66 -403
38 67 20774
38 68 32379
38 69 50132
38 70 57932
38 71 57491
38 72 8299
38 73 42344
38 74 40737
38 75 27900
38 76 22666
39 1 28994
39 2 26725
39 3 11039
39 4 24860
39 5 39049
39 6 20750
39 7 15424
39 8 21849
39 9 -5045
39 10 4913
39 11 13534
39 12 4349
39 13 35790
39 14 20895
39 15 39425
39 16 18503
39 17 11491
39 18 12701
39 19 26619
39 20 48949
39 21 37818
39 22 37157
39 23 27956
39 24 13323
39 25 4864
39 26 13829
39 27 29219
39 28 36034
39 29 34885
39 30 28434
39 31 -10063
39 32 2523
39 33 24264
39 34 26276
39 35 22188
39 36 48038
39 37 47316
39 38 8166
39 40 1815
39 41 43278
39 42 44039
39 43 37279
39 44 8758
39 45 30518
39 46 22976
39 47 44373
39 48 36157
39 49 20366
39 50 7439
39 51 15357
39 52 26176
39 53 18556
39 54 27484
39 55 5158
39 56 28006
39 57 39339
39 58 2356
39 59 19080
39 60 55952
39 61 39461
39 62 32785
39 63 23925
39 64 35377
39 65 16524
39 66 17482
39 67 20122
39 68 26334
39 69 47523
39 70 60145
39 71 57499
39 72 -117
39 73 31950
39 74 35438
39 75 23147
39 76 18101
40 1 19281
40 2 16939
40 3 3842
40 4 16918
40 5 30930
40 6 10856
40 7 13063
40 8 18189
40 9 681
40 10 12119
40 11 17194
40 12 -848
40 13 30523
40 14 21512
40 15 32490
40 16 9514
40 17 1920
40 18 13163
40 19 24505
40 20 41449
40 21 28337
40 22 27203
40 23 19809
40 24 8764
40 25 10368
40 26 7730
40 27 22832
40 28 26117
40 29 26946
40 30 19328
40 31 -75
40 32 437
40 33 14385
40 34 20353
40 35 20262
40 36 39224
40 37 39331
40 38 13483
40 39 3699
40 41 34253
40 42 34655
40 43 27970
40 44 2978
40 45 22746
40 46 17789
40 47 35440
40 48 27336
40 49 13574
40 50 8070
40 51 5378
40 52 20451
40 53 19339
40 54 23970
40 55 11081
40 56 20223
40 57 33116
40 58 6498
40 59 21259
40 60 47640
40 61 29536
40 62 22785
40 63 14663
40 64 25802
40 65 22447
40 66 22763
40 67 13691
40 68 16962
40 69 38219
40 70 52216
40 71 48857
40 72 6063
40 73 21998
40 74 25830
40 75 14468
40 76 9882
41 1 1341
41 2 17832
41 3 22957
41 4 33295
41 5 34984
41 6 21596
41 7 43392
41 8 44007
41 9 35104
41 10 49687
41 11 52483
41 12 35102
41 13 48323
41 14 52786
41 15 41747
41 16 13895
41 17 29417
41 18 30438
41 19 51273
41 20 44620
41 21 21026
41 22 4547
41 23 1785
41 24 11198
41 25 38528
41 26 37037
41 27 39389
41 28 14773
41 29 35388
41 30 24313
41 31 35890
41 32 29256
41 33 11446
41 34 42410
41 35 49465
41 36 35155
41 37 41275
41 38 50354
41 39 40314
41 40 29405
41 42 -102
41 43 -1573
41 44 26038
41 45 34624
41 46 41642
41 47 33182
41 48 29426
41 49 12941
41 50 31030
41 51 22136
41 52 40575
41 53 52105
41 54 45899
41 55 35835
41 56 -4432
41 57 45170
41 58 43669
41 59 53533
41 60 44039
41 61 11530
41 62 11033
41 63 7566
41 64 -9263
41 65 59378
41 66 58998
41 67 38091
41 68 28703
41 69 28221
41 70 51644
41 71 43830
41 72 43648
41 73 12378
41 74 22367
41 75 32476
41 76 31975
42 1 791
42 2 16387
42 3 25121
42 4 32325
42 5 32326
42 6 21484
42 7 43273
42 8 43300
42 9 37157
42 10 50948
42 11 52854
42 12 36112
42 13 46660
42 14 52457
42 15 39311
42 16 15675
42 17 30198
42 18 33749
42 19 50452
42 20 41537
42 21 17794
42 22 1032
42 23 5300
42 24 14805
42 25 41303
42 26 37256
42 27 37871
42 28 11851
42 29 33285
42 30 22496
42 31 37937
42 32 31516
42 33 11608
42 34 41592
42 35 49076
42 36 31781
42 37 38244
42 38 51195
42 39 42083
42 40 30815
42 41 906
42 43 -946
42 44 28283
42 45 32946
42 46 40924
42 47 30143
42 48 26938
42 49 16128
42 50 33915
42 51 22986
42 52 39411
42 53 52105
42 54 44483
42 55 39020
42 56 -219
42 57 42897
42 58 44711
42 59 53210
42 60 40449
42 61 7601
42 62 8940
42 63 9065
42 64 -12632
42 65 60201
42 66 59545
42 67 37728
42 68 28007
42 69 24460
42 70 48251
42 71 40233
42 72 45043
42 73 11445
42 74 19917
42 75 32038
42 76 31809
43 1 -3131
43 2 13390
43 3 20022
43 4 28826
43 5 30892
43 6 17249
43 7 39074
43 8 39566
43 9 32063
43 10 46024
43 11 48347
43 12 31269
43 13 43885
43 14 48421
43 15 37530
43 16 10591
43 17 25444
43 18 28979
43 19 46821
43 20 40786
43 21 17413
43 22 1649
43 23 1036
43 24 10354
43 25 36274
43 26 32822
43 27 34935
43 28 10986
43 29 31062
43 30 19926
43 31 32847
43 32 26418
43 33 7149
43 34 37954
43 35 45082
43 36 31627
43 37 37414
43 38 46441
43 39 37023
43 40 25830
43 41 1135
43 42 754
43 44 23186
43 45 30197
43 46 37198
43 47 29363
43 48 25266
43 49 11357
43 50 28929
43 51 18187
43 52 36103
43 53 47829
43 54 41434
43 55 34149
43 56 -2770
43 57 40884
43 58 39864
43 59 49172
43 60 40728
43 61 8983
43 62 6821
43 63 4007
43 64 -7596
43 65 55457
43 66 54942
43 67 33705
43 68 24251
43 69 25221
43 70 48095
43 71 40544
43 72 40071
43 73 7908
43 74 18228
43 75 28067
43 76 27630
44 1 16180
44 2 18827
44 3 -3454
44 4 23000
44 5 35924
44 6 13016
44 7 22132
44 8 26826
44 9 2915
44 10 19424
44 11 26052
44 12 8371
44 13 38194
44 14 30731
44 15 38767
44 16 4871
44 17 7861
44 18 5745
44 19 33443
44 20 46937
44 21 30658
44 22 25342
44 23 13101
44 24 -412
44 25 7755
44 26 16125
44 27 29920
44 28 26679
44 29 32401
44 30 23146
44 31 3638
44 32 -3008
44 33 12654
44 34 28075
44 35 29321
44 36 42905
44 37 44321
44 38 21761
44 39 8699
44 40 1035
44 41 28943
44 42 30180
44 43 23383
44 45 28594
44 46 25911
44 47 39061
44 48 31388
44 49 5395
44 50 1915
44 51 6375
44 52 28100
44 53 28548
44 54 32421
44 55 7394
44 56 13027
44 57 39989
44 58 14828
44 59 30426
44 60 51961
44 61 29727
44 62 22196
44 63 10330
44 64 21785
44 65 30564
44 66 31202
44 67 21430
44 68 20846
44 69 40756
44 70 57107
44 71 52707
44 72 13322
44 73 20564
44 74 28045
44 75 20021
44 76 16356
45 1 19281
45 2 6760
45 3 26196
45 4 2776
45 5 3059
45 6 12041
45 7 13063
45 8 8505
45 9 28475
45 10 30614
45 11 23394
45 12 19860
45 13 8182
45 14 18302
45 15 4675
45 16 22485
45 17 17235
45 18 39872
45 19 14076
45 20 13164
45 21 6805
45 22 19398
45 23 29791
45 24 29644
45 25 38644
45 26 14383
45 27 -447
45 28 12269
45 29 -1140
45 30 95
45 31 23675
45 32 28128
45 33 17028
45 34 7992
45 35 15878
45 36 12972
45 37 11261
45 38 26263
45 39 29755
45 40 20099
45 41 36825
45 42 34139
45 43 29690
45 44 27890
45 46 7359
45 47 10129
45 48 2424
45 49 30774
45 50 35515
45 51 17180
45 52 2562
45 53 20836
45 54 6139
45 55 39366
45 56 29851
45 57 6532
45 58 23979
45 59 18326
45 60 19969
45 61 12914
45 62 15146
45 63 22302
45 64 21380
45 65 34163
45 66 30514
45 67 9691
45 68 10543
45 69 14059
45 70 24102
45 71 21893
45 72 28424
45 73 19595
45 74 8349
45 75 10274
45 76 9882
46 1 25389
46 2 14132
46 3 23696
46 4 4925
46 5 14240
46 6 14275
46 7 1125
46 8 -2306
46 9 21064
46 10 19652
46 11 11384
46 12 12411
46 13 8220
46 14 7356
46 15 12354
46 16 23465
46 17 13323
46 18 35595
46 19 4973
46 20 22302
46 21 18610
46 22 28275
46 23 33119
46 24 28733
46 25 31760
46 26 6795
46 27 2094
46 28 22280
46 29 10419
46 30 9922
46 31 13352
46 32 22909
46 33 21185
46 34 228
46 35 4206
46 36 24716
46 37 21693
46 38 14469
46 39 21358
46 40 14287
46 41 42988
46 42 41262
46 43 35836
46 44 24352
46 45 6504
46 47 22148
46 48 14417
46 49 31146
46 50 30541
46 51 16537
46 52 -1382
46 53 8901
46 54 1922
46 55 32446
46 56 33672
46 57 11753
46 58 13451
46 59 7949
46 60 30601
46 61 24129
46 62 23199
46 63 25544
46 64 29992
46 65 22181
46 66 18529
46 67 2691
46 68 13985
46 69 26072
46 70 34061
46 71 33177
46 72 18966
46 73 25825
46 74 18804
46 75 10150
46 76 6920
47 1 19023
47 2 10004
47 3 35271
47 4 16321
47 5 -1050
47 6 20072
47 7 28063
47 8 23108
47 9 40952
47 10 45222
47 11 38288
47 12 33053
47 13 18506
47 14 32436
47 15 6259
47 16 28676
47 17 28827
47 18 49306
47 19 27557
47 20 6568
47 21 -4898
47 22 14070
47 23 31850
47 24 36035
47 25 50339
47 26 28305
47 27 12797
47 28 6784
47 29 5568
47 30 5071
47 31 37797
47 32 39095
47 33 20792
47 34 22992
47 35 30617
47 36 -1021
47 37 3233
47 38 41226
47 39 42943
47 40 32126
47 41 34716
47 42 30669
47 43 28189
47 44 37690
47 45 9462
47 46 22336
47 48 -471
47 49 36359
47 50 45822
47 51 26223
47 52 16963
47 53 35674
47 54 16955
47 55 50804
47 56 30690
47 57 10444
47 58 38454
47 59 31804
47 60 8243
47 61 1772
47 62 13401
47 63 25843
47 64 14769
47 65 49163
47 66 45363
47 67 24150
47 68 19807
47 69 -941
47 70 14363
47 71 8776
47 72 42317
47 73 20523
47 74 5387
47 75 22233
47 76 22666
48 1 16180
48 2 5200
48 3 29671
48 4 10023
48 5 -1050
48 6 14426
48 7 22132
48 8 17694
48 9 34741
48 10 38957
48 11 32592
48 12 26749
48 13 14981
48 14 27381
48 15 5577
48 16 23758
48 17 22671
48 18 43725
48 19 22857
48 20 9850
48 21 -2279
48 22 13396
48 23 28396
48 24 31252
48 25 44272
48 26 21987
48 27 7915
48 28 5679
48 29 791
48 30 -896
48 31 31473
48 32 33124
48 33 16416
48 34 17097
48 35 25095
48 36 5106
48 37 6649
48 38 35149
48 39 36652
48 40 25947
48 41 32885
48 42 29389
48 43 26017
48 44 31942
48 45 3682
48 46 16530
48 47 1454
48 49 31753
48 50 40019
48 51 20506
48 52 11646
48 53 30051
48 54 13477
48 55 44805
48 56 27758
48 57 9263
48 58 32168
48 59 27181
48 60 13784
48 61 4338
48 62 10813
48 63 21713
48 64 15042
48 65 43204
48 66 39723
48 67 17904
48 68 13794
48 69 5176
48 70 19103
48 71 14738
48 72 35993
48 73 17038
48 74 2269
48 75 15956
48 76 16356
49 1 9029
49 2 19033
49 3 4948
49 4 28841
49 5 38494
49 6 15955
49 7 32913
49 8 36260
49 9 16071
49 10 32849
49 11 38813
49 12 20473
49 13 45272
49 14 42243
49 15 43182
49 16 2091
49 17 17052
49 18 9571
49 19 43433
49 20 49630
49 21 29385
49 22 18640
49 23 790
49 24 -8207
49 25 17739
49 26 26108
49 27 36336
49 28 23579
49 29 36149
49 30 25275
49 31 16391
49 32 9921
49 33 9650
49 34 36045
49 35 39905
49 36 43054
49 37 46459
49 38 34960
49 39 22124
49 40 13448
49 41 17663
49 42 19842
49 43 13371
49 44 7212
49 45 33295
49 46 34522
49 47 39547
49 48 33016
49 50 10163
49 51 11362
49 52 35618
49 53 40388
49 54 40973
49 55 14859
49 56 -114
49 57 45364
49 58 27965
49 59 42441
49 60 52568
49 61 25129
49 62 18241
49 63 3616
49 64 11504
49 65 43842
49 66 44335
49 67 29933
49 68 24650
49 69 39049
49 70 58673
49 71 52750
49 72 26711
49 73 16343
49 74 27494
49 75 26085
49 76 23811
50 1 24874
50 2 28820
50 3 6076
50 4 32325
50 5 45693
50 6 23002
50 7 28574
50 8 34179
50 9 2234
50 10 20177
50 11 29039
50 12 14669
50 13 46660
50 14 35766
50 15 48118
50 16 13752
50 17 16845
50 18 -2677
50 19 40119
50 20 56605
50 21 40642
50 22 34372
50 23 19024
50 24 -14
50 25 -491
50 26 23882
50 27 38801
50 28 36472
50 29 42022
50 30 33070
50 31 -482
50 32 -491
50 33 22162
50 34 36476
50 35 35709
50 36 52884
50 37 54110
50 38 23664
50 39 9223
50 40 7970
50 41 35778
50 42 37655
50 43 30969
50 44 3758
50 45 38062
50 46 33943
50 47 49036
50 48 41308
50 49 10189
50 51 16356
50 52 36571
50 53 33389
50 54 40011
50 55 -2337
50 56 17848
50 57 49036
50 58 17674
50 59 34459
50 60 61888
50 61 39360
50 62 31785
50 63 18778
50 64 29368
50 65 31859
50 66 32879
50 67 29797
50 68 30701
50 69 50741
50 70 66935
50 71 62679
50 72 15279
50 73 30001
50 74 38036
50 75 29468
50 76 25422
51 1 8546
51 2 6965
51 3 3546
51 4 12197
51 5 24081
51 6 980
51 7 16770
51 8 19377
51 9 11056
51 10 22406
51 11 24809
51 12 7469
51 13 28424
51 14 26345
51 15 27508
51 16 1415
51 17 1615
51 18 17572
51 19 26648
51 20 35191
51 21 18794
51 22 16160
51 23 11835
51 24 7083
51 25 18994
51 26 9917
51 27 19626
51 28 15521
51 29 20808
51 30 11138
51 31 10960
51 32 7545
51 33 3447
51 34 19016
51 35 23493
51 36 30864
51 37 32438
51 38 22588
51 39 14723
51 40 2860
51 41 24466
51 42 24308
51 43 17809
51 44 5800
51 45 17309
51 46 17521
51 47 27019
51 48 19377
51 49 8970
51 50 13938
51 52 18638
51 53 25000
51 54 23944
51 55 19156
51 56 12494
51 57 29182
51 58 16063
51 59 26901
51 60 39936
51 61 18863
51 62 11811
51 63 5030
51 64 15138
51 65 31606
51 66 31213
51 67 12970
51 68 8991
51 69 28876
51 70 45169
51 71 40665
51 72 16723
51 73 10958
51 74 16161
51 75 9247
51 76 6785
52 1 25938
52 2 13833
52 3 27280
52 4 5192
52 5 9907
52 6 15955
52 7 5712
52 8 -235
52 9 25832
52 10 24556
52 11 15058
52 12 17075
52 13 3726
52 14 9371
52 15 7384
52 16 25932
52 17 17052
52 18 39789
52 19 5249
52 20 17370
52 21 15703
52 22 27524
52 23 34887
52 24 31987
52 25 36485
52 26 11289
52 27 -2727
52 28 20820
52 29 6554
52 30 8312
52 31 18324
52 32 27234
52 33 22418
52 34 2464
52 35 7304
52 36 20576
52 37 17003
52 38 19000
52 39 26257
52 40 18648
52 41 43620
52 42 41448
52 43 36440
52 44 28240
52 45 3406
52 46 317
52 47 18474
52 48 11232
52 49 33941
52 50 34868
52 51 19353
52 53 12403
52 54 -767
52 55 37203
52 56 35297
52 57 6791
52 58 18433
52 59 9409
52 60 25879
52 61 21844
52 62 22785
52 63 27230
52 64 29456
52 65 26412
52 66 22067
52 67 6540
52 68 14937
52 69 22293
52 70 29210
52 71 28699
52 72 23952
52 73 26239
52 74 17011
52 75 12103
52 76 9882
53 1 38265
53 2 28559
53 3 29602
53 4 19871
53 5 28879
53 6 26405
53 7 1665
53 8 4694
53 9 19901
53 10 10744
53 11 -3961
53 12 14934
53 13 18269
53 14 -4245
53 15 24993
53 16 32833
53 17 20766
53 18 37334
53 19 3845
53 20 34922
53 21 34131
53 22 42684
53 23 43437
53 24 34722
53 25 29902
53 26 13829
53 27 16150
53 28 37369
53 29 25533
53 30 25275
53 31 4516
53 32 25135
53 33 33318
53 34 15712
53 35 2262
53 36 39587
53 37 35530
53 38 2180
53 39 18878
53 40 17777
53 41 55391
53 42 54383
53 43 48407
53 44 28929
53 45 21921
53 46 10841
53 47 37426
53 48 29878
53 49 38952
53 50 31927
53 51 25956
53 52 12644
53 54 5891
53 55 29637
53 56 44091
53 57 22858
53 58 7653
53 59 -4567
53 60 44198
53 61 39553
53 62 37439
53 63 36506
53 64 43973
53 65 8091
53 66 3068
53 67 14719
53 68 27585
53 69 41294
53 70 47119
53 71 47476
53 72 15107
53 73 39103
53 74 34132
53 75 23067
53 76 18412
54 1 39008
54 2 26638
54 3 39720
54 4 18509
54 5 16066
54 6 29290
54 7 12298
54 8 5343
54 9 35609
54 10 30048
54 11 14872
54 12 27579
54 13 2992
54 14 5518
54 15 8979
54 16 39142
54 17 29344
54 18 51231
54 19 1045
54 20 17556
54 21 25012
54 22 39636
54 23 48229
54 24 44755
54 25 46299
54 26 22501
54 27 7042
54 28 32359
54 29 15601
54 30 20335
54 31 24116
54 32 38466
54 33 35727
54 34 15021
54 35 10262
54 36 26191
54 37 20159
54 38 22154
54 39 35292
54 40 29894
54 41 56671
54 42 54247
54 43 49498
54 44 40288
54 45 14710
54 46 11348
54 47 26193
54 48 20790
54 49 47023
54 50 46035
54 51 32386
54 52 6960
54 53 13377
54 55 46750
54 56 48631
54 57 5377
54 58 25371
54 59 2075
54 60 27560
54 61 31884
54 62 35329
54 63 40572
54 64 41614
54 65 27778
54 66 20508
54 67 18714
54 68 28257
54 69 28778
54 70 29914
54 71 32200
54 72 32099
54 73 39288
54 74 28412
54 75 25362
54 76 22759
55 1 39638
55 2 43308
55 3 20859
55 4 45202
55 5 59147
55 6 37297
55 7 37784
55 8 44172
55 9 10248
55 10 23516
55 11 33316
55 12 25454
55 13 57864
55 14 42355
55 15 60685
55 16 28606
55 17 29925
55 18 5359
55 19 48905
55 20 69733
55 21 55147
55 22 49190
55 23 32752
55 24 11888
55 25 483
55 26 35230
55 27 50778
55 28 51257
55 29 55216
55 30 47033
55 31 -4254
55 32 12702
55 33 37018
55 34 47992
55 35 44506
55 36 66980
55 37 67563
55 38 27354
55 39 16060
55 40 20099
55 41 49701
55 42 51878
55 43 45307
55 44 18355
55 45 51031
55 46 44966
55 47 63136
55 48 55212
55 49 24003
55 50 6781
55 51 30692
55 52 48024
55 53 40217
55 54 49844
55 56 30745
55 57 61049
55 58 23979
55 59 39179
55 60 75715
55 61 54209
55 62 46637
55 63 33533
55 64 43560
55 65 34163
55 66 34978
55 67 41513
55 68 44574
55 69 65234
55 70 80445
55 71 76722
55 72 21809
55 73 44866
55 74 52517
55 75 42665
55 76 38166
56 1 6440
56 2 22217
56 3 18546
56 4 35967
56 5 41133
56 6 23037
56 7 43669
56 8 45618
56 9 30278
56 10 46514
56 11 51292
56 12 33002
56 13 52068
56 14 53253
56 15 47268
56 16 11472
56 17 28227
56 18 22468
56 19 52982
56 20 51537
56 21 28627
56 22 13311
56 23 -3429
56 24 2750
56 25 31785
56 26 36842
56 27 42970
56 28 22115
56 29 40399
56 30 29047
56 31 30704
56 32 24142
56 33 13403
56 34 44479
56 35 50271
56 36 42865
56 37 48151
56 38 48121
56 39 36137
56 40 26470
56 41 6663
56 42 9868
56 43 5617
56 44 21217
56 45 38745
56 46 43421
56 47 40251
56 48 35394
56 49 6259
56 50 24195
56 51 21259
56 52 43347
56 53 51900
56 54 48954
56 55 27974
56 57 50269
56 58 41151
56 59 53827
56 60 52124
56 61 20640
56 62 17300
56 63 7168
56 64 300
56 65 57099
56 66 57289
56 67 39235
56 68 31159
56 69 36813
56 70 59261
56 71 51970
56 72 40336
56 73 16849
56 74 28573
56 75 34123
56 76 32902
57 1 33451
57 2 21217
57 3 41085
57 4 17246
57 5 4086
57 6 27334
57 7 20522
57 8 13285
57 9 41280
57 10 39576
57 11 27333
57 12 32472
57 13 3726
57 14 18905
57 15 -4498
57 16 37782
57 17 31447
57 18 54386
57 19 13656
57 20 3575
57 21 14016
57 22 31424
57 23 44749
57 24 44888
57 25 51868
57 26 26635
57 27 5357
57 28 23704
57 29 7426
57 30 14056
57 31 33547
57 32 42142
57 33 32058
57 34 17841
57 35 20342
57 36 12824
57 37 6233
57 38 33091
57 39 41803
57 40 33696
57 41 50598
57 42 47317
57 43 43604
57 44 42512
57 45 9759
57 46 15835
57 47 14338
57 48 11232
57 49 46070
57 50 49716
57 51 32280
57 52 9174
57 53 25000
57 54 33
57 55 52611
57 56 44602
57 58 33756
57 59 16216
57 60 13461
57 61 20934
57 62 28478
57 63 37402
57 64 32994
57 65 39704
57 66 33641
57 67 21691
57 68 25833
57 69 15518
57 70 15925
57 71 18126
57 72 39481
57 73 33943
57 74 20169
57 75 24993
57 76 23918
58 1 32209
58 2 26434
58 3 17753
58 4 21200
58 5 34599
58 6 21503
58 7 7205
58 8 13907
58 9 4868
58 10 -749
58 11 3850
58 12 4349
58 13 28484
58 14 10959
58 15 33449
58 16 23481
58 17 12676
58 18 22580
58 19 17503
58 20 43376
58 21 35947
58 22 39028
58 23 33926
58 24 21843
58 25 14608
58 26 10061
58 27 23167
58 28 36034
58 29 30444
58 30 26165
58 31 -7736
58 32 11206
58 33 27022
58 34 20353
58 35 13290
58 36 44499
58 37 42477
58 38 -642
58 39 3699
58 40 5957
58 41 47976
58 42 48010
58 43 41463
58 44 16230
58 45 26085
58 46 16412
58 47 41227
58 48 33016
58 49 27550
58 50 17233
58 51 18040
58 52 19695
58 53 8674
58 54 18906
58 55 14420
58 56 34363
58 57 32635
58 59 9145
58 60 51365
58 61 39277
58 62 34016
58 63 28358
58 64 38783
58 65 8305
58 66 8744
58 67 15373
58 68 25248
58 69 44945
58 70 55037
58 71 53511
58 72 -117
58 73 34100
58 74 34207
58 75 21067
58 76 15740
59 1 53942
59 2 43190
59 3 46101
59 4 33993
59 5 38366
59 6 42211
59 7 17476
59 8 16901
59 9 35115
59 10 23318
59 11 3072
59 12 31389
59 13 25265
59 14 -615
59 15 32051
59 16 49307
59 17 37271
59 18 52845
59 19 10332
59 20 40697
59 21 46022
59 22 57344
59 23 59856
59 24 51130
59 25 44263
59 26 30157
59 27 26691
59 28 51156
59 29 36436
59 30 38648
59 31 14710
59 32 41137
59 33 49230
59 34 29233
59 35 15780
59 36 48897
59 37 43243
59 38 13225
59 39 33899
59 40 34194
59 41 71316
59 42 69985
59 43 64247
59 44 45304
59 45 33908
59 46 24386
59 47 48053
59 48 41505
59 49 55502
59 50 47494
59 51 42354
59 52 24147
59 53 9930
59 54 9086
59 55 43096
59 56 60515
59 57 28571
59 58 22621
59 60 50738
59 61 52360
59 62 52249
59 63 52767
59 64 59028
59 65 15044
59 66 3199
59 67 29993
59 68 42727
59 69 51305
59 70 53042
59 71 55339
59 72 30111
59 73 54553
59 74 47461
59 75 38428
59 76 34159
60 1 35856
60 2 27809
60 3 52960
60 4 32064
60 5 10237
60 6 37716
60 7 41146
60 8 34670
60 9 57683
60 10 59734
60 11 49699
60 12 49280
60 13 26246
60 14 41793
60 15 11359
60 16 46471
60 17 45818
60 18 67013
60 19 36488
60 20 735
60 21 10709
60 22 29038
60 23 48921
60 24 53787
60 25 67480
60 26 43910
60 27 24471
60 28 23136
60 29 19448
60 30 22447
60 31 53108
60 32 56430
60 33 38493
60 34 36618
60 35 42134
60 36 4238
60 37 4938
60 38 54426
60 39 59212
60 40 49016
60 41 50263
60 42 45665
60 43 44244
60 44 55280
60 45 23992
60 46 35479
60 47 12933
60 48 16549
60 49 54070
60 50 63364
60 51 43830
60 52 29058
60 53 47136
60 54 23012
60 55 68073
60 56 47253
60 57 14257
60 58 53282
60 59 39179
60 61 13200
60 62 30362
60 63 43410
60 64 27378
60 65 61632
60 66 56294
60 67 39176
60 68 37123
60 69 2059
60 70 1371
60 71 421
60 72 57946
60 73 37884
60 74 23051
60 75 38871
60 76 39007
61 1 11421
61 2 12200
61 3 35331
61 4 26069
61 5 15480
61 6 22737
61 7 39237
61 8 36076
61 9 44767
61 10 53384
61 11 50023
61 12 39064
61 13 34131
61 14 46000
61 15 22882
61 16 26412
61 17 33330
61 18 48147
61 19 41839
61 20 21585
61 21 -593
61 22 2194
61 23 24042
61 24 31733
61 25 52296
61 26 36336
61 27 26988
61 28 1801
61 29 20000
61 30 13223
61 31 44084
61 32 40934
61 33 18087
61 34 34762
61 35 43189
61 36 11015
61 37 18865
61 38 51138
61 39 48031
61 40 36222
61 41 23064
61 42 18127
61 43 17809
61 44 38356
61 45 22247
61 46 34317
61 47 11772
61 48 12413
61 49 31941
61 50 46146
61 51 28067
61 52 30333
61 53 47801
61 54 32646
61 55 51877
61 56 21079
61 57 27040
61 58 46504
61 59 46111
61 60 18510
61 62 8017
61 63 21146
61 64 -608
61 65 59676
61 66 57195
61 67 33799
61 68 25248
61 69 2201
61 70 26966
61 71 18344
61 72 48892
61 73 15950
61 74 8767
61 75 29324
61 76 29974
62 1 -1593
62 2 685
62 3 20117
62 4 16918
62 5 16879
62 6 8895
62 7 29119
62 8 28049
62 9 30037
62 10 40325
62 11 39517
62 12 25454
62 13 30523
62 14 37673
62 15 23508
62 16 11229
62 17 19399
62 18 33000
62 19 34964
62 20 27034
62 21 4429
62 22 -1951
62 23 11356
62 24 17249
62 25 37143
62 26 24256
62 27 21803
62 28 -1846
62 29 17192
62 30 6351
62 31 29915
62 32 25849
62 33 2856
62 34 26276
62 35 34313
62 36 18576
62 37 23647
62 38 39179
62 39 33699
62 40 21815
62 41 14911
62 42 11810
62 43 7991
62 44 23169
62 45 16823
62 46 25731
62 47 15745
62 48 11232
62 49 17397
62 50 30915
62 51 13359
62 52 23618
62 53 38031
62 54 28435
62 55 36649
62 56 10083
62 57 26928
62 58 33587
62 59 38344
62 60 28016
62 61 361
62 63 6444
62 64 -419
62 65 48015
62 66 46527
62 67 23318
62 68 13438
62 69 13671
62 70 34846
62 71 27972
62 72 35194
62 73 825
62 74 4207
62 75 17790
62 76 18101
63 1 -1593
63 2 8692
63 3 8579
63 4 21200
63 5 28280
63 6 8178
63 7 29119
63 8 30773
63 9 20446
63 10 34434
63 11 37536
63 12 19860
63 13 37479
63 14 38685
63 15 33685
63 16 -1046
63 17 14317
63 18 19554
63 19 38138
63 20 39240
63 21 18188
63 22 8015
63 23 -40
63 24 3107
63 25 25395
63 26 22426
63 27 28378
63 28 12269
63 29 26637
63 30 15378
63 31 21203
63 32 14980
63 33 -910
63 34 29615
63 35 35573
63 36 32022
63 37 35953
63 38 35138
63 39 25322
63 40 14176
63 41 11927
63 42 12418
63 43 5660
63 44 11786
63 45 24462
63 46 28559
63 47 28670
63 48 22615
63 49 3255
63 50 18391
63 51 7061
63 52 28546
63 53 37581
63 54 34161
63 55 24028
63 56 434
63 57 36335
63 58 28412
63 59 39345
63 60 41547
63 61 13973
63 62 6927
63 64 3863
63 65 44163
63 66 43908
63 67 24422
63 68 16422
63 69 27758
63 70 47889
63 71 41647
63 72 28424
63 73 5045
63 74 16568
63 75 19257
63 76 18101
64 1 8546
64 2 21898
64 3 33993
64 4 38131
64 5 34599
64 6 28709
64 7 50072
64 8 49263
64 9 45941
64 10 59175
64 11 60150
64 12 44213
64 13 50940
64 14 58848
64 15 41954
64 16 24446
64 17 38165
64 18 42675
64 19 56145
64 20 42325
64 21 18860
64 22 3588
64 23 14085
64 24 23555
64 25 50297
64 26 44574
64 27 42556
64 28 14576
64 29 36932
64 30 27033
64 31 46686
64 32 40401
64 33 19408
64 34 47489
64 35 55470
64 36 31895
64 37 39331
64 38 59022
64 39 50708
64 40 39249
64 41 9032
64 42 4655
64 43 7991
64 44 37175
64 45 37474
64 46 46941
64 47 31530
64 48 29878
64 49 25077
64 50 42915
64 51 31103
64 52 44706
64 53 58982
64 54 49137
64 55 47989
64 56 7500
64 57 45861
64 58 52771
64 59 59540
64 60 39449
64 61 6153
64 62 13998
64 63 17797
64 65 67987
64 66 67011
64 67 44325
64 68 34409
64 69 23073
64 70 47987
64 71 39322
64 72 53406
64 73 18297
64 74 23362
64 75 38675
64 76 38752
65 1 45731
65 2 38374
65 3 31834
65 4 31060
65 5 42128
65 6 34389
65 7 13063
65 8 18189
65 9 17233
65 10 4021
65 11 -4890
65 12 18260
65 13 32182
65 14 6447
65 15 38798
65 16 37559
65 17 26276
65 18 34647
65 19 17503
65 20 48778
65 21 46092
65 22 51834
65 23 48055
65 24 35496
65 25 24804
65 26 21657
65 27 29496
65 28 47796
65 29 38433
65 30 36586
65 31 -6169
65 32 24650
65 33 40515
65 34 27992
65 35 15878
65 36 52709
65 37 49135
65 38 -4862
65 39 16060
65 40 20099
65 41 61878
65 42 61693
65 43 55249
65 44 30159
65 45 34462
65 46 23335
65 47 50129
65 48 42245
65 49 41620
65 50 29611
65 51 31776
65 52 25867
65 53 7305
65 54 19506
65 55 22797
65 56 48504
65 57 36776
65 58 6498
65 59 -239
65 60 57908
65 61 50642
65 62 46637
65 63 42302
65 64 52192
65 66 -4785
65 67 25134
65 68 37071
65 69 54059
65 70 60930
65 71 60942
65 72 12911
65 73 47255
65 74 45197
65 75 32549
65 76 27363
66 1 51194
66 2 42767
66 3 38546
66 4 34602
66 5 43917
66 6 39521
66 7 16150
66 8 19768
66 9 24447
66 10 11279
66 11 -4681
66 12 24467
66 13 32518
66 14 4566
66 15 39519
66 16 43783
66 17 32090
66 18 41919
66 19 16958
66 20 49231
66 21 49192
66 22 56635
66 23 54395
66 24 42523
66 25 32055
66 26 26554
66 27 31203
66 28 51917
66 29 40659
66 30 40116
66 31 212
66 32 31718
66 33 46016
66 34 30749
66 35 17353
66 36 54649
66 37 50312
66 38 1800
66 39 23246
66 40 26643
66 41 67726
66 42 67265
66 43 60962
66 44 37025
66 45 37041
66 46 25911
66 47 52557
66 48 44992
66 49 48341
66 50 36859
66 51 37611
66 52 27750
66 53 8510
66 54 18464
66 55 29840
66 56 54922
66 57 36941
66 58 13165
66 59 -5856
66 60 58798
66 61 54389
66 62 51377
66 63 48275
66 64 57444
66 65 1443
66 67 29002
66 68 41556
66 69 56418
66 70 61529
66 71 62352
66 72 19943
66 73 52429
66 74 48915
66 75 36977
66 76 31975
67 1 20641
67 2 10558
67 3 17733
67 4 2705
67 5 16045
67 6 8999
67 7 2497
67 8 3134
67 9 16327
67 10 17766
67 11 13119
67 12 7507
67 13 13567
67 14 11427
67 15 16018
67 16 17610
67 17 7378
67 18 29949
67 19 10471
67 20 25537
67 21 17794
67 22 24657
67 23 27510
67 24 22735
67 25 26872
67 26 1682
67 27 5956
67 28 19608
67 29 11852
67 30 8158
67 31 10676
67 32 17388
67 33 16029
67 34 3377
67 35 8068
67 36 25818
67 37 24120
67 38 14221
67 39 17130
67 40 8815
67 41 38063
67 42 36692
67 43 30969
67 44 18497
67 45 7462
67 46 1317
67 47 22588
67 48 14417
67 49 25183
67 50 25021
67 51 10612
67 52 3467
67 53 11405
67 54 7914
67 55 27619
67 56 28112
67 57 16235
67 58 11038
67 59 12182
67 60 32924
67 61 22237
67 62 19412
67 63 20033
67 64 26002
67 65 22606
67 66 20246
67 68 9576
67 69 26387
67 70 36861
67 71 34882
67 72 15474
67 73 21281
67 74 16768
67 75 5138
67 76 1125
68 1 9577
68 2 -520
68 3 14355
68 4 2985
68 5 13280
68 6 -324
68 7 13872
68 8 13503
68 9 19468
68 10 26312
68 11 24274
68 12 12301
68 13 19265
68 14 22696
68 15 16891
68 16 10134
68 17 7295
68 18 28337
68 19 20745
68 20 24375
68 21 9658
68 22 13311
68 23 18199
68 24 17295
68 25 28706
68 26 9367
68 27 10179
68 28 9014
68 29 10040
68 30 635
68 31 17472
68 32 17505
68 33 5656
68 34 11884
68 35 19304
68 36 20594
68 37 21658
68 38 24343
68 39 21859
68 40 10603
68 41 27192
68 42 25488
68 43 20032
68 44 16430
68 45 6831
68 46 11128
68 47 16762
68 48 8824
68 49 18417
68 50 24442
68 51 5150
68 52 10381
68 53 22788
68 54 15974
68 55 29197
68 56 18553
68 57 18894
68 58 19430
68 59 23433
68 60 29388
68 61 12203
68 62 8049
68 63 10550
68 64 14603
68 65 33060
68 66 31317
68 67 8093
68 69 19444
68 70 34436
68 71 30322
68 72 22049
68 73 10038
68 74 7360
68 75 2539
68 76 3020
69 1 23448
69 2 18277
69 3 43766
69 4 27106
69 5 8642
69 6 29059
69 7 39063
69 8 33998
69 9 50840
69 10 56052
69 11 49244
69 12 43389
69 13 28424
69 14 43097
69 15 14583
69 16 36057
69 17 38675
69 18 57542
69 19 38050
69 20 9405
69 21 -406
69 22 15619
69 23 36533
69 24 42774
69 25 59739
69 26 38978
69 27 23564
69 28 10960
69 29 16479
69 30 15120
69 31 48371
69 32 48329
69 33 27662
69 34 33992
69 35 41533
69 36 -213
69 37 8099
69 38 52211
69 39 53163
69 40 41975
69 41 36825
69 42 32056
69 43 31117
69 44 46455
69 45 20462
69 46 33330
69 47 6129
69 48 10321
69 49 42931
69 50 54597
69 51 35150
69 52 27852
69 53 46612
69 54 26610
69 55 59972
69 56 34322
69 57 18694
69 58 49242
69 59 42126
69 60 4439
69 61 -729
69 62 18397
69 63 32001
69 64 13382
69 65 60163
69 66 56294
69 67 35019
69 68 29559
69 70 13391
69 71 4377
69 72 52857
69 73 26305
69 74 13075
69 75 32549
69 76 33103
70 1 36335
70 2 27186
70 3 51804
70 4 29910
70 5 8158
70 6 36589
70 7 38007
70 8 31295
70 9 55647
70 10 56812
70 11 46091
70 12 47062
70 13 22477
70 14 37918
70 15 7751
70 16 45871
70 17 44048
70 18 65841
70 19 32643
70 20 -3463
70 21 11338
70 22 30298
70 23 49263
70 24 53322
70 25 65674
70 26 41511
70 27 21381
70 28 23767
70 29 17192
70 30 21239
70 31 50385
70 32 54829
70 33 38184
70 34 33769
70 35 38679
70 36 4742
70 37 2453
70 38 51171
70 39 56945
70 40 47132
70 41 51408
70 42 47007
70 43 45151
70 44 53966
70 45 21665
70 46 32479
70 47 12593
70 48 15408
70 49 53715
70 50 61951
70 51 42603
70 52 25929
70 53 43597
70 54 18906
70 55 66343
70 56 47930
70 57 10261
70 58 50494
70 59 35023
70 60 -5089
70 61 15196
70 62 30732
70 63 43292
70 64 29456
70 65 58194
70 66 52565
70 67 36653
70 68 35711
70 69 4551
70 71 2938
70 72 55422
70 73 37979
70 74 22843
70 75 37016
70 76 36971
71 1 30880
71 2 23345
71 3 48718
71 4 28811
71 5 7403
71 6 33526
71 7 38954
71 8 32894
71 9 54117
71 10 57142
71 11 48172
71 12 45937
71 13 25332
71 14 40841
71 15 10494
71 16 41912
71 17 42084
71 18 62744
71 19 35548
71 20 1939
71 21 5777
71 22 23943
71 23 43966
71 24 49127
71 25 63685
71 26 40802
71 27 22425
71 28 18152
71 29 16524
71 30 18434
71 31 50228
71 32 52498
71 33 33811
71 34 34131
71 35 40439
71 36 -353
71 37 3283
71 38 52307
71 39 55876
71 40 45350
71 41 45171
71 42 40566
71 43 39177
71 44 51143
71 45 21033
71 46 33172
71 47 8583
71 48 12620
71 49 49369
71 50 59272
71 51 39676
71 52 26995
71 53 45531
71 54 22769
71 55 64197
71 56 42216
71 57 14039
71 58 50545
71 59 38897
71 60 -4462
71 61 8151
71 62 25435
71 63 38627
71 64 22368
71 65 59783
71 66 54965
71 67 36251
71 68 33174
71 69 -2886
71 70 4515
71 72 54891
71 73 33041
71 74 18414
71 75 35283
71 76 35565
72 1 30323
72 2 26215
72 3 14064
72 4 22631
72 5 36600
72 6 20654
72 7 11091
72 8 17694
72 9 -113
72 10 1061
72 11 8655
72 12 3053
72 13 31979
72 14 15921
72 15 36259
72 16 20656
72 17 11337
72 18 17629
72 19 21990
72 20 46008
72 21 36631
72 22 37841
72 23 30740
72 24 17479
72 25 9702
72 26 11257
72 27 25952
72 28 35751
72 29 32401
72 30 26961
72 31 -9602
72 32 6658
72 33 25287
72 34 22992
72 35 17623
72 36 46064
72 37 44711
72 38 3554
72 39 -1301
72 40 2995
72 41 45428
72 42 45815
72 43 39143
72 44 12197
72 45 28003
72 46 19400
72 47 42563
72 48 34314
72 49 23769
72 50 12311
72 51 16173
72 52 22687
72 53 13601
72 54 23107
72 55 9723
72 56 31021
72 57 35833
72 58 -2644
72 59 14108
72 60 53502
72 61 39138
72 62 33096
72 63 25843
72 64 36891
72 65 12191
72 66 12995
72 67 17282
72 68 25340
72 69 46033
72 70 57438
72 71 55330
72 73 32703
72 74 34518
72 75 21604
72 76 16356
73 1 -4454
73 2 1420
73 3 15386
73 4 16800
73 5 20163
73 6 6239
73 7 27776
73 8 27694
73 9 25846
73 10 37217
73 11 37688
73 12 22213
73 13 31870
73 14 36859
73 15 26259
73 16 6287
73 17 16093
73 18 28038
73 19 34881
73 20 30799
73 21 9025
73 22 1032
73 23 7232
73 24 12308
73 25 32494
73 26 22102
73 27 22882
73 28 3065
73 29 19468
73 30 8158
73 31 26060
73 32 21321
73 33 -1894
73 34 26010
73 35 33472
73 36 22990
73 37 27438
73 38 36657
73 39 29824
73 40 17988
73 41 13216
73 42 11275
73 43 6038
73 44 18497
73 45 18232
73 46 25317
73 47 19827
73 48 14417
73 49 12459
73 50 26091
73 51 9466
73 52 24032
73 53 36655
73 54 29354
73 55 31838
73 56 6592
73 57 29353
73 58 30631
73 59 37608
73 60 32498
73 61 5254
73 62 -2215
73 63 1522
73 64 840
73 65 45593
73 66 44539
73 67 22147
73 68 12387
73 69 18539
73 70 39053
73 71 32538
73 72 31761
73 74 7808
73 75 16452
73 76 16356
74 1 8272
74 2 -589
74 3 24947
74 4 11516
74 5 6879
74 6 10229
74 7 24686
74 8 21849
74 9 32269
74 10 39251
74 11 35473
74 12 25454
74 13 21809
74 14 31801
74 15 13620
74 16 17710
74 17 20212
74 18 38831
74 19 28052
74 20 17220
74 21 -3161
74 22 5639
74 23 20823
74 24 24946
74 25 40912
74 26 22044
74 27 13668
74 28 -1846
74 29 7804
74 30 -1259
74 31 30625
74 32 29483
74 33 9650
74 34 20353
74 35 28803
74 36 9781
74 37 13849
74 38 36668
74 39 34930
74 40 23438
74 41 24823
74 42 21365
74 43 17976
74 44 27596
74 45 8604
74 46 19914
74 47 6309
74 48 1266
74 49 25228
74 50 35744
74 51 16287
74 52 16422
74 53 33302
74 54 20096
74 55 41107
74 56 19934
74 57 17197
74 58 32356
74 59 32134
74 60 19283
74 61 -311
74 62 2785
74 63 14663
74 64 7523
74 65 45153
74 66 42643
74 67 19252
74 68 11327
74 69 6927
74 70 25535
74 71 19529
74 72 35194
74 73 9426
74 75 15067
74 76 15740
75 1 13592
75 2 3905
75 3 14162
75 4 1090
75 5 14551
75 6 2193
75 7 9464
75 8 9694
75 9 16909
75 10 22251
75 11 19804
75 12 8919
75 13 17273
75 14 18487
75 15 16813
75 16 11897
75 17 5111
75 18 27682
75 19 17040
75 20 25250
75 21 13108
75 22 17772
75 23 21104
75 24 18263
75 25 26731
75 26 5080
75 27 8447
75 28 13338
75 29 10667
75 30 3435
75 31 13931
75 32 15976
75 33 9132
75 34 8432
75 35 15111
75 36 22990
75 37 22965
75 38 19971
75 39 18779
75 40 8216
75 41 31072
75 42 29626
75 43 23955
75 44 15712
75 45 6669
75 46 7400
75 47 19295
75 48 11093
75 49 19959
75 50 23316
75 51 5513
75 52 7654
75 53 18377
75 54 13186
75 55 27395
75 56 21624
75 57 18161
75 58 15356
75 59 19241
75 60 31243
75 61 16386
75 62 12508
75 63 13492
75 64 18976
75 65 28645
75 66 26845
75 67 3762
75 68 2646
75 69 22541
75 70 35848
75 71 32538
75 72 18420
75 73 14210
75 74 11207
75 76 -1260
END
NODE_CONSUMPTION
0 1 18
0 2 26
0 3 11
0 4 30
0 5 21
0 6 19
0 7 15
0 8 16
0 9 29
0 10 26
0 11 37
0 12 16
0 13 12
0 14 31
0 15 8
0 16 19
0 17 20
0 18 13
0 19 15
0 20 22
0 21 28
0 22 12
0 23 6
0 24 27
0 25 14
0 26 18
0 27 17
0 28 29
0 29 13
0 30 22
0 31 25
0 32 28
0 33 27
0 34 19
0 35 10
0 36 12
0 37 14
0 38 24
0 39 16
0 40 33
0 41 15
0 42 11
0 43 18
0 44 17
0 45 21
0 46 27
0 47 19
0 48 20
0 49 5
0 50 22
0 51 12
0 52 19
0 53 22
0 54 16
0 55 7
0 56 26
0 57 14
0 58 21
0 59 24
0 60 13
0 61 15
0 62 18
0 63 11
0 64 28
0 65 9
0 66 37
0 67 30
0 68 10
0 69 8
0 70 11
0 71 3
0 72 1
0 73 6
0 74 10
0 75 20
END
